true_index,peptide,hla,aff,oof_preds
1,AAPLSWSKDIYNYME,44,0.264442,0.35997641190521734
2,AASGADGTYDITKLG,44,0.176829,0.05597607901026261
3,AGALEVHAVKPVTEE,44,0.124501,0.17894767326029876
4,AGAWRTAAVELARAL,44,0.445788,0.3103958284588666
5,AGRFEVHAQTVEDEA,44,0.19580799999999998,0.3798235883310668
6,AKPDGKTDCTKEVEE,44,0.0,0.013765539597925565
7,ALKESWGAIWRIDTP,44,0.383115,0.588285335780398
8,ALRVIAGALEVHAVK,44,0.39857600000000004,0.4930897630859893
9,ALTKAITAMSEVQKV,44,0.131899,0.4456749137194192
10,APGAAAAPLSWSKDI,44,0.381152,0.13908355153361915
11,ASAAILGHDGTVWAQ,44,0.181074,0.0743301990712679
12,ATPPPPPPPQLGASP,44,0.038965,0.012320651660961562
13,ATSPTAEGGKATTEE,44,0.0,0.022403833863839123
14,ATTANVPPADKYKTF,44,0.0,0.09705486084442148
15,AVFEAALTKAITAMS,44,0.331127,0.6630448319695658
16,AVIRGKKGAGGITIK,44,0.260676,0.060618585180987554
17,AWASACGGTGKNTIV,44,0.091394,0.042939195165930005
18,AYVATVSEALRIIAG,44,0.321655,0.518264734656704
19,CGGTGKNTIVIPKGD,44,0.191452,0.07238903635915206
20,DGQGKAVWGKNSCAK,44,0.157669,0.06761646149824671
21,DIDLGRNEVVNDVST,44,0.187574,0.17359433025567497
22,DINASFRAAMATTAN,44,0.131132,0.30444687375607077
23,DITVKNCVLKKSTNG,44,0.18171500000000002,0.13305457412383276
24,DKLTGPFTVRYTTEG,44,0.12739,0.20795767872458273
25,EAAFNKAIKESTGGA,44,0.0,0.41608838280086036
26,EGHHLASAAIFGHDG,44,0.196885,0.3668888414405135
27,EGHHLASAAILGHDG,44,0.253467,0.17302022769428774
28,EITGIMKDFDEPGHL,44,0.03612,0.09895183241699151
29,ELKESWGAIWRIDTP,44,0.298428,0.5467506739705532
30,FDPYGATISATPESA,44,0.021087,0.18695988639459846
31,FEAAFNDAIKASTGG,44,0.017668,0.441708971838364
32,FLAVAVVLGLATSPT,44,0.182911,0.24504453108477103
33,FVVTGRVYCDPCRAG,44,0.12309,0.15477894762400043
34,GAVDIINKWQVVAPQ,44,0.316975,0.3664818225815885
35,GEVEIQFRRVKCKYP,44,0.307752,0.38022146654223643
36,GGACGYKDVDKPPFS,44,0.0,0.0877937377242117
37,GGGFGMLLRKYGIAA,44,0.21932100000000002,0.6027367064060756
38,GKGTLDGQGKAVWGK,44,0.160985,0.04311977526643204
39,GLSGEPKGGAESSSK,44,0.07886599999999999,0.03892458359460639
40,GLVPKLDAAYSVAYK,44,0.303711,0.2630728959889216
41,GPPVEASAAALAGDA,44,0.0,0.09646929106055101
42,GTKGEAKDVIPEGWK,44,0.124501,0.04020225708727037
43,HDYEGLSYRSLQPET,44,0.331127,0.42685088079535854
44,IHKASTVLAFPAGVC,44,0.186594,0.672412750419095
45,IITPTNVSHIQSAVV,44,0.103593,0.15438603786793284
46,IMRIKKLTITGKGTL,44,0.212998,0.18876098537810818
47,IPKGDFLTGPLNFTG,44,0.47376599999999996,0.5131125245874191
48,ISATPEWATPFPHRK,44,0.200217,0.25378891334870296
49,ITAMSEVQKVSQPAT,44,0.233668,0.22312712471869023
50,KAIKESTGGAYDTYK,44,0.142496,0.051419974275246375
51,KCKYPEGTKVTFHVE,44,0.072172,0.10064089562146868
52,KDKWIELKESWGAIW,44,0.565566,0.3319952108715463
53,KEVEEAWASACGGTG,44,0.202009,0.0937390863977757
54,KHLAVLVKYEGDTMA,44,0.329807,0.38518291482445305
55,KIEIDQDHQEEICEV,44,0.540673,0.041671642242158566
56,KKGAGGITIKKTGQA,44,0.053009,0.04060427226497926
57,KLTITGKGTLDGQGK,44,0.10884300000000001,0.07984589619772067
58,KNTIVIPKGDFLTGP,44,0.316406,0.21695958750021785
59,KPPFSGMTGCGNTPI,44,0.029339999999999998,0.07623353548225931
60,KSTNGLRIKSYEDAK,44,0.14875,0.3101363917794189
61,KTDCTKEVEEAWASA,44,0.21355500000000002,0.05980004873621619
62,KTVSEGAVDIINKWQ,44,0.180534,0.3452293927271216
63,KYDAYVATLSEALRI,44,0.550126,0.5796084449214215
64,KYKTFEAAFTVSSKR,44,0.456502,0.8392578817670525
65,LDGNLLSSNDLAKYK,44,0.400387,0.19281592883264262
66,LHFSEALRIIAGTPE,44,0.422178,0.8765608095724945
67,LSSNDLAKYKANWIE,44,0.158899,0.274432481585062
68,LSYRSLQPETFAVVD,44,0.7587689999999999,0.7236730936954291
69,LVKFVAGDGDVVAVD,44,0.131132,0.18390488714505515
70,LVKYEGDTMAEVELR,44,0.35883000000000004,0.18115878580297148
71,MASSSSVLLVVALFA,44,0.610155,0.17564798496697995
72,MASSSSVLLVVVLFA,44,0.47345600000000004,0.17992378652653732
73,MLLRKYGIAAENVID,44,0.167883,0.597185391296056
74,MVVERLGDYLVEQGM,44,0.49896899999999994,0.28831762555730395
75,NCVLKKSTNGLRIKS,44,0.447646,0.15256250598971338
76,NDAIKASTGGAYESY,44,0.179497,0.2702580962677745
77,NMVVERLGDYLVEQG,44,0.5837720000000001,0.2807952594153694
78,NPRQAYANYRDIDLG,44,0.206387,0.2289460657641252
79,NVSHIQSAVVCGRRH,44,0.09809,0.1755073903704198
80,NYLALLVKFVAGDGD,44,0.219719,0.5256411680042504
81,PAGVCPTIGVGGNFA,44,0.0,0.05679776206746704
82,PCKGDSVTIKLDGNL,44,0.043292000000000004,0.08848858366894109
83,PCRAGFETNVSHNVQ,44,0.15024,0.16596449400812274
84,PIIIDQKYCPNKICT,44,0.222962,0.12908933811110757
85,PIYIVTPTNASHIQS,44,0.131899,0.29939595226299764
86,PKGGAESSSKAALTS,44,0.172069,0.08471475050179739
87,PPPPQLGASPYKLGP,44,0.224838,0.14581288449317042
88,PQVKYAVFEAALTKA,44,0.619305,0.8654321467978406
89,PTLAFPAGVCPTIGV,44,0.190141,0.22961232331846504
90,PYGATISATPEWATP,44,0.16652899999999998,0.14816983601117514
91,QDHQEEICEVVLAKS,44,0.223583,0.16630859082111116
92,QFRRVKCKYPEGTKV,44,0.026588999999999998,0.1632669534880413
93,QGEPGAVIRGKKGAG,44,0.16534100000000002,0.1513190587367366
94,QGEPGRVIRGKKGAG,44,0.007615,0.14178220678604755
95,QKLIEDINASFRAAM,44,0.48500299999999996,0.5259185319851246
96,QKYCPNKICTSKGDS,44,0.071368,0.21000035683408672
97,QPCNGVTMNDVKIEY,44,0.349452,0.17875919360775144
98,RIDTPDKLTGPFTVR,44,0.068998,0.06030939160829472
99,RIIAGTLEVHAVKPA,44,0.49043100000000006,0.33719598566971853
100,RVIRGKKGAGGITIK,44,0.16312100000000002,0.0763683000459681
101,RVWEQIFSTWLLKPG,44,0.615911,0.7345395067017728
102,RVYCDPCRAGFETNV,44,0.21207600000000001,0.16374501455350096
103,SADEVQRMMAEIDTD,44,0.197202,0.18119065801626422
104,SFGIVVAWQVKLLPV,44,0.71265,0.6599895458670747
105,SHIQSAVVCGRRHGV,44,0.04478,0.15394974797201996
106,SSKAATAKAPGLVPK,44,0.172188,0.10950310372139876
107,STWLLKPGAGIMIFD,44,0.35530900000000004,0.41992009430644256
108,SVLLVVALFAVFLGS,44,0.329807,0.30619036600201377
109,SVRIRVRSGGHDYEG,44,0.129617,0.17209548051640092
110,SVTIKLDGNLLSSND,44,0.263158,0.30079867124386733
111,TAAVELARALVRAVA,44,0.282988,0.2692953982025345
112,TAKAPGLVPKLDAAY,44,0.234132,0.11489912423262726
113,TANVPPADKYKTLEA,44,0.0,0.09000475266218279
114,TDALRTLGSTSADEV,44,0.068222,0.18586548723267035
115,TLGSTSADEVQRMMA,44,0.038124,0.13122188265675172
116,TPTNASHIQSAVVCG,44,0.0,0.2735425223499759
117,TVAAAPQVKYAVFEA,44,0.443967,0.8006576617713613
118,TVLAFPAGVCPTIGV,44,0.304705,0.32522825150423496
119,VATLSEALRIIAGTL,44,0.295669,0.5199661522639729
120,VEDEARRMWASAQNI,44,0.154764,0.2382573319415345
121,VHAQTVEDEARRMWA,44,0.017444,0.08030152974605026
122,VKIEYSGTNNKTMAV,44,0.227183,0.26518559875644543
123,VKPLYIITPTNVSHI,44,0.343184,0.2739334786973594
124,VNYWFAPGAAAAPLS,44,0.35530900000000004,0.47367718044360974
125,VPPADKYKTFEAAFT,44,0.261892,0.5669030634750863
126,VRSGGHDYEGLSYRS,44,0.164864,0.10835512426223612
127,VSEALRIIAGTLEVH,44,0.576336,0.443688789894283
128,VTMNDVKIEYSGTNN,44,0.542619,0.22446193741184364
129,VVLGLATSPTAEGGK,44,0.034832,0.18381862758322554
130,WEQIFSTWLLKPGAG,44,0.615334,0.6633290467100221
131,WGAIWRIDTPDKLTG,44,0.076299,0.17005594834464957
132,WGAIWRIDTPEVLKG,44,0.24551399999999998,0.41216686114558365
133,YANYRDIDLGRNEVV,44,0.18535,0.19368513793736464
134,YGIAAENVIDVKLVD,44,0.19735899999999998,0.42818922418104516
135,YKDVDKPPFSGMTGC,44,0.047212,0.12574599028314
136,YTTEGGTKGEAKDVI,44,0.195348,0.021825118977613644
137,PKPPKPVSKMRMATPLLMQA,44,0.0,0.7714235605219911
138,SPEVIPMFSALSE,45,0.40995,0.1752850840378058
139,NTSYRLISCNTSVI,45,0.159522,0.2767782366323118
140,AAAGLAAAAPLESRQ,45,0.606049,0.6018075852622126
141,AAGAQLLWQLPLLSI,45,0.889067,0.354584492744501
142,AAGVAAWSLIALMIP,45,0.405382,0.5539524706164421
143,AALPLLFFALAGQRI,45,0.44603400000000004,0.48971485104375945
144,AAPLSWSKDIYNYME,45,0.242009,0.17599793216501755
145,AASGADGTYDITKLG,45,0.0,0.04483458810252161
146,AELMILIATNLLGQN,45,0.142205,0.42443303516779346
147,AFKVAAEAANAAPAN,45,0.6564939999999999,0.9467111486169785
148,AFKVAAKAANAAPAN,45,0.823385,0.9647239498013739
149,AFKVAAQAANAAPAN,45,0.796579,0.9671016988357232
150,AFKVAATAENAAPAN,45,0.6354380000000001,0.9823831122024954
151,AFKVAATAKNAAPAN,45,0.544325,0.9765382619377736
152,AFKVAATAQNAAPAN,45,0.612117,0.9764464143225047
153,AFKVAATAWNAAPAN,45,0.590683,0.9824889390462397
154,AFKVAATFANAAPAN,45,0.5812470000000001,0.9784533253208072
155,AFKVAATLANAAPAN,45,0.624654,0.9849534424886777
156,AFKVAATRANAAPAN,45,0.416422,0.9865691868430984
157,AFKVAATYANAAPAN,45,0.55323,0.9738234320389908
158,AFMLAWNYGVPRVMS,45,0.362713,0.4516371549250765
159,AGALEVHAVKPVTEE,45,0.15523,0.18867474382608446
160,AKPDGKTDCTKEVEE,45,0.0,0.012212965484131099
161,ALKESWGAIWRIDTP,45,0.0,0.33476950350121365
162,ALLPRAGAAAAAALP,45,0.999424,0.32859773397177144
163,ALQSHDDVALVSVMW,45,0.390547,0.20767292151384673
164,ALRVIAGALEVHAVK,45,0.6315810000000001,0.6689437188329551
165,ALTKAITAMSEVQKV,45,0.384407,0.47500460708973624
166,APGAAAAPLSWSKDI,45,0.031492,0.1751959119667941
167,AQAVYDFRSIVDYLR,45,0.3591,0.4387612478045527
168,AQIYQAVSAQAAAIH,45,0.486525,0.6726145248869967
169,ASAAILGHDGTVWAQ,45,0.0,0.12313113506306182
170,ATPPPPPPPQLGASP,45,0.0,0.016969309504631165
171,ATSPTAEGGKATTEE,45,0.0,0.02769289271890155
172,ATTANVPPADKYKTF,45,0.0,0.052850827476982845
173,AVFEAALTKAITAMS,45,0.285152,0.5859019128661245
174,AVHVWLRLPAGRVEI,45,0.526891,0.6326334936979036
175,AVIRGKKGAGGITIK,45,0.06775700000000001,0.13893255737218244
176,AVMLTFDNAGMWNVR,45,0.45528500000000005,0.23663848233453122
177,AWASACGGTGKNTIV,45,0.0,0.06994971054084988
178,AYGSFVRTVSLPVGA,45,0.914925,0.7762589830519954
179,AYVATVSEALRIIAG,45,0.069114,0.6690457349865835
180,CDASILIDPLSNQSA,45,0.398007,0.16302506436145742
181,CGGTGKNTIVIPKGD,45,0.0,0.0552291882069629
182,DEARRMWASAQNISG,45,0.626984,0.5449585283334398
183,DESWQQFRQELIPLL,45,0.4703,0.4468224927679245
184,DGQGKAVWGKNSCAK,45,0.0,0.05740846236950209
185,DIDLGRNEVVNDVST,45,0.09858,0.16242210691633566
186,DIFTNSRGKRASKGN,45,0.0,0.23088945395734564
187,DIKVQFQSGGNNSPA,45,0.0,0.09253959888765663
188,DINASFRAAMATTAN,45,0.270951,0.5487860112867784
189,DITVKNCVLKKSTNG,45,0.0,0.10920482085183826
190,DKLTGPFTVRYTTEG,45,0.079956,0.15056860377101622
191,DLVANQPNLKALREK,45,0.15573199999999998,0.20096121055842636
192,EAAFNKAIKESTGGA,45,0.389288,0.23578877975456886
193,EEFVSLASRFLVEED,45,0.58443,0.6932994865500235
194,EFVTLAAKFIIEEDS,45,0.205542,0.474772601010458
195,EGHHLASAAIFGHDG,45,0.102894,0.45972154995776876
196,EGHHLASAAILGHDG,45,0.165627,0.3206481774293828
197,EHELYVAVLSNALHR,45,0.7578090000000001,0.5338314311588093
198,EITGIMKDFDEPGHL,45,0.0,0.06451793364776323
199,ELKESWGAIWRIDTP,45,0.0,0.29250845807036496
200,ESLHNPYPDYHWLRT,45,0.080013,0.07710798734920123
201,ESTGGAYDTYKSIPS,45,0.23746399999999998,0.07136891515588942
202,EVVKANGGYLAAGKL,45,0.009434999999999999,0.21628096612814218
203,EYIEAAKWLLPPPKV,45,0.21866100000000002,0.45000292337968156
204,FAVATITHAAELQRV,45,0.269109,0.44700974374317315
205,FDHEFTFGWDELLSK,45,0.127735,0.23539629102875675
206,FDPYGATISATPESA,45,0.38074600000000003,0.11478292503656996
207,FDREFTFGWDELLSK,45,0.360005,0.23539629102875675
208,FEAAFNDAIKASTGG,45,0.040124,0.3141475345658319
209,FLAVAVVLGLATSPT,45,0.198328,0.41692070082670213
210,FLFQRAVAREAIIAL,45,0.8334440000000001,0.815157500244359
211,FPPNGTHSWEYWGAQ,45,0.035189,0.17240961926158838
212,FTSLEYIEAAKWLLP,45,0.437904,0.421749179865808
213,FVVTGRVYCDPCRAG,45,0.243902,0.15923424569922237
214,GAVDIINKWQVVAPQ,45,0.0,0.17552166294348087
215,GELEFEEFVSLASRF,45,0.175348,0.5737541018399606
216,GEVEIQFRRVKCKYP,45,0.23548899999999998,0.30975097618822967
217,GEVLNALAYDVPIPG,45,0.26078,0.2463945746386883
218,GGACGYKDVDKPPFS,45,0.0,0.05091730728578335
219,GGGFGMLLRKYGIAA,45,0.736047,0.5638193726103774
220,GGSILKISNKFHTKG,45,0.097093,0.2541801459449127
221,GGSILKISNKYHTKG,45,0.129565,0.17210969316838828
222,GKGTLDGQGKAVWGK,45,0.0,0.03340258473696304
223,GKIDFLNNYALFLSP,45,0.357781,0.2921811657512871
224,GLSGEPKGGAESSSK,45,0.13025599999999998,0.04424988991124635
225,GLVPKLDAAYSVAYK,45,0.29715199999999997,0.32678475259317646
226,GTKGEAKDVIPEGWK,45,0.0,0.023390044126366614
227,GWIISNIFGAIPVLA,45,0.243833,0.45779340861804224
228,GWIISNIFGAIPVLG,45,0.168256,0.42563688609273415
229,HDYEGLSYRSLQPET,45,0.036815,0.2845364755205478
230,HFSNVFRSVMAPFTM,45,0.807321,0.5724689927367888
231,HMAKEDLVANQPNLK,45,0.154915,0.10179127715244524
232,HSRNLINELSERMAG,45,0.210035,0.20848124125311895
233,IAAMMTSPLSVASMT,45,0.451029,0.37303292886682476
234,IASLFAAAGLAAAAP,45,0.619664,0.8662142207276607
235,IEFRFYKEITNVFRG,45,0.555459,0.5054878606915658
236,IGRIAETILGYNPSA,45,0.526093,0.4832729462237028
237,IHKASTVLAFPAGVC,45,0.247662,0.4253725269929441
238,IIELFTAKGFTVQEM,45,0.221375,0.27459594006711113
239,IITPTNVSHIQSAVV,45,0.116523,0.15014113889450476
240,IMRIKKLTITGKGTL,45,0.045328,0.2560691284522298
241,INLIIHYVDRPGALG,45,0.044445,0.23547552145442802
242,IPKGDFLTGPLNFTG,45,0.14940599999999998,0.19001326323612713
243,IPVMAYLVGLFAWVL,45,0.298651,0.543228768048283
244,ISATPEWATPFPHRK,45,0.066879,0.17158172043148187
245,ISDFRAAIANYHYDA,45,0.6672899999999999,0.33321867490569
246,ISGLKPGVDYTITVY,45,0.191523,0.08506747571672285
247,ITAMSEVQKVSQPAT,45,0.13911700000000002,0.20220210889997967
248,IVLNHMTGAQSGKGT,45,0.42467299999999997,0.11836980705394168
249,KAIKESTGGAYDTYK,45,0.159091,0.05050439558527578
250,KASNPNYLAILVKYV,45,0.263202,0.2232158724840834
251,KCKYPEGTKVTFHVE,45,0.0,0.06012414355720976
252,KDKWIELKESWGAIW,45,0.0,0.15775177941997898
253,KEVEEAWASACGGTG,45,0.0,0.19926178943570955
254,KEYTFPITLSSTSNP,45,0.144251,0.4647858729525203
255,KHLAVLVKYEGDTMA,45,0.008379000000000001,0.13050050403770905
256,KIEIDQDHQEEICEV,45,0.0,0.04385629045282732
257,KKGAGGITIKKTGQA,45,0.0,0.057362666278333155
258,KLTITGKGTLDGQGK,45,0.0,0.08412637803156472
259,KNTIVIPKGDFLTGP,45,0.057815,0.1094714833007461
260,KPPFSGMTGCGNTPI,45,0.0,0.03609911188402173
261,KSTNGLRIKSYEDAK,45,0.015979,0.24591537610136072
262,KTDCTKEVEEAWASA,45,0.1942,0.130877108135555
263,KTVSEGAVDIINKWQ,45,0.0,0.16774012240654745
264,KYDAYVATLSEALRI,45,0.129853,0.6717736726398347
265,KYKTFEAAFTVSSKR,45,0.473512,0.5180307079031564
266,LDGNLLSSNDLAKYK,45,0.040612999999999996,0.1220993443587079
267,LEKISNEIKIVATPD,45,0.20211400000000002,0.278679575453052
268,LHFSEALRIIAGTPE,45,0.170876,0.7672507437202234
269,LQSLWANFYELLADA,45,0.33429899999999996,0.4410959298861682
270,LRIAAKIYSEADEAW,45,0.41883000000000004,0.5856472453053323
271,LSSNDLAKYKANWIE,45,0.0,0.1495290135756968
272,LSYRSLQPETFAVVD,45,0.22330100000000003,0.511975662293283
273,LVKFVAGDGDVVAVD,45,0.0,0.1210706440731739
274,LVKYEGDTMAEVELR,45,0.353232,0.10839350209179781
275,LVSKLYEVVPGILTE,45,0.393779,0.1976251050413787
276,MAFLRSVSRLAAAVF,45,0.8138270000000001,0.78805824339541
277,MASSSSVLLVVALFA,45,0.0,0.19607200854712428
278,MASSSSVLLVVVLFA,45,0.0,0.18674721395839777
279,MGRDIKVQFQSGGAN,45,0.061690999999999996,0.12144863156979871
280,MLLRKYGIAAENVID,45,0.9153,0.5149659793333361
281,MSFVTTQPEALAAAA,45,0.5176810000000001,0.7403068694302793
282,MSQIMYNYPAMMAHA,45,0.48231499999999994,0.6193121417678732
283,MSQIMYNYPAMRAHA,45,0.360611,0.49993743460545265
284,MVVERLGDYLVEQGM,45,0.45641400000000004,0.26895402607923663
285,NCVLKKSTNGLRIKS,45,0.188605,0.1728373072862819
286,NDAIKASTGGAYESY,45,0.301564,0.15855654513373907
287,NFTVGRIIELFTAKG,45,0.346437,0.5802565403392421
288,NHFFNHHKVMLLGHD,45,0.19556099999999998,0.4062710770264829
289,NHFFNHHKVMLLGHS,45,0.705832,0.4062710770264829
290,NLNIKLNMPLYIAGN,45,0.577855,0.24902141999536412
291,NMVVERLGDYLVEQG,45,0.44473,0.21411923817567005
292,NPRQAYANYRDIDLG,45,0.079072,0.25165917230963786
293,NVSHIQSAVVCGRRH,45,0.514004,0.3253939055577352
294,NYLALLVKFVAGDGD,45,0.269327,0.2542413485353216
295,PAAAYATATPAAATA,45,0.593846,0.18557194004837402
296,PAGVCPTIGVGGNFA,45,0.0,0.03825293053130323
297,PALLALLALPALLLL,45,0.21320799999999998,0.14899996420689582
298,PCKGDSVTIKLDGNL,45,0.0,0.05161678236611445
299,PCRAGFETNVSHNVQ,45,0.08287699999999999,0.1216553262229949
300,PEQIQLLKKAFDAFD,45,0.040813999999999996,0.23826711880541276
301,PIIIDQKYCPNKICT,45,0.0,0.07579525681208076
302,PIYIVTPTNASHIQS,45,0.11793,0.255371538578903
303,PKGGAESSSKAALTS,45,0.06714500000000001,0.1446792479078072
304,PLYKLVHVFINTQYA,45,0.431679,0.3265693202997165
305,PPPPQLGASPYKLGP,45,0.139974,0.09189262972162343
306,PQVKYAVFEAALTKA,45,0.390984,0.8095549310631032
307,PSMGRDIKVQFQSGG,45,0.040092,0.20860195681806235
308,PSPSMGRDIKVQFQS,45,0.293522,0.12759169938368597
309,PTLAFPAGVCPTIGV,45,0.019219999999999998,0.09456352094178769
310,PYGATISATPEWATP,45,0.0,0.15932866872997384
311,QDHQEEICEVVLAKS,45,0.35073000000000004,0.11255792484032957
312,QEVFKAIQSLKTTEV,45,0.312922,0.3542313097734622
313,QFRRVKCKYPEGTKV,45,0.0,0.12731050714311834
314,QGEPGAVIRGKKGAG,45,0.036071,0.16420091632537642
315,QGEPGRVIRGKKGAG,45,0.21414499999999997,0.2129658530973599
316,QIHQYIMALREEYFD,45,0.818608,0.5266779233856311
317,QKLIEDINASFRAAM,45,0.116052,0.28058835989249536
318,QKYCPNKICTSKGDS,45,0.0,0.0957636178289085
319,QLSALWARFPLPVIP,45,0.552162,0.6580404231558648
320,QLYSKFLLKAEPLAF,45,0.6122810000000001,0.5981108113399803
321,QPCNGVTMNDVKIEY,45,0.0,0.09176987583193286
322,QPNLKALREKVLGLP,45,0.06966499999999999,0.3081383913958304
323,QVPSASMGRDIKVQF,45,0.484756,0.19107427822681539
324,RCALHWFPGSHLLAC,45,0.081867,0.3340305833706259
325,RCALHWFPGSHLLHV,45,0.187566,0.5247426137902581
326,RIDTPDKLTGPFTVR,45,0.0,0.04514892367499296
327,RIIAGTLEVHAVKPA,45,0.123002,0.45444991886218833
328,RLEFDEFVTLAAKFI,45,0.5529470000000001,0.45568181529693574
329,RMFSSTLRAAVPWYA,45,0.621678,0.7709123559640121
330,RSRPRRTTRRMDRRT,45,0.445876,0.3590897396815192
331,RVIRGKKGAGGITIK,45,0.0,0.1985273730910363
332,RVWEQIFSTWLLKPG,45,0.135183,0.4500976308109928
333,RVYCDPCRAGFETNV,45,0.180805,0.08135088706136831
334,SADEVQRMMAEIDTD,45,0.11679,0.22383282470997543
335,SFGIVVAWQVKLLPV,45,0.039287,0.33837523696576877
336,SGTVDFDEFMEMMTG,45,0.0,0.18654264997467548
337,SHIQSAVVCGRRHGV,45,0.675392,0.406496654631446
338,SSKAATAKAPGLVPK,45,0.569138,0.3018524284202602
339,SSYAATEVANAAAAS,45,0.44026400000000004,0.811197369976109
340,SSYAATEVANAAAGQ,45,0.413191,0.6942314853582405
341,STWLLKPGAGIMIFD,45,0.046096,0.20138254148525184
342,SVLLVVALFAVFLGS,45,0.0,0.11461488566714462
343,SVRIRVRSGGHDYEG,45,0.04621,0.31854584929494834
344,SVTIKLDGNLLSSND,45,0.201719,0.19009490737933207
345,TAKAPGLVPKLDAAY,45,0.036893,0.11215733428375647
346,TANVPPADKYKTLEA,45,0.0,0.04964095811903842
347,TDALRTLGSTSADEV,45,0.329235,0.281193667467821
348,TIAAMMTSPLSVASM,45,0.46032399999999996,0.3312804461613893
349,TKKFDEVVKANGGYL,45,0.23338499999999998,0.09848460723724284
350,TLGSTSADEVQRMMA,45,0.153328,0.1653674255530315
351,TPTNASHIQSAVVCG,45,0.0,0.33329566902805946
352,TVAAAPQVKYAVFEA,45,0.550283,0.5988047667754333
353,TVLAFPAGVCPTIGV,45,0.0,0.15344974264005712
354,VATLSEALRIIAGTL,45,0.024031999999999998,0.5965006787316702
355,VDLAKSLRIAAKIYS,45,0.554089,0.6496723758857418
356,VKIEYSGTNNKTMAV,45,0.0,0.16990426817130236
357,VKPLYIITPTNVSHI,45,0.43278199999999994,0.20788322284707286
358,VNYWFAPGAAAAPLS,45,0.041289,0.5459402317643763
359,VPPADKYKTFEAAFT,45,0.046241000000000004,0.25586744129960415
360,VRSGGHDYEGLSYRS,45,0.0,0.08347073923308111
361,VSEALRIIAGTLEVH,45,0.06712699999999999,0.5255463583527692
362,VTMNDVKIEYSGTNN,45,0.0,0.09302805747481901
363,VTVDAAVLAAIDADA,45,0.554089,0.289333732838259
364,VVLGLATSPTAEGGK,45,0.06507,0.19566461639398472
365,VVSRLLIPVPFDPPA,45,0.9121469999999999,0.37562201074651075
366,WEQIFSTWLLKPGAG,45,0.0,0.2838555971325557
367,WGAIWRIDTPDKLTG,45,0.009984999999999999,0.11460589946324265
368,WGAIWRIDTPEVLKG,45,0.324763,0.3715174353976122
369,YANYRDIDLGRNEVV,45,0.107573,0.18882930402402592
370,YGIAAENVIDVKLVD,45,0.31245500000000004,0.36281865915605604
371,YKDVDKPPFSGMTGC,45,0.0,0.05574472906020635
372,YKKLRTSSFALNLPT,45,0.9140659999999999,0.7054663892039046
373,YTTEGGTKGEAKDVI,45,0.0,0.020232921628804496
374,LNKIVRMYSPVSILDI,45,0.746383,0.6461963324568675
375,SPEVIPMFSALSEGAT,45,0.41836899999999994,0.31554770635737456
376,NVTENFNMWKNNMVEQMH,45,0.196012,0.253891086726713
377,SELYLYKVVKIEPLGVAP,45,0.21067199999999997,0.44259051183438747
378,YVDRFYKTLRAEQASQEV,45,0.516286,0.7267697418460709
379,GEIYKRWIILGLNKIVRMY,45,0.315207,0.6233469626405413
380,WEALKYLWNLLQYWGQELK,45,0.048510000000000005,0.504596395081368
381,EAKYDAYVATLSEALRIIAG,45,0.33042699999999997,0.7167215852296581
382,GFGMLLRKYGIAAENVIDVK,45,0.72547,0.6514861227229091
383,KDKWIELKESWGAIWRIDTP,45,0.09561499999999999,0.5076718715898852
384,KRWIILGLNKIVRMYSPTSI,45,0.562627,0.7212121072365056
385,LYKYKVVKIEPLGVAPTKAK,45,0.436408,0.6561298100274513
386,VATLSEALRIIAGTLEVHAV,45,0.449563,0.7489533111681206
387,WGAIWRIDTPDKLTGPFTVR,45,0.079368,0.2832928357358529
388,YIITPTNVSHIQSAVVSGRR,45,0.560419,0.5306713052310269
389,DMTPADALDD,46,0.0,0.008609685366367024
390,EIVDLMCHAT,46,0.33263200000000004,0.020956265107028922
391,EVDMTPADAL,46,0.0,0.011493760103685776
392,KMMGVPLQCSA,46,0.137481,0.04846317152983144
393,LVEALYLVCGE,46,0.40075,0.13053760027877856
394,MSSGSFINISV,46,0.14547000000000002,0.06489187320256114
395,GVTYEIDLTNKN,46,0.0,0.09023344918043234
396,AAFPSDSWCYFAA,46,0.077459,0.1404268856198229
397,SPEVIPMFSALSE,46,0.31369400000000003,0.22828477533393757
398,KPLLIIAEDVEGEY,46,0.394477,0.3144205307941673
399,LDHILEPSIPYKSK,46,0.0,0.24101458417570248
400,NTSYRLISCNTSVI,46,0.20748000000000003,0.17632154815181725
401,PLYRYLGGCFACSL,46,0.722939,0.48207560209559314
402,AAAAPAAVGAAVGGT,46,0.32059299999999996,0.012117482890644567
403,AAAGLAAAAPLESRQ,46,0.018993,0.13640031534194097
404,AAATAGDTVYGAFAA,46,0.145378,0.0508468430810374
405,AAATAGITVYGAFAA,46,0.115345,0.2070177154922208
406,AAATAGPTVYGAFAA,46,0.0364,0.03932487037822589
407,AAATAGTCVYGAFAA,46,0.497576,0.06418530659501362
408,AAATAGTHVYGAFAA,46,0.138938,0.1107102764061264
409,AAATAGTNVYGAFAA,46,0.029835000000000004,0.0837529808498423
410,AAATAGTTAYGAFAA,46,0.083864,0.040862390107909916
411,AAATAGTTGYGAFAA,46,0.0,0.013705927506228538
412,AAATAGTTMYGAFAA,46,0.182791,0.03315063674280965
413,AAATAGTTSYGAFAA,46,0.0,0.023479554683391024
414,AAATAGTVVYGAFAA,46,0.25259899999999996,0.07471447734799035
415,AAATAGYTVYGAFAA,46,0.470657,0.3399082768269289
416,AAGAQLLWQLPLLSI,46,0.622294,0.5376528324486609
417,AAGDFWGGAGSAACQ,46,0.12645399999999998,0.03791400662098811
418,AAGVAAWSLIALMIP,46,0.43541199999999997,0.5660753473651008
419,AAIVNKLKAILVDLE,46,0.26272199999999996,0.2607976154854039
420,AALPLLFFALAGQRI,46,0.496021,0.8575118067555291
421,AAPEAARSLASSLPG,46,0.105261,0.15047190906716626
422,AAPLSWSKDIYNYME,46,0.237085,0.22276588989989354
423,AASDFWGGAGSAACQ,46,0.196659,0.05763228833403574
424,AASGADGTYDITKLG,46,0.046283,0.05037723788623198
425,AAVELARALVRAVAE,46,0.267233,0.06664435014889808
426,ADNSLDYAANFSHML,46,0.421037,0.3710735562101526
427,ADVQYDLYLNVANRR,46,0.9484799999999999,0.4593899614396978
428,AELMILIATNLLGQN,46,0.367177,0.44232108943341475
429,AFEGVFGHLAATAVP,46,0.28835900000000003,0.7033384699789687
430,AFMLAWNYGVPRVMS,46,0.20994899999999997,0.650247102473459
431,AGALEVHAVKPVTEE,46,0.139012,0.15070727032714695
432,AGAWRTAAVELARAL,46,0.339072,0.18384367985680128
433,AGRFEVHAQTVEDEA,46,0.02106,0.44207468990743437
434,AGWDTVLQSITTILA,46,0.292064,0.3060712716815527
435,AHARSYQTLSTQAAA,46,0.025557,0.254744146086562
436,AINIFNVEKYGAVGD,46,0.41125500000000004,0.4402175365795385
437,AKPDGKTDCTKEVEE,46,0.0,0.01508548975971378
438,ALKESWGAIWRIDTP,46,0.176395,0.3735173698444881
439,ALLPRAGAAAAAALP,46,0.18773199999999998,0.021655385332715334
440,ALQSHDDVALVSVMW,46,0.167552,0.16443652960277108
441,ALRVIAGALEVHAVK,46,0.306256,0.2640311551971124
442,ALSDADWHFIADPAS,46,0.25251,0.13929314972255386
443,ALSDPYLSFAAALNG,46,0.266571,0.5914785616776265
444,ALTKAITAMSEVQKV,46,0.18977,0.37615345756463103
445,APGAAAAPLSWSKDI,46,0.0,0.07926717941661529
446,AQAVYDFRSIVDYLR,46,0.165431,0.611709282100475
447,AQIYQAVSAQAAAIH,46,0.17843299999999998,0.13565244951194957
448,AQVRADRILALDADP,46,0.622854,0.09958366677534909
449,ARRRRASEAPPTSHR,46,0.014435,0.06157429377681848
450,ARWVYFLTRMRNPTG,46,0.523574,0.7241451985389198
451,ASAAILGHDGTVWAQ,46,0.142678,0.06476793583917415
452,ASEAPPTSHRRASRQ,46,0.7146399999999999,0.06135643326894219
453,ASNPNYLAILVKYVD,46,0.347952,0.26877036235385005
454,ATPPPPPPPQLGASP,46,0.0,0.00949294880752246
455,ATSPTAEGGKATTEE,46,0.0,0.019959750705143293
456,ATTANVPPADKYKTF,46,0.0,0.06805666373423584
457,AVFEAALTKAITAMS,46,0.228775,0.7114248742994757
458,AVFEAALTKAITAMT,46,0.122734,0.7615806371212739
459,AVHVWLRLPAGRVEI,46,0.359124,0.44437779645755704
460,AVIRGKKGAGGITIK,46,0.140786,0.04235939686907274
461,AVMLTFDNAGMWNVR,46,0.525171,0.4531434744238433
462,AWASACGGTGKNTIV,46,0.0,0.03168599717671209
463,AWMSAAATQAEQAAT,46,0.103317,0.03956239454375359
464,AYGSFVRTVSLPVGA,46,0.556135,0.8708972463888959
465,AYSDDKSMKVTVAFN,46,0.202904,0.2625290446987645
466,AYVATVSEALRIIAG,46,0.196515,0.47715376637038087
467,CADILAIASRVLVTM,46,0.266447,0.5776921716336736
468,CDASILIDPLSNQSA,46,0.10651600000000001,0.23635825531898924
469,CDGERPTLAFLQDVM,46,0.030136000000000003,0.6074458145498637
470,CGGTGKNTIVIPKGD,46,0.0,0.05115433397415998
471,CGYKDVDKPPFDGMT,46,0.24195300000000003,0.088027701693722
472,DALTLRTATNIWIDH,46,0.206469,0.17267967966858253
473,DCSEYPKPDCTAEDR,46,0.0,0.02689074034654122
474,DDRITKARWVYFLTR,46,0.552215,0.7004792594223842
475,DEARRMWASAQNISG,46,0.44274600000000003,0.16007728629921025
476,DESWQQFRQELIPLL,46,0.5866560000000001,0.7067611494459517
477,DGQGKAVWGKNSCAK,46,0.0,0.0359234888905903
478,DHTNFKYNYSVIEGG,46,0.273901,0.43501063318493194
479,DIDLGRNEVVNDVST,46,0.020128999999999998,0.12114524464071547
480,DIKVQFQSGGNNSPA,46,0.0,0.19544116197860828
481,DINASFRAAMATTAN,46,0.147321,0.23463070349927184
482,DITVKNCVLKKSTNG,46,0.0,0.10860157115655632
483,DKISDVSTIVPYIGP,46,0.132128,0.1401737727234776
484,DKKCIEWEKAQHGAC,46,0.15076099999999998,0.17413521079608107
485,DKLTGPFTVRYTTEG,46,0.044015,0.1873705305731475
486,DLVANQPNLKALREK,46,0.074465,0.13915180134423652
487,DRASYRAHWQDDDVT,46,0.107982,0.07614810669446474
488,DVFYNGAYFVSSGKY,46,0.518252,0.7353877380011125
489,DVLSQPMLPHTWDGS,46,0.193245,0.15514752065528117
490,EAAFNKAIKESTGGA,46,0.0,0.24362926748531513
491,EDPLFQLVSKLYEVV,46,0.8282579999999999,0.8281012009024716
492,EEFVSLASRFLVEED,46,0.686888,0.7917012800092105
493,EEVDMTPADALDDFD,46,0.074537,0.09885137104782848
494,EFIPMKSSWGAIWRI,46,0.21705700000000003,0.5181625645076341
495,EFVTLAAKFIIEEDS,46,0.57619,0.7652226585921934
496,EGHHLASAAIFGHDG,46,0.092139,0.29062085763246015
497,EGHHLASAAILGHDG,46,0.290087,0.10417650687457745
498,EHELYVAVLSNALHR,46,0.374551,0.4921781585618501
499,EITGIMKDFDEPGHL,46,0.0,0.11609277506050045
500,EKKYFAAFQFEPLAA,46,0.959512,0.9966907877662137
501,EKKYFAALQFEPLAA,46,1.0,0.9968785927699264
502,EKKYFAARQFEPLAA,46,0.8717940000000001,0.9959694654552765
503,EKKYFAATEFEPLAA,46,1.0,0.9928252145018206
504,EKKYFAATKFEPLAA,46,1.0,0.9915858312821202
505,EKKYFAATQAEPLAA,46,0.651782,0.9842539547529799
506,EKKYFAATQCEPLAA,46,0.670438,0.9871399601694789
507,EKKYFAATQDEPLAA,46,0.485059,0.9874530787039212
508,EKKYFAATQEEPLAA,46,0.467026,0.9887477510873237
509,EKKYFAATQGEPLAA,46,0.744887,0.9924492659259395
510,EKKYFAATQHEPLAA,46,0.567904,0.9925636551697099
511,EKKYFAATQIEPLAA,46,0.800856,0.9929896061905187
512,EKKYFAATQKEPLAA,46,0.442162,0.9892816052793232
513,EKKYFAATQLEPLAA,46,0.862785,0.9944615005815198
514,EKKYFAATQMEPLAA,46,0.9287790000000001,0.9933121304140579
515,EKKYFAATQNEPLAA,46,0.5079819999999999,0.9914356127021939
516,EKKYFAATQPEPLAA,46,0.556743,0.9874226018283141
517,EKKYFAATQQEPLAA,46,0.68517,0.9867574650847437
518,EKKYFAATQREPLAA,46,0.40719,0.9889991002392607
519,EKKYFAATQSEPLAA,46,0.62115,0.9888762354560414
520,EKKYFAATQTEPLAA,46,0.41798199999999996,0.9844904001122075
521,EKKYFAATQVEPLAA,46,0.645246,0.9881486416168084
522,EKKYFAATQWEPLAA,46,0.963076,0.9924708267630165
523,EKKYFAATQYEPLAA,46,1.0,0.989738637324677
524,EKKYFAATWFEPLAA,46,1.0,0.9963144885960467
525,EKKYFACTQFEPLAA,46,0.9638260000000001,0.9969529470129733
526,EKKYFAHTQFEPLAA,46,1.0,0.996406691992437
527,EKKYFANTQFEPLAA,46,1.0,0.9917130774217513
528,EKKYFATTQFEPLAA,46,1.0,0.9968614530145072
529,ELAAVSVDCSEYPKP,46,0.130396,0.06531297732206219
530,ELKESWGAIWRIDTP,46,0.233952,0.3538483211734274
531,ELYKYKVVKIEPLGV,46,0.602589,0.5110341291455202
532,EPAYFATAESVRDHL,46,0.047366000000000005,0.6366971843826522
533,EQCGRQAGGKLCPNN,46,0.036649,0.031041540931814843
534,ESTGGAYDTYKSIPS,46,0.45333599999999996,0.09672177041024821
535,ESWGAVWRIDTPDKL,46,0.0,0.277591204422095
536,EVDMTPADALDDFDL,46,0.162671,0.09357280265743502
537,EVLGFRMVQDERVGR,46,0.365658,0.34856145818724105
538,EVVKANGGYLAAGKL,46,0.554987,0.09866456532281588
539,EVYEARLTKFKYLAG,46,0.45615200000000006,0.719699335007516
540,EYIEAAKWLLPPPKV,46,0.723881,0.46892176340626124
541,EYLNKIQNSLSTEWS,46,0.268216,0.19306257388867937
542,FAVATITHAAELQRV,46,0.665551,0.3086643709405935
543,FDHEFTFGWDELLSK,46,0.38982100000000003,0.6845328400296211
544,FDPYGATISATPESA,46,0.45381000000000005,0.08842814658989703
545,FDREFTFGWDELLSK,46,0.391882,0.6369033701433627
546,FEAAFNDAIKASTGG,46,0.052248,0.2360804365035795
547,FLAVAVVLGLATSPT,46,0.049132999999999996,0.23626427150116894
548,FLFQRAVAREAIIAL,46,0.373602,0.7756322282781214
549,FPPNGTHSWEYWGAQ,46,0.028277999999999998,0.2309100628538548
550,FTSLEYIEAAKWLLP,46,0.413803,0.573852188438148
551,FVNQHLCGSHLVEAL,46,0.136047,0.26030066961551457
552,FVVTGRVYCDPCRAG,46,0.0,0.15173989241398503
553,GAVDIINKWQVVAPQ,46,0.331295,0.2006308277962139
554,GAYFVSSGKYEGGNI,46,0.221229,0.5646103487781989
555,GELEFEEFVSLASRF,46,0.613388,0.8025468343020746
556,GEVEIQFRRVKCKYP,46,0.172434,0.24058477771058204
557,GEVLNALAYDVPIPG,46,0.243635,0.2795559395434069
558,GGACGYKDVDKPPFS,46,0.045533,0.05672498431133563
559,GGGFGMLLRKYGIAA,46,0.140438,0.4719065360456196
560,GGSILKISNKFHTKG,46,0.091879,0.40299814230371434
561,GGSILKISNKYHTKG,46,0.106647,0.2056360554620093
562,GHAYLLLPNTESARK,46,0.589098,0.5050720224251639
563,GKGTLDGQGKAVWGK,46,0.0,0.031317752118307465
564,GKIDFLNNYALFLSP,46,0.519339,0.7052636757473162
565,GLSGEPKGGAESSSK,46,0.0,0.01966844689671737
566,GLVPKLDAAYSVAYK,46,0.30077800000000005,0.26109948938549576
567,GMTGMLWETSLLDPE,46,0.324077,0.3708518819855187
568,GNIVAVDIKPKDSDE,46,0.0,0.0720520854062444
569,GPAPADVQYDLYLNV,46,0.748857,0.21086379961514698
570,GPGAPADVQYDLYLN,46,0.533146,0.2257705023255674
571,GPPVEASAAALAGDA,46,0.0,0.04816859685473372
572,GRKRPIVRILRRVHH,46,0.346112,0.4126816347133938
573,GTKGEAKDVIPEGWK,46,0.0,0.021468288881132704
574,GVLKNEFMSLAFDYW,46,0.805856,0.5469429401203662
575,GWIISNIFGAIPVLA,46,1.0,0.5893968249631153
576,GWIISNIFGAIPVLG,46,0.816649,0.4711445688689143
577,HAYYLQYKNVRPDYL,46,0.212112,0.4380780699238221
578,HDYEGLSYRSLQPET,46,0.389631,0.2778014253669599
579,HFSNVFRSVMAPFTM,46,0.8278840000000001,0.7522416548391481
580,HGRQIRMAKLLGRDP,46,0.43599499999999997,0.31512105870664403
581,HMAKEDLVANQPNLK,46,0.0,0.12548543429160527
582,HSLLRTQRLHKFLVC,46,0.474455,0.674791617480893
583,HSRNLINELSERMAG,46,0.106031,0.2277754447598557
584,IAAMMTSPLSVASMT,46,0.564513,0.2228206188733543
585,IAIAFLSVSNNYEYI,46,0.590579,0.48704779842557056
586,IASLFAAAGLAAAAP,46,0.053465,0.1904527010657352
587,IEFRFYKEITNVFRG,46,0.250274,0.7442268472338499
588,IGPEAAEAAAAAPAA,46,0.605953,0.051937889188233916
589,IGRIAECILGYNPSR,46,0.209571,0.21207277525841434
590,IGRIAETILGYNPSA,46,0.202235,0.3482629673797698
591,IGSYVAFLSQTFAFI,46,0.702968,0.966926016438624
592,IHKASTVLAFPAGVC,46,0.35639899999999997,0.5744211340089356
593,IIELFTAKGFTVQEM,46,0.373327,0.752427865226704
594,IITPTNVSHIQSAVV,46,0.08117,0.16302045656493322
595,IMRIKKLTITGKGTL,46,0.099775,0.19049033473769703
596,INLIIHYVDRPGALG,46,0.182193,0.22689434908592862
597,IPKGDFLTGPLNFTG,46,0.256444,0.5928628262013169
598,IPVMAYLVGLFAWVL,46,0.393457,0.811380232168866
599,IQNSLSTEWSPCSVT,46,0.40727199999999997,0.12611163507542086
600,ISATPEWATPFPHRK,46,0.217994,0.3290463255801715
601,ISDFRAAIANYHYDA,46,0.361079,0.2380953089941446
602,ISGLKPGVDYTITVY,46,0.384346,0.20597230382465073
603,ITAMSEVQKVSQPAT,46,0.067984,0.16041440281584463
604,IVLNHMTGAQSGKGT,46,0.104816,0.12801551982139242
605,KAIKESTGGAYDTYK,46,0.037063,0.0389215512971371
606,KASNPNYLAILVKYV,46,0.450313,0.26638390882590607
607,KCKYPEGTKVTFHVE,46,0.128434,0.10102316789815975
608,KDILEDERAAVDTYC,46,0.05955,0.0792213531289814
609,KDKWIELKESWGAIW,46,0.516999,0.228562401175951
610,KEVEEAWASACGGTG,46,0.0,0.0472278488023082
611,KFTQFAGKDLESIKG,46,0.286247,0.7317390587397582
612,KFVDSTVVASVTIID,46,0.425069,0.27925641754399877
613,KGKDKWIELKESWGA,46,0.059160000000000004,0.22569744973344694
614,KGSNDHYLALLVKYA,46,0.174129,0.3805969310252931
615,KHLAVLVKYEGDTMA,46,0.194771,0.217862654434078
616,KIEIDQDHQEEICEV,46,0.398228,0.04798914102928411
617,KKGAGGITIKKTGQA,46,0.204503,0.03366201984821172
618,KLCPNNLCCSQWGWC,46,0.028192000000000002,0.03882425507004668
619,KLKIQNVIIDECYGA,46,0.21813600000000002,0.3091271873172964
620,KLTITGKGTLDGQGK,46,0.0,0.062145479742632126
621,KMPMYIAGYKTFDGR,46,0.227508,0.5534402995312394
622,KNTIVIPKGDFLTGP,46,0.191221,0.19235832227164382
623,KPPFSGMTGCGNTPI,46,0.08513899999999999,0.060758953805925504
624,KSMKVTVAFNQFGPN,46,0.5616260000000001,0.7638063853942555
625,KSTNGLRIKSYEDAK,46,0.054837000000000004,0.17724057954459657
626,KTDCTKEVEEAWASA,46,0.0,0.03648745397616805
627,KTVSEGAVDIINKWQ,46,0.024249,0.19221750149162217
628,KYDAYVATLSEALRI,46,0.598953,0.5283242323423828
629,KYKTFEAAFTVSSKR,46,0.5211779999999999,0.9198478487426999
630,LDGNLLSSNDLAKYK,46,0.260876,0.17052501708233356
631,LEAKATFYGSNPRGA,46,0.052772,0.4648744901081982
632,LEKISNEIKIVATPD,46,0.143475,0.25696301271036326
633,LFFNHHKVMLLGHDD,46,0.21805300000000002,0.6169452513520881
634,LGAVYRYKKLKEMSA,46,0.073749,0.3179927948668823
635,LHFSEALRIIAGTPE,46,0.292704,0.7755840591663242
636,LKLATGMRNVPEKQT,46,0.21325700000000003,0.1527336564897298
637,LKNCVDAKMTEEDKE,46,0.038901,0.05280682004888692
638,LKTRPILSPLTKGIL,46,0.127078,0.28228635981532085
639,LNIKLNMPLYIAGNK,46,0.140371,0.4089073420711271
640,LQFAKLTGFTLMGKG,46,0.400366,0.8865192482478422
641,LQSLWANFYELLADA,46,0.598492,0.7145181186318984
642,LRIAAKIYSEADEAW,46,0.20689699999999997,0.3134748087637778
643,LRYRYGLFKQRIAKE,46,0.53986,0.5707068449310777
644,LSFAAALNGLAGPLH,46,0.17671900000000001,0.19619265584127568
645,LSSNDLAKYKANWIE,46,0.047027,0.1595393752187382
646,LSYRSLQPETFAVVD,46,0.755239,0.8669942705492717
647,LTGYSLFQKEKMVLN,46,0.478339,0.7530705772314109
648,LVKFVAGDGDVVAVD,46,0.146252,0.12831663635109358
649,LVKYEGDTMAEVELR,46,0.416379,0.13972813481307791
650,LVSKLYEVVPGILTE,46,0.901241,0.3440725965964938
651,MAFLRSVSRLAAAVF,46,0.5177229999999999,0.4991026283661169
652,MASSSSVLLVVALFA,46,0.336457,0.23453342725653306
653,MASSSSVLLVVVLFA,46,0.19071400000000002,0.25363047129505173
654,MGEAVQNTVEDLKLN,46,0.19480899999999998,0.17502793380698337
655,MGRDIKVQFQSGGAN,46,0.192603,0.15179414866418678
656,MLLRKYGIAAENVID,46,0.048315,0.4314330944395543
657,MPFVTTQPEALAAAA,46,0.361729,0.784050151070268
658,MSFVTTQPEALAAAA,46,0.37561700000000003,0.8266164032132056
659,MSQIMYNYPAMMAHA,46,0.343891,0.6473127023334044
660,MSQIMYNYPAMRAHA,46,0.278832,0.3981199241992648
661,MVVERLGDYLVEQGM,46,0.31693699999999997,0.23775735710947257
662,NCVLKKSTNGLRIKS,46,0.26167399999999996,0.131877165376862
663,NDAIKASTGGAYESY,46,0.064063,0.1338117790128414
664,NDFLKTGHYTQMVWA,46,0.26809099999999997,0.37702721403002365
665,NFTVGRIIELFTAKG,46,0.332807,0.697669529956276
666,NHFFNHHKVMLLGHD,46,0.414905,0.6435402552499546
667,NHFFNHHKVMLLGHS,46,0.386918,0.6435402552499546
668,NIWADDLAASLSTLE,46,0.235199,0.19113913788700385
669,NLNIKLNMPLYIAGN,46,0.135569,0.31747026689643776
670,NMVVERLGDYLVEQG,46,0.345221,0.20586740370477974
671,NNRIWLQFAKLTGFT,46,0.431199,0.8212635505657353
672,NPRQAYANYRDIDLG,46,0.171517,0.15621959604827967
673,NVSHIQSAVVCGRRH,46,0.07216900000000001,0.15754979533961497
674,NYLALLVKFVAGDGD,46,0.244142,0.42366958176049724
675,PAAAYATATPAAATA,46,0.077046,0.027086870742502028
676,PAGVCPTIGVGGNFA,46,0.080399,0.04301794830903605
677,PALLALLALPALLLL,46,0.11759700000000001,0.0863812972624681
678,PASWKNNRIWLQFAK,46,0.376719,0.516080186798623
679,PCKGDSVTIKLDGNL,46,0.0,0.06479948891027927
680,PCRAGFETNVSHNVQ,46,0.219811,0.10201267965066892
681,PDLPYDYGALEPAIS,46,0.022334,0.1569520305942917
682,PEGLLWLLLTGKVPT,46,0.24464899999999998,0.46324173074723135
683,PEQIQLLKKAFDAFD,46,0.216254,0.4446325863330209
684,PEVKYAVFEAALTKA,46,0.429522,0.9346922206163483
685,PIIIDQKYCPNKICT,46,0.06375399999999999,0.09513103850827821
686,PIYIVTPTNASHIQS,46,0.151899,0.22184804564535116
687,PKDSDEFIPMKSSWG,46,0.059807000000000006,0.197826440747835
688,PKGGAESSSKAALTS,46,0.0,0.04697940381098716
689,PLYKLVHVFINTQYA,46,0.765965,0.5535651979789393
690,PPPPQLGASPYKLGP,46,0.206469,0.07992694506989433
691,PQVKYAVFEAALTKA,46,0.6429779999999999,0.895723648760608
692,PSMGRDIKVQFQSGG,46,0.21571500000000002,0.1511390349303031
693,PSPSMGRDIKVQFQS,46,0.187227,0.12646434376024937
694,PTLAFPAGVCPTIGV,46,0.209839,0.23558290935324544
695,PYGATISATPEWATP,46,0.07778,0.10322353548557661
696,QAGGKLCPNNLCCSQ,46,0.0,0.027430175784910204
697,QDHQEEICEVVLAKS,46,0.242848,0.14120856976498827
698,QEVFKAIQSLKTTEV,46,0.742356,0.7105011877999323
699,QFRRVKCKYPEGTKV,46,0.052073,0.11066604443067599
700,QGEPGAVIRGKKGAG,46,0.0,0.09366099922641345
701,QGEPGRVIRGKKGAG,46,0.036822,0.10716145059200609
702,QIHQYIMALREEYFD,46,0.380264,0.6371782294834363
703,QIRMAKLLGRDPEQS,46,0.304143,0.24631818512063838
704,QKLIEDINASFRAAM,46,0.169718,0.2712672575958664
705,QKYCPNKICTSKGDS,46,0.058072000000000006,0.09477912268796704
706,QLSALWARFPLPVIP,46,0.44450500000000004,0.7637200515599871
707,QLYSKFLLKAEPLAF,46,0.793075,0.8094500677812103
708,QPCNGVTMNDVKIEY,46,0.15349300000000002,0.12484561610890578
709,QPNLKALREKVLGLP,46,0.455226,0.3060891730990295
710,QPYVLSVASLTSAGQ,46,0.228756,0.5436056025609705
711,QVPSASMGRDIKVQF,46,0.117298,0.17380389432897747
712,RCALHWFPGSHLLAC,46,0.190726,0.536105573696276
713,RCALHWFPGSHLLHV,46,0.416275,0.7545516524372529
714,RELWWVFYAGDRALE,46,0.6748689999999999,0.6430574084806293
715,RGLLRRARGGPHHRR,46,0.429462,0.12637091922689847
716,RIDTPDKLTGPFTVR,46,0.033915,0.07591111138926973
717,RIIAGTLEVHAVKPA,46,0.42995,0.24083544075193286
718,RKHIEWNCDVCRHGD,46,0.0,0.11135312174228897
719,RLEFDEFVTLAAKFI,46,0.610945,0.7825941229006245
720,RMFSSTLRAAVPWYA,46,0.624926,0.6616215098383755
721,RSRPRRTTRRMDRRT,46,0.025338999999999997,0.0879427405425341
722,RTATNIWIDHNSFSN,46,0.0,0.19822038357963215
723,RVIRGKKGAGGITIK,46,0.201317,0.04235939686907274
724,RVWEQIFSTWLLKPG,46,0.6195109999999999,0.8071793272089071
725,RVYCDPCRAGFETNV,46,0.34497,0.1072560536355765
726,SADEVQRMMAEIDTD,46,0.054393,0.10945564870433683
727,SAIRAAPEAARSLAS,46,0.12578599999999998,0.0878291309953261
728,SDDELPYIDPNMEPV,46,0.097881,0.08176261386333296
729,SFGIVVAWQVKLLPV,46,0.50024,0.5427394996511526
730,SGTVDFDEFMEMMTG,46,0.48439799999999994,0.41425126562941195
731,SHIQSAVVCGRRHGV,46,0.0,0.12428085920069694
732,SRAEVSYVHVNGAKF,46,0.313907,0.2532265748580568
733,SRSFLKHSLLRTQRL,46,0.518826,0.589144314663686
734,SSKAATAKAPGLVPK,46,0.198478,0.08246491023384112
735,SSYAATEVANAAAAS,46,0.175953,0.1169413862395314
736,SSYAATEVANAAAGQ,46,0.0,0.196825865297829
737,STVVASVTIIDRSLP,46,0.15160099999999999,0.1858488637072757
738,STWLLKPGAGIMIFD,46,0.250431,0.32568913671917676
739,SVLLVVALFAVFLGS,46,0.08505599999999999,0.21321146640281236
740,SVRIRVRSGGHDYEG,46,0.0,0.10548537364641938
741,SVTIKLDGNLLSSND,46,0.158421,0.27379014699030574
742,SYVHVNGAKFIDTQN,46,0.391201,0.2909532144062794
743,TAAVELARALVRAVA,46,0.187973,0.09961870635436615
744,TAKAPGLVPKLDAAY,46,0.15395999999999999,0.07925406576810082
745,TANVPPADKYKTLEA,46,0.0,0.05361837347194365
746,TASDFWGGAGSAACQ,46,0.131456,0.06354250367183119
747,TATSASAGWDTVLQS,46,0.23118200000000003,0.06295455844991647
748,TDALRTLGSTSADEV,46,0.038089,0.1434858764953062
749,TFYGSNPRGAAPDDH,46,0.0,0.13901014135451908
750,TGSRWCCWPVVPVAL,46,0.248086,0.243233835191164
751,TIAAMMTSPLSVASM,46,0.574635,0.19576007036875623
752,TISNNLFFNHHKVML,46,0.329769,0.5364046126371165
753,TKKFDEVVKANGGYL,46,0.275552,0.14839210286120058
754,TKVTFHVVGVGPLLH,46,0.320396,0.36132156081920813
755,TLGSTSADEVQRMMA,46,0.0,0.07251686241081887
756,TNFKYNYSVIEGGPI,46,0.325245,0.4220822626075068
757,TPTNASHIQSAVVCG,46,0.054301999999999996,0.20384859967527458
758,TSALIWMASPPEVHS,46,0.14236600000000002,0.3697199472684416
759,TVAAAPQVKYAVFEA,46,0.41543800000000003,0.6723754396454121
760,TVLAFPAGVCPTIGV,46,0.040306,0.3037205442473482
761,TWQGGSGMASHIIYE,46,0.279158,0.25201580889903763
762,VATLSEALRIIAGTL,46,0.284812,0.37058035509128573
763,VDIKPKDSDEFIPMK,46,0.064217,0.12149404686120184
764,VDLAKSLRIAAKIYS,46,0.363832,0.3370448699180683
765,VEDEARRMWASAQNI,46,0.020153,0.12085548907078969
766,VFGNCEGVKIIGISI,46,0.209616,0.11130747496303964
767,VFYAGDRALEEPHAE,46,0.585002,0.3958375719222576
768,VHAQTVEDEARRMWA,46,0.0,0.051020337156314446
769,VIPANWKPDTVYTSK,46,0.0,0.0920743062521703
770,VKGDPVGILYAVFKA,46,0.52567,0.48960634167923245
771,VKIEYSGTNNKTMAV,46,0.200682,0.16534028517132832
772,VKPLYIITPTNVSHI,46,0.179141,0.25065147111750824
773,VKQNTLKLATGMRNV,46,0.23929,0.2285065909454012
774,VLMEWLKTRPILSPL,46,0.5503,0.6000946792230911
775,VLMEWLKTRPILSPY,46,0.43285100000000004,0.5209697873233485
776,VNYWFAPGAAAAPLS,46,0.088784,0.30402037758806594
777,VPPADKYKTFEAAFT,46,0.13212000000000002,0.7179314071295108
778,VPQLQPQNPSQQQPQ,46,0.020297,0.03112142344508357
779,VQNTVEDLKLNTLGR,46,0.165703,0.2558382208433722
780,VRILRRVHHRKYLTD,46,0.366743,0.2656713073272465
781,VRSGGHDYEGLSYRS,46,0.20594,0.08226112226051013
782,VRVPVPQLQPQNPSQ,46,0.052296,0.13242950471988818
783,VSEALRIIAGTLEVH,46,0.4136,0.4581436541498904
784,VSTIVPYIGPALNIV,46,0.36146999999999996,0.262555665275763
785,VSVDCSEYPKPDCTA,46,0.0,0.03749673269670319
786,VTMNDVKIEYSGTNN,46,0.143879,0.1234919519222172
787,VTVDAAVLAAIDADA,46,0.0,0.0580164942179708
788,VVLGLATSPTAEGGK,46,0.0,0.1429392120466789
789,VVSRLLIPVPFDPPA,46,0.368475,0.5740418596978494
790,VWRIDTPDKLTGPFT,46,0.0,0.10613778661630904
791,WEQIFSTWLLKPGAG,46,0.579936,0.8384504695992053
792,WGAIWRIDTPDKLTG,46,0.067242,0.12327309405796626
793,WGAIWRIDTPEVLKG,46,0.138033,0.3218336460427482
794,WIELKESWGAVWRID,46,0.108365,0.37335912050597103
795,WKPDTVYTSKLQFGA,46,0.076443,0.6269849725007521
796,YANYRDIDLGRNEVV,46,0.213671,0.1312090580239887
797,YGIAAENVIDVKLVD,46,0.055684000000000004,0.288702055900814
798,YGRIAECILGMNPSR,46,0.360926,0.24651069037917867
799,YKDVDKPPFSGMTGC,46,0.046283,0.08562866556336361
800,YKKLRTSSFALNLPT,46,0.93319,0.818573966173596
801,YKTRPILSPLTKGIL,46,0.5543939999999999,0.2888400991570426
802,YLAILVKYVDGDGDV,46,0.394144,0.21349611653320846
803,YPFIEQEGPEFFDQE,46,0.14341700000000002,0.48571577193241244
804,YRKILRQRKIDRLID,46,0.103894,0.19265139105489115
805,YTTEGGTKGEAKDVI,46,0.181289,0.014136862932908598
806,EEDKENALSLLDKIYT,46,0.262918,0.4492763654493523
807,EKIQKAFDDIAKYFSK,46,0.49725,0.39935175352805025
808,GKWYLKAMTADQEVPE,46,0.193981,0.5145343630579834
809,IGRIAETILGYNPSRA,46,0.178515,0.36034066280614796
810,LNKIVRMYSPVSILDI,46,0.644195,0.5638527036759359
811,SPEVIPMFSALSEGAT,46,0.23009200000000002,0.4901383276549918
812,CVDAKMTEEDKENALSL,46,0.144848,0.13268380467399743
813,YAHAAHAAHAAHAAHAA,46,0.0,0.019689160585020023
814,FESTGNLIAPEYGFKISY,46,0.242331,0.5383090895717421
815,NVTENFNMWKNNMVEQMH,46,0.64655,0.16483099905829465
816,SELYLYKVVKIEPLGVAP,46,0.7009850000000001,0.5456419130773172
817,YVDRFYKTLRAEQASQEV,46,0.262415,0.7817778446064821
818,GEIYKRWIILGLNKIVRMY,46,0.25564000000000003,0.4276887118408255
819,KLPKPPKPVSKMRMATPLL,46,0.094551,0.5745672602462721
820,VRVPVPQLQPQNPSQQQPQ,46,0.158159,0.16737155582387817
821,WEALKYLWNLLQYWGQELK,46,0.213575,0.47960129017469433
822,ARRRRASEAPPTSHRRASRQ,46,0.30381199999999997,0.10617963423202835
823,DKISDVSTIVPYIGPALNIV,46,0.536003,0.17229615946733914
824,EAKYDAYVATLSEALRIIAG,46,0.310172,0.4257984555938543
825,EYLNKIQNSLSTEWSPCSVT,46,0.468563,0.48889896454340226
826,GFGMLLRKYGIAAENVIDVK,46,0.391227,0.47605971254460566
827,IEPIVATNWQKLEAFWHKHM,46,0.817369,0.6695116621841782
828,KDKWIELKESWGAIWRIDTP,46,0.41945,0.22010364371549926
829,KIIGGIGGFVKVRQYDQIPI,46,0.174689,0.17959120417269206
830,KMIGGIGGFVKVRQYDQIPI,46,0.19348900000000002,0.11207085628897792
831,KRWIILGLNKIVRMYSPTSI,46,0.46264700000000003,0.5791272294124999
832,LYKYKVVKIEPLGVAPTKAK,46,0.731197,0.3977521296320346
833,PKPPKPVSKMRMATPLLMQA,46,0.0,0.6319427578169785
834,VATLSEALRIIAGTLEVHAV,46,0.389008,0.3398291415971564
835,VLMEWLKTRPILSPLTKGIL,46,0.561103,0.38706939904432364
836,WGAIWRIDTPDKLTGPFTVR,46,0.0,0.12984423808866505
837,YIITPTNVSHIQSAVVSGRR,46,0.61873,0.2004026839138212
838,AYVATVSEALRIIAG,47,0.271885,0.44829089361206287
839,EGHHLASAAIFGHDG,47,0.0,0.2589402888135251
840,FLAVAVVLGLATSPT,47,0.34018000000000004,0.2086677981466564
841,KLTITGKGTLDGQGK,47,0.0,0.049251049623360535
842,LHFSEALRIIAGTPE,47,0.248689,0.7551186626963619
843,RVWEQIFSTWLLKPG,47,0.0,0.7853719124012509
844,SADEVQRMMAEIDTD,47,0.08895399999999999,0.09581405976821766
845,SVTIKLDGNLLSSND,47,0.220054,0.251230086329509
846,YGIAAENVIDVKLVD,47,0.281926,0.2799020840199889
847,WEALKYLWNLLQYWGQELK,47,0.344215,0.48648445415733493
848,AAATAGDTVYGAFAA,48,0.0,0.03281431425194873
849,AAATAGITVYGAFAA,48,0.088114,0.11071913532644169
850,AAATAGPTVYGAFAA,48,0.0,0.024759136797123518
851,AAATAGTCVYGAFAA,48,0.25686,0.03350466079884252
852,AAATAGTHVYGAFAA,48,0.0,0.04498009800508341
853,AAATAGTNVYGAFAA,48,0.0,0.054276443230429655
854,AAATAGTTAYGAFAA,48,0.0,0.023893031476820356
855,AAATAGTTGYGAFAA,48,0.0,0.007291413785225252
856,AAATAGTTMYGAFAA,48,0.10861900000000001,0.014696647364874133
857,AAATAGTTSYGAFAA,48,0.0,0.011171561361711081
858,AAATAGTVVYGAFAA,48,0.165686,0.03755530486410382
859,AAATAGYTVYGAFAA,48,0.281165,0.13972331861960638
860,EKKYFAAFQFEPLAA,48,0.9127930000000001,0.9969209188750222
861,EKKYFAALQFEPLAA,48,0.8164100000000001,0.9978091190915744
862,EKKYFAARQFEPLAA,48,0.665021,0.9969679139448417
863,EKKYFAATEFEPLAA,48,0.931409,0.9941224915067436
864,EKKYFAATKFEPLAA,48,1.0,0.9938768721326817
865,EKKYFAATQAEPLAA,48,0.685659,0.9866936801261955
866,EKKYFAATQCEPLAA,48,0.5633319999999999,0.989949909936426
867,EKKYFAATQDEPLAA,48,0.323903,0.9901952908640889
868,EKKYFAATQEEPLAA,48,0.368809,0.990956259814182
869,EKKYFAATQGEPLAA,48,0.607079,0.9939721886738594
870,EKKYFAATQHEPLAA,48,0.529157,0.9941334276972195
871,EKKYFAATQIEPLAA,48,0.7456430000000001,0.9944699637050112
872,EKKYFAATQKEPLAA,48,0.37951399999999996,0.9911096244055586
873,EKKYFAATQLEPLAA,48,0.8104439999999999,0.9953510355380075
874,EKKYFAATQMEPLAA,48,0.789499,0.9946932156501453
875,EKKYFAATQNEPLAA,48,0.409096,0.9931701511948152
876,EKKYFAATQPEPLAA,48,0.366195,0.9893766693939755
877,EKKYFAATQQEPLAA,48,0.35796500000000003,0.9888136998748837
878,EKKYFAATQREPLAA,48,0.24418600000000001,0.9912227349599554
879,EKKYFAATQSEPLAA,48,0.454714,0.9911244822160541
880,EKKYFAATQTEPLAA,48,0.282264,0.9865570723637143
881,EKKYFAATQVEPLAA,48,0.432659,0.9904840352188691
882,EKKYFAATQWEPLAA,48,0.81508,0.9939064179750049
883,EKKYFAATQYEPLAA,48,0.777359,0.9903223606327941
884,EKKYFAATWFEPLAA,48,0.991717,0.9974298229421504
885,EKKYFACTQFEPLAA,48,0.844459,0.9976984353555308
886,EKKYFAHTQFEPLAA,48,0.9528909999999999,0.9973007800077733
887,EKKYFANTQFEPLAA,48,0.999976,0.9917143972623084
888,EKKYFATTQFEPLAA,48,1.0,0.9972029689593733
889,IGRIAETILGYNPSA,48,0.589272,0.29763215829751954
890,DMTPADALDD,49,0.0,0.01176678157965773
891,EIVDLMCHAT,49,0.262397,0.02695968529123338
892,EVDMTPADAL,49,0.033915,0.014023243472353026
893,KIQNVIIDECY,49,0.345154,0.07139758329831988
894,KMMGVPLQCSA,49,0.255537,0.05118498478872264
895,LVEALYLVCGE,49,0.328032,0.1266325234714973
896,MSSGSFINISV,49,0.264146,0.06802168806774993
897,GVTYEIDLTNKN,49,0.260761,0.11621661177566121
898,ASTEYTPIGDNKA,49,0.32310300000000003,0.0678789261804771
899,DYIDAYVSRLLDD,49,0.342246,0.41017274218323174
900,DYVVMSAWYKEPN,49,0.153727,0.39365794828412415
901,GINYLIDTTSREL,49,0.090882,0.23150114949157002
902,MEALTFKACDHIM,49,0.241186,0.3796263730010058
903,QDEKDYIDAYVSR,49,0.309274,0.07753528962668281
904,SAMVYSSDDIPPR,49,0.021115000000000002,0.051884020727312206
905,SPEVIPMFSALSE,49,0.198406,0.2006405982618394
906,SSVDRYRNRVLLL,49,0.314381,0.2425995791501994
907,SYDGVSEDTDDDD,49,0.059322,0.05363907232474617
908,YTPIGDNKALISK,49,0.196881,0.06246785596825544
909,EAMSQANSAILMQR,49,0.149608,0.25603596074457563
910,EEDIEIKPIQEEEY,49,0.374832,0.8713043225058579
911,KPLLIIAEDVEGEY,49,0.6323840000000001,0.5415650022355597
912,LDHILEPSIPYKSK,49,0.297203,0.31694355422896114
913,MLFRILSLNLIKIK,49,0.766072,0.6404532671175779
914,NTSYRLISCNTSVI,49,0.27021799999999996,0.1944881843374729
915,PLYRYLGGCFACSL,49,0.746586,0.4307680442657475
916,AAAAPAAVGAAVGGT,49,0.067688,0.013431968403894275
917,AAAGLAAAAPLESRQ,49,0.249275,0.13357094811089265
918,AAGAQLLWQLPLLSI,49,0.9344100000000001,0.6222919081995162
919,AAGVAAWSLIALMIP,49,0.468775,0.639289771891148
920,AALPLLFFALAGQRI,49,0.38482,0.8526763891387977
921,AAPEAARSLASSLPG,49,0.170792,0.1377005097875559
922,AAPLSWSKDIYNYME,49,0.333841,0.2309869550764998
923,AASGADGTYDITKLG,49,0.090882,0.05503425073177506
924,AAVELARALVRAVAE,49,0.43658,0.09277655770374899
925,ADNSLDYAANFSHML,49,0.436525,0.313671213913651
926,ADVQYDLYLNVANRR,49,0.8089850000000001,0.5097790187341338
927,AELMILIATNLLGQN,49,0.13314700000000002,0.48826891982888365
928,AFMLAWNYGVPRVMS,49,0.315948,0.5545090124474771
929,AGALEVHAVKPVTEE,49,0.183345,0.19047723034364503
930,AGAWRTAAVELARAL,49,0.440367,0.20501755094398985
931,AGRFEVHAQTVEDEA,49,0.343401,0.4281483219297888
932,AGWDTVLQSITTILA,49,0.24426199999999998,0.35180235214372496
933,AHARSYQTLSTQAAA,49,0.343939,0.22029878048564833
934,AINIFNVEKYGAVGD,49,0.534462,0.5179447731220226
935,AKPDGKTDCTKEVEE,49,0.038699000000000004,0.034770354221034694
936,ALKESWGAIWRIDTP,49,0.161076,0.32200939200300005
937,ALLPRAGAAAAAALP,49,0.073291,0.028974294015466456
938,ALQSHDDVALVSVMW,49,0.146504,0.1415348002271701
939,ALRVIAGALEVHAVK,49,0.20910399999999998,0.32821770273645123
940,ALSDPYLSFAAALNG,49,0.273073,0.5745220269014649
941,ALTKAITAMSEVQKV,49,0.31924,0.4570277712833013
942,APGAAAAPLSWSKDI,49,0.31799499999999997,0.09761682191069307
943,AQAVYDFRSIVDYLR,49,0.133946,0.5817018062538308
944,AQIYQAVSAQAAAIH,49,0.29259,0.12881449015396793
945,ARRRRASEAPPTSHR,49,0.12696300000000002,0.06037252449873159
946,ASAAILGHDGTVWAQ,49,0.068316,0.07467622022464701
947,ASEAPPTSHRRASRQ,49,0.642811,0.04773958533527341
948,ASNPNYLAILVKYVD,49,0.530505,0.38083535810121133
949,ATPPPPPPPQLGASP,49,0.033915,0.011615287144754615
950,ATSPTAEGGKATTEE,49,0.0,0.027972309160201447
951,ATTANVPPADKYKTF,49,0.0,0.07402289810574457
952,AVFEAALTKAITAMS,49,0.42096999999999996,0.7353583103130056
953,AVFEAALTKAITAMT,49,0.460049,0.7749036790602464
954,AVHVWLRLPAGRVEI,49,0.361402,0.5457927997484366
955,AVIRGKKGAGGITIK,49,0.10726,0.0712710242969372
956,AVMLTFDNAGMWNVR,49,0.199693,0.4474139853438635
957,AWASACGGTGKNTIV,49,0.040107,0.031520048342747894
958,AWMSAAATQAEQAAT,49,0.136514,0.04283047718768357
959,AYGSFVRTVSLPVGA,49,0.39544,0.8507395922841589
960,AYSDDKSMKVTVAFN,49,0.159169,0.2947388367503373
961,AYVATVSEALRIIAG,49,0.254679,0.5272644830480527
962,CADILAIASRVLVTM,49,0.21117800000000003,0.6484788358692544
963,CDASILIDPLSNQSA,49,0.031419,0.3674587451873158
964,CDGERPTLAFLQDVM,49,0.358944,0.6273403303240471
965,CGGTGKNTIVIPKGD,49,0.07949099999999999,0.08447737895985945
966,CGYKDVDKPPFDGMT,49,0.025426,0.09029279190104454
967,CIEYVTLNASQYANC,49,0.502204,0.3561449169218173
968,DALTLRTATNIWIDH,49,0.43218,0.22674106294558968
969,DCSEYPKPDCTAEDR,49,0.0,0.03284399896733168
970,DEARRMWASAQNISG,49,0.502228,0.14879109971371213
971,DEPMVQVEAGKVNHS,49,0.235556,0.11364510168948873
972,DESWQQFRQELIPLL,49,0.48521499999999995,0.7404750477528915
973,DGQGKAVWGKNSCAK,49,0.043632,0.028136455546833868
974,DHTNFKYNYSVIEGG,49,0.5952109999999999,0.4250491929561291
975,DIDLGRNEVVNDVST,49,0.23610799999999998,0.1656650662898516
976,DIFTNSRGKRASKGN,49,0.047764999999999995,0.22134612258969552
977,DIKVQFQSGGNNSPA,49,0.14031400000000002,0.15343548659918962
978,DINASFRAAMATTAN,49,0.12858699999999998,0.17215842964043016
979,DITVKNCVLKKSTNG,49,0.046656,0.1636463122863474
980,DKISDVSTIVPYIGP,49,0.12881700000000001,0.19730947185703465
981,DKKCIEWEKAQHGAC,49,0.40060100000000004,0.21362341556329048
982,DKLTGPFTVRYTTEG,49,0.09946,0.26075989254017473
983,DKVYEILKINSVKYY,49,0.588108,0.5448600328557658
984,DLVANQPNLKALREK,49,0.196625,0.1960164991161018
985,DVFYNGAYFVSSGKY,49,0.544343,0.6705839413962505
986,DVLSQPMLPHTWDGS,49,0.313411,0.1745228104898435
987,EAAFNKAIKESTGGA,49,0.038292,0.26304367621476454
988,EDPLFQLVSKLYEVV,49,0.738712,0.8058923383345655
989,EEFVSLASRFLVEED,49,0.615971,0.841500762326255
990,EEVDMTPADALDDFD,49,0.24606399999999998,0.10376034076942602
991,EFIPMKSSWGAIWRI,49,0.279876,0.4863651298220984
992,EFVTLAAKFIIEEDS,49,0.46984899999999996,0.827768951938001
993,EGHHLASAAIFGHDG,49,0.377316,0.3057954886766047
994,EGHHLASAAILGHDG,49,0.285516,0.15064513916890462
995,EHELYVAVLSNALHR,49,0.42683699999999997,0.579049175336243
996,EITGIMKDFDEPGHL,49,0.043391000000000006,0.11405902235026982
997,EKKYFAAFQFEPLAA,49,1.0,0.9963351225114875
998,EKKYFAALQFEPLAA,49,1.0,0.9975536218445098
999,EKKYFAARQFEPLAA,49,0.750292,0.997232445502883
1000,EKKYFAATEFEPLAA,49,1.0,0.9953404986462399
1001,EKKYFAATKFEPLAA,49,0.9681059999999999,0.9935771308183456
1002,EKKYFAATQAEPLAA,49,0.804175,0.9857304026914007
1003,EKKYFAATQCEPLAA,49,0.6460130000000001,0.9885517202221427
1004,EKKYFAATQDEPLAA,49,0.6302800000000001,0.9888308538994609
1005,EKKYFAATQEEPLAA,49,0.846198,0.9900596943624366
1006,EKKYFAATQGEPLAA,49,0.699978,0.9931297032910481
1007,EKKYFAATQHEPLAA,49,0.579754,0.9934834150347386
1008,EKKYFAATQIEPLAA,49,0.896798,0.9938570086171213
1009,EKKYFAATQKEPLAA,49,0.682028,0.9904759275263422
1010,EKKYFAATQLEPLAA,49,1.0,0.9945646422003561
1011,EKKYFAATQMEPLAA,49,1.0,0.9940767047654027
1012,EKKYFAATQNEPLAA,49,0.865874,0.9922757461499913
1013,EKKYFAATQPEPLAA,49,0.8799520000000001,0.9887803099111241
1014,EKKYFAATQQEPLAA,49,0.828858,0.98818611446733
1015,EKKYFAATQREPLAA,49,0.605168,0.9904075270966335
1016,EKKYFAATQSEPLAA,49,0.755151,0.990300238210678
1017,EKKYFAATQTEPLAA,49,0.712252,0.9858302194347742
1018,EKKYFAATQVEPLAA,49,0.838307,0.9896009387670053
1019,EKKYFAATQWEPLAA,49,0.828578,0.9928747268034014
1020,EKKYFAATQYEPLAA,49,1.0,0.98865747473635
1021,EKKYFAATWFEPLAA,49,0.996742,0.9971593741635051
1022,EKKYFACTQFEPLAA,49,0.867806,0.9969851655502043
1023,EKKYFAHTQFEPLAA,49,0.9444049999999999,0.9967600204965162
1024,EKKYFANTQFEPLAA,49,0.9960180000000001,0.991542984594174
1025,EKKYFATTQFEPLAA,49,0.985786,0.9969091204602515
1026,ELAAVSVDCSEYPKP,49,0.0,0.06718319602006464
1027,ELKESWGAIWRIDTP,49,0.129046,0.30007224624855333
1028,ELYKYKVVKIEPLGV,49,0.5553359999999999,0.6076792444330356
1029,EPAYFATAESVRDHL,49,0.165777,0.6431492853616667
1030,EQCGRQAGGKLCPNN,49,0.158893,0.037770342194698936
1031,ESLHNPYPDYHWLRT,49,0.0,0.10067395992631221
1032,ESTGGAYDTYKSIPS,49,0.414195,0.11784172076333137
1033,ESWGAVWRIDTPDKL,49,0.236681,0.21015956559707608
1034,EVDMTPADALDDFDL,49,0.35291999999999996,0.10583284816097212
1035,EVLGFRMVQDERVGR,49,0.45902,0.3887265408335393
1036,EVVKANGGYLAAGKL,49,0.381379,0.12980351808071972
1037,EVYEARLTKFKYLAG,49,0.391203,0.7938748618337265
1038,EYIEAAKWLLPPPKV,49,0.643238,0.5235411681237103
1039,EYLNKIQNSLSTEWS,49,0.724436,0.3165558891745423
1040,FAVATITHAAELQRV,49,0.5171859999999999,0.31006530133624133
1041,FDHEFTFGWDELLSK,49,0.47041000000000005,0.7856927599599619
1042,FDKYGATISATPESA,49,0.568615,0.17128294439099276
1043,FDPKGATISATPESA,49,0.207258,0.057659045779202424
1044,FDPYGATIKATPESA,49,0.23370700000000003,0.13430221465905864
1045,FDPYGATISATKESA,49,0.566408,0.12453020838927005
1046,FDPYGATISATPEKA,49,0.527608,0.1177311992850143
1047,FDPYGATISATPESA,49,0.233735,0.08333788142269145
1048,FDPYGATISATPESK,49,0.367764,0.0833831881085761
1049,FDPYGATISATPKSA,49,0.371235,0.11444211754393706
1050,FDREFTFGWDELLSK,49,0.585547,0.7427554187410303
1051,FEAAFNDAIKASTGG,49,0.15483,0.2691824876889318
1052,FKPYGATISATPESA,49,0.324208,0.1674283862909986
1053,FLAVAVVLGLATSPT,49,0.09755,0.24903936455675807
1054,FLFQRAVAREAIIAL,49,0.597522,0.8021555824723087
1055,FPPNGTHSWEYWGAQ,49,0.0,0.22609195060746193
1056,FTSLEYIEAAKWLLP,49,0.627609,0.6145824890765331
1057,FVNQHLCGSHLVEAL,49,0.134379,0.3227858104884615
1058,FVVTGRVYCDPCRAG,49,0.12042,0.14370869953658796
1059,GAVDIINKWQVVAPQ,49,0.105753,0.2227846285982648
1060,GAYFVSSGKYEGGNI,49,0.36522899999999997,0.37666667147393906
1061,GELEFEEFVSLASRF,49,0.547096,0.8717323146768107
1062,GEVEIQFRRVKCKYP,49,0.089041,0.2686887135367859
1063,GEVLNALAYDVPIPG,49,0.12199600000000001,0.38431832612280165
1064,GGACGYKDVDKPPFS,49,0.028419,0.06624507967105644
1065,GGGFGMLLRKYGIAA,49,0.153318,0.5448611623129785
1066,GGSILKISNKFHTKG,49,0.44827,0.580690316347877
1067,GGSILKISNKYHTKG,49,0.410354,0.3331437968980716
1068,GKGTLDGQGKAVWGK,49,0.101743,0.04206688602642335
1069,GKIDFLNNYALFLSP,49,0.184166,0.7989467429732179
1070,GLSGEPKGGAESSSK,49,0.078574,0.022834658111198617
1071,GLVPKLDAAYSVAYK,49,0.250576,0.3017584786937575
1072,GMTGMLWETSLLDPE,49,0.558552,0.4514845991752883
1073,GNIVAVDIKPKDSDE,49,0.288999,0.10553165824189337
1074,GPPVEASAAALAGDA,49,0.030213,0.05492998367724431
1075,GRKRPIVRILRRVHH,49,0.494672,0.5884763385083744
1076,GTKGEAKDVIPEGWK,49,0.12578599999999998,0.04002987475501938
1077,GVLKNEFMSLAFDYW,49,0.824895,0.524796034451689
1078,GWIISNIFGAIPVLA,49,0.687012,0.5672778678987676
1079,GWIISNIFGAIPVLG,49,0.714195,0.4411742005155036
1080,HAYYLQYKNVRPDYL,49,0.207301,0.46723429097218533
1081,HDYEGLSYRSLQPET,49,0.221031,0.3252446180227255
1082,HFSNVFRSVMAPFTM,49,0.257417,0.7637654168563478
1083,HGRQIRMAKLLGRDP,49,0.604709,0.3890568567394211
1084,HMAKEDLVANQPNLK,49,0.182408,0.1729943836495972
1085,HSLLRTQRLHKFLVC,49,0.39487300000000003,0.7030294055087299
1086,HSRNLINELSERMAG,49,0.32401399999999997,0.3799616545003951
1087,IAAMMTSPLSVASMT,49,0.37195900000000004,0.21377432628022353
1088,IAIAFLSVSNNYEYI,49,0.527366,0.4656152681915611
1089,IASLFAAAGLAAAAP,49,0.193603,0.19906376148575172
1090,IEFRFYKEITNVFRG,49,0.441956,0.8033670105449051
1091,IGPEAAEAAAAAPAA,49,0.26881700000000003,0.06541352667721374
1092,IGRIAETILGYNPSA,49,0.535117,0.37094256123664904
1093,IHKASTVLAFPAGVC,49,0.31095100000000003,0.5962349744492758
1094,IIELFTAKGFTVQEM,49,0.229175,0.7552542393664103
1095,IITPTNVSHIQSAVV,49,0.18801400000000001,0.18321912514447333
1096,IMRIKKLTITGKGTL,49,0.27977199999999997,0.31876976009932656
1097,INLIIHYVDRPGALG,49,0.266984,0.27356311559999136
1098,IPKGDFLTGPLNFTG,49,0.44237299999999996,0.5604410845942437
1099,IPVMAYLVGLFAWVL,49,0.586084,0.8004463151361911
1100,IQNSLSTEWSPCSVT,49,0.455507,0.1085266029642818
1101,ISATPEWATPFPHRK,49,0.127353,0.31748843848444713
1102,ISDFRAAIANYHYDA,49,0.318369,0.2590383118659104
1103,ISGLKPGVDYTITVY,49,0.302208,0.248012675228596
1104,ITAMSEVQKVSQPAT,49,0.19348900000000002,0.17845730893164558
1105,IVLNHMTGAQSGKGT,49,0.108365,0.15915399552066928
1106,KAIKESTGGAYDTYK,49,0.058508000000000004,0.032740033524734535
1107,KASNPNYLAILVKYV,49,0.56265,0.3099492044708322
1108,KCKYPEGTKVTFHVE,49,0.158672,0.1159577074847972
1109,KDILEDERAAVDTYC,49,0.310759,0.1317919208395955
1110,KDKWIELKESWGAIW,49,0.206337,0.2611473424646711
1111,KDPYGATISATPESA,49,0.327303,0.07104925198508573
1112,KEVEEAWASACGGTG,49,0.12570699999999999,0.05095756913765571
1113,KEYTFPITLSSTSNP,49,0.114455,0.8680732343836252
1114,KFTQFAGKDLESIKG,49,0.619955,0.743762058530005
1115,KFVDSTVVASVTIID,49,0.334974,0.3537452570656052
1116,KGKDKWIELKESWGA,49,0.182451,0.24697777772751844
1117,KGSNDHYLALLVKYA,49,0.5146970000000001,0.44291924428512125
1118,KHLAVLVKYEGDTMA,49,0.405547,0.2827391955100011
1119,KIEIDQDHQEEICEV,49,0.346679,0.1129898813032357
1120,KKGAGGITIKKTGQA,49,0.055139999999999995,0.05789668851543765
1121,KLCPNNLCCSQWGWC,49,0.180505,0.04760007080372592
1122,KLKIQNVIIDECYGA,49,0.401341,0.3634526360601193
1123,KLPWKNESSIKVIKQ,49,0.5215920000000001,0.31974545700527934
1124,KLTITGKGTLDGQGK,49,0.127585,0.08468140597064747
1125,KMPMYIAGYKTFDGR,49,0.32862399999999997,0.5369988561841765
1126,KNTIVIPKGDFLTGP,49,0.20699499999999998,0.23279765866149812
1127,KPPFSGMTGCGNTPI,49,0.0,0.03872171562183687
1128,KSIIKARVVWKAIIE,49,0.514047,0.36988131003159
1129,KSMKVTVAFNQFGPN,49,0.44296,0.6886405134935094
1130,KSTNGLRIKSYEDAK,49,0.016850999999999998,0.24567684054156888
1131,KTDCTKEVEEAWASA,49,0.157782,0.08060416892608734
1132,KTVSEGAVDIINKWQ,49,0.079751,0.20270005751181994
1133,KYDAYVATLSEALRI,49,0.51057,0.5763878767418218
1134,KYKTFEAAFTVSSKR,49,0.586118,0.9098600914901821
1135,LDGNLLSSNDLAKYK,49,0.33350799999999997,0.26092162358940874
1136,LEAKATFYGSNPRGA,49,0.06679500000000001,0.4537751304380723
1137,LEKISNEIKIVATPD,49,0.260676,0.44098930531043284
1138,LFFNHHKVMLLGHDD,49,0.513901,0.6063833674144153
1139,LGAVYRYKKLKEMSA,49,0.15817,0.4395560754961298
1140,LHFSEALRIIAGTPE,49,0.485354,0.8286195818726952
1141,LKLATGMRNVPEKQT,49,0.199444,0.20811690532572358
1142,LKNCVDAKMTEEDKE,49,0.27813000000000004,0.09755772086847962
1143,LKTRPILSPLTKGIL,49,0.53925,0.46426946801165997
1144,LNIKLNMPLYIAGNK,49,0.534415,0.5972750493899822
1145,LQFAKLTGFTLMGKG,49,0.5659810000000001,0.909694651456947
1146,LQSLWANFYELLADA,49,0.447412,0.693526955162905
1147,LRIAAKIYSEADEAW,49,0.313783,0.35257157851483806
1148,LRYRYGLFKQRIAKE,49,0.420836,0.6681371329618789
1149,LSFAAALNGLAGPLH,49,0.13119,0.19241051024388595
1150,LSSNDLAKYKANWIE,49,0.157446,0.2698775155947239
1151,LSYRSLQPETFAVVD,49,0.509603,0.8771478095117085
1152,LTGYSLFQKEKMVLN,49,0.703348,0.7436548257513333
1153,LVKFVAGDGDVVAVD,49,0.076038,0.15490652936547483
1154,LVKYEGDTMAEVELR,49,0.47271,0.2046531826933793
1155,LVSKLYEVVPGILTE,49,0.652792,0.5138554234540976
1156,MAFLRSVSRLAAAVF,49,0.380349,0.46716751994437694
1157,MASSSSVLLVVALFA,49,0.411549,0.19843473731732592
1158,MASSSSVLLVVVLFA,49,0.402301,0.22143214110032367
1159,MGEAVQNTVEDLKLN,49,0.326775,0.2738180477199536
1160,MGRDIKVQFQSGGAN,49,0.07974500000000001,0.13891963434372676
1161,MLLRKYGIAAENVID,49,0.229817,0.48752332733259707
1162,MPFVTTQPEALAAAA,49,0.47178000000000003,0.7782071315514361
1163,MSFVTTQPEALAAAA,49,0.400253,0.8267705119024255
1164,MSQIMYNYPAMMAHA,49,0.341039,0.6257043234477505
1165,MSQIMYNYPAMRAHA,49,0.34468899999999997,0.4263935302621759
1166,MVVERLGDYLVEQGM,49,0.5855600000000001,0.3535868090886058
1167,NCVLKKSTNGLRIKS,49,0.307665,0.2865376104209365
1168,NDAIKASTGGAYESY,49,0.076712,0.07862943583946236
1169,NDFLKTGHYTQMVWA,49,0.343909,0.3494368848559344
1170,NFTVGRIIELFTAKG,49,0.193449,0.7581020730354439
1171,NHFFNHHKVMLLGHD,49,0.5708310000000001,0.6059689526807782
1172,NHFFNHHKVMLLGHS,49,0.46284,0.6059689526807782
1173,NIWADDLAASLSTLE,49,0.307638,0.19659820143230905
1174,NLNIKLNMPLYIAGN,49,0.317092,0.5134157498634716
1175,NMVVERLGDYLVEQG,49,0.580569,0.29854261596674314
1176,NNRIWLQFAKLTGFT,49,0.64984,0.7846519880636993
1177,NPRQAYANYRDIDLG,49,0.136514,0.16194632636360404
1178,NRIMADGGSIQNTNL,49,0.146504,0.04236375368939636
1179,NVSHIQSAVVCGRRH,49,0.05719,0.16047513198781158
1180,NYLALLVKFVAGDGD,49,0.183504,0.4248280520166381
1181,PAAAYATATPAAATA,49,0.196588,0.02426868697429168
1182,PAGVCPTIGVGGNFA,49,0.0,0.035727943308508474
1183,PALLALLALPALLLL,49,0.065453,0.08181470349209412
1184,PASWKNNRIWLQFAK,49,0.45226000000000005,0.5998348578563446
1185,PCKGDSVTIKLDGNL,49,0.12942599999999999,0.12052999203028815
1186,PCRAGFETNVSHNVQ,49,0.19348900000000002,0.09223711233437026
1187,PDLPYDYGALEPAIS,49,0.055933000000000004,0.1836738450528341
1188,PEGLLWLLLTGKVPT,49,0.400007,0.5885578904148456
1189,PEQIQLLKKAFDAFD,49,0.298602,0.4783718079395074
1190,PEVKYAVFEAALTKA,49,0.62164,0.9577465012814974
1191,PIIIDQKYCPNKICT,49,0.099565,0.1617785152719933
1192,PIYIVTPTNASHIQS,49,0.054837000000000004,0.2721826389932358
1193,PKDSDEFIPMKSSWG,49,0.266692,0.19218648427623772
1194,PKGGAESSSKAALTS,49,0.168133,0.05548076776699044
1195,PLYKLVHVFINTQYA,49,0.79182,0.5778479403297675
1196,PPPPQLGASPYKLGP,49,0.14991300000000002,0.08107540795085881
1197,PQVKYAVFEAALTKA,49,0.637833,0.9108237711175827
1198,PSMGRDIKVQFQSGG,49,0.31262,0.14435316374076532
1199,PSPSMGRDIKVQFQS,49,0.248191,0.10673584376860894
1200,PTLAFPAGVCPTIGV,49,0.11164400000000001,0.18051968758159345
1201,PYGATISATPEWATP,49,0.158228,0.08159000299452758
1202,QAGGKLCPNNLCCSQ,49,0.041886,0.03584379681463241
1203,QDHQEEICEVVLAKS,49,0.395396,0.25337606743297175
1204,QEVFKAIQSLKTTEV,49,0.298566,0.7186252759301649
1205,QFRRVKCKYPEGTKV,49,0.056188999999999996,0.1363785546838035
1206,QGEPGAVIRGKKGAG,49,0.08297,0.10740033516621084
1207,QGEPGRVIRGKKGAG,49,0.028367000000000003,0.13202787936780896
1208,QIHQYIMALREEYFD,49,0.128693,0.7092442036039355
1209,QIRMAKLLGRDPEQS,49,0.365057,0.28461436919372884
1210,QKLIEDINASFRAAM,49,0.343003,0.32677941550886863
1211,QKYCPNKICTSKGDS,49,0.105064,0.12840755064208845
1212,QLSALWARFPLPVIP,49,0.517975,0.7883846895896741
1213,QLYSKFLLKAEPLAF,49,0.38150100000000003,0.8684108605717332
1214,QPCNGVTMNDVKIEY,49,0.240686,0.15240024700174729
1215,QPNLKALREKVLGLP,49,0.41064799999999996,0.44054777727349614
1216,QVPSASMGRDIKVQF,49,0.0,0.18385819051927008
1217,QYLIKHKSNNVITCG,49,0.341384,0.2945059065570113
1218,RCALHWFPGSHLLAC,49,0.260283,0.6026922103360985
1219,RCALHWFPGSHLLHV,49,0.531529,0.7771935734601038
1220,RDCLIAHGAANTITE,49,0.34626599999999996,0.1105908131988324
1221,RGLLRRARGGPHHRR,49,0.396712,0.1399900806622349
1222,RIDTPDKLTGPFTVR,49,0.041493,0.0799112764008753
1223,RIIAGTLEVHAVKPA,49,0.445377,0.3076549979736715
1224,RIKLDIETSFIFIET,49,0.452151,0.6531094110943855
1225,RKHIEWNCDVCRHGD,49,0.0,0.0985958869232681
1226,RLEFDEFVTLAAKFI,49,0.52461,0.8286381550467691
1227,RMFSSTLRAAVPWYA,49,0.597642,0.637601753806109
1228,RSRPRRTTRRMDRRT,49,0.121832,0.10782857810329456
1229,RTATNIWIDHNSFSN,49,0.098085,0.2006828813509751
1230,RVIRGKKGAGGITIK,49,0.105208,0.0712710242969372
1231,RVWEQIFSTWLLKPG,49,0.8802129999999999,0.8015592274856053
1232,RVYCDPCRAGFETNV,49,0.20008299999999998,0.07671171009756936
1233,SADEVQRMMAEIDTD,49,0.140708,0.18899546251022306
1234,SAIRAAPEAARSLAS,49,0.249462,0.0987259155780331
1235,SDDELPYIDPNMEPV,49,0.29054,0.10950451064246111
1236,SFGIVVAWQVKLLPV,49,1.0,0.5448431192207412
1237,SGTVDFDEFMEMMTG,49,0.523664,0.5291216245417559
1238,SHIQSAVVCGRRHGV,49,0.073847,0.11318001173813037
1239,SRAEVSYVHVNGAKF,49,0.49419799999999997,0.19109048137638637
1240,SRSFLKHSLLRTQRL,49,0.35386,0.6270559679998493
1241,SSKAATAKAPGLVPK,49,0.150398,0.093120899357327
1242,SSYAATEVANAAAAS,49,0.046842,0.15200932584151838
1243,SSYAATEVANAAAGQ,49,0.0,0.17768303498826274
1244,STVVASVTIIDRSLP,49,0.628602,0.26588920690646894
1245,STWLLKPGAGIMIFD,49,0.280412,0.33896589893732004
1246,SVLLVVALFAVFLGS,49,0.29341799999999996,0.1795147252343559
1247,SVRIRVRSGGHDYEG,49,0.061405999999999995,0.12802000693617768
1248,SVTIKLDGNLLSSND,49,0.48456800000000005,0.4515103877608134
1249,SYVHVNGAKFIDTQN,49,0.374136,0.17864587672644144
1250,TAAVELARALVRAVA,49,0.080785,0.15278081445166555
1251,TAKAPGLVPKLDAAY,49,0.306989,0.08651526106764076
1252,TANVPPADKYKTLEA,49,0.024721,0.07857403208575334
1253,TATSASAGWDTVLQS,49,0.329569,0.06065783305285045
1254,TDALRTLGSTSADEV,49,0.236371,0.13748094630042576
1255,TFYGSNPRGAAPDDH,49,0.0,0.08464734810552067
1256,TIAAMMTSPLSVASM,49,0.149425,0.19347322576202414
1257,TISNNLFFNHHKVML,49,0.42946899999999993,0.4999884914839655
1258,TKKFDEVVKANGGYL,49,0.17166099999999998,0.18004586621413032
1259,TKVTFHVVGVGPLLH,49,0.40084200000000003,0.4256627896114763
1260,TLGSTSADEVQRMMA,49,0.090188,0.0853064197278818
1261,TNFKYNYSVIEGGPI,49,0.49722200000000005,0.45413816423935294
1262,TPTNASHIQSAVVCG,49,0.0,0.16258156838729684
1263,TVAAAPQVKYAVFEA,49,0.39381,0.6220129865943773
1264,TVLAFPAGVCPTIGV,49,0.140842,0.23183409095147914
1265,TWQGGSGMASHIIYE,49,0.203961,0.2581714862827777
1266,VATLSEALRIIAGTL,49,0.357699,0.4482055536290247
1267,VDIKPKDSDEFIPMK,49,0.302617,0.16920850982943025
1268,VDLAKSLRIAAKIYS,49,0.375396,0.4401555124825571
1269,VEDEARRMWASAQNI,49,0.12033599999999998,0.13181929794278868
1270,VFGNCEGVKIIGISI,49,0.50121,0.15440051231929686
1271,VGNVAWMHVLAAKYI,49,0.44186499999999995,0.5252055782536
1272,VHAQTVEDEARRMWA,49,0.134163,0.07360374907968018
1273,VIPANWKPDTVYTSK,49,0.026819,0.10310865654076637
1274,VKGDPVGILYAVFKA,49,0.574377,0.4511968136975954
1275,VKIEYSGTNNKTMAV,49,0.105458,0.19955453302179008
1276,VKPLYIITPTNVSHI,49,0.51355,0.38322637161473244
1277,VKQNTLKLATGMRNV,49,0.464109,0.31264408768690993
1278,VLMEWLKTRPILSPL,49,0.6908880000000001,0.7372702309935087
1279,VNYWFAPGAAAAPLS,49,0.26214499999999996,0.24622919934903106
1280,VPPADKYKTFEAAFT,49,0.21915199999999999,0.7261318938430632
1281,VPQLQPQNPSQQQPQ,49,0.116399,0.018474053651156553
1282,VQNTVEDLKLNTLGR,49,0.517691,0.40355940510814275
1283,VRILRRVHHRKYLTD,49,0.32251199999999997,0.2581234633224342
1284,VRSGGHDYEGLSYRS,49,0.14844100000000002,0.08630274821308824
1285,VRVPVPQLQPQNPSQ,49,0.147447,0.10823469766444993
1286,VSEALRIIAGTLEVH,49,0.49342700000000006,0.4856342931576525
1287,VSTIVPYIGPALNIV,49,0.432555,0.28542273000646
1288,VSVDCSEYPKPDCTA,49,0.0,0.03653266717141844
1289,VTMNDVKIEYSGTNN,49,0.39653,0.167445761322666
1290,VTVDAAVLAAIDADA,49,0.224489,0.07636054797261914
1291,VVLGLATSPTAEGGK,49,0.145744,0.17034297773422327
1292,VVSRLLIPVPFDPPA,49,0.202519,0.5633415641870327
1293,VWRIDTPDKLTGPFT,49,0.19713699999999998,0.12237376252898487
1294,WEQIFSTWLLKPGAG,49,0.604405,0.8143074113509005
1295,WGAIWRIDTPDKLTG,49,0.192073,0.1610816297175594
1296,WGAIWRIDTPEVLKG,49,0.275984,0.4638906878951398
1297,WIELKESWGAVWRID,49,0.241706,0.3214803680592451
1298,WKPDTVYTSKLQFGA,49,0.370913,0.6703339995321429
1299,YANYRDIDLGRNEVV,49,0.376656,0.16504070928182468
1300,YGIAAENVIDVKLVD,49,0.40411199999999997,0.3354423900338933
1301,YGRIAECILGMNPSR,49,0.5230600000000001,0.33221824919168175
1302,YKDVDKPPFSGMTGC,49,0.073291,0.09530564305982565
1303,YKKLRTSSFALNLPT,49,0.537428,0.8450789291571347
1304,YLAILVKYVDGDGDV,49,0.517262,0.27348027444955625
1305,YPFIEQEGPEFFDQE,49,0.23446599999999998,0.655522018577769
1306,YRKILRQRKIDRLID,49,0.188496,0.3422592169375928
1307,YTTEGGTKGEAKDVI,49,0.064983,0.019985899338490067
1308,EEDKENALSLLDKIYT,49,0.5007149999999999,0.6310628300047445
1309,EKIQKAFDDIAKYFSK,49,0.383774,0.6122764295345102
1310,GKWYLKAMTADQEVPE,49,0.216052,0.5513782983957731
1311,KFDSQLAHRHMARELH,49,0.24105,0.22796410658945918
1312,LNKIVRMYSPVSILDI,49,0.699088,0.669474751296454
1313,SPEVIPMFSALSEGAT,49,0.301325,0.4658027484207518
1314,CVDAKMTEEDKENALSL,49,0.347773,0.24633908373230337
1315,EHREVLWKFDSQLAHRH,49,0.352125,0.626587478787668
1316,YAHAAHAAHAAHAAHAA,49,0.37294499999999997,0.024453325288844766
1317,FESTGNLIAPEYGFKISY,49,0.333841,0.5504824111783428
1318,LRAEQASQEVKNWMTETL,49,0.125549,0.15889086655335116
1319,NVTENFNMWKNNMVEQMH,49,0.317361,0.26068868882925816
1320,PVGDIYKRWIILGLNKIV,49,0.586292,0.5566895717834647
1321,SELYLYKVVKIEPLGVAP,49,0.553458,0.7136342202272031
1322,WVKVVEEKGFNPEVIPMF,49,0.142703,0.40766999966558415
1323,YVDRFYKTLRAEQASQEV,49,0.493357,0.8010877163429838
1324,GEIYKRWIILGLNKIVRMY,49,0.426359,0.6543284088859227
1325,KLPKPPKPVSKMRMATPLL,49,0.390829,0.6632865591118635
1326,LGVLLLIGCWYCRRRNGYR,49,0.41198999999999997,0.5495648495577558
1327,VRVPVPQLQPQNPSQQQPQ,49,0.329995,0.14891725742045184
1328,WEALKYLWNLLQYWGQELK,49,0.19059600000000002,0.5983285330421785
1329,ARRRRASEAPPTSHRRASRQ,49,0.310502,0.16542944331517723
1330,DKISDVSTIVPYIGPALNIV,49,0.529782,0.22131229905029096
1331,EYLNKIQNSLSTEWSPCSVT,49,0.576704,0.6462324332617166
1332,IEPIVATNWQKLEAFWHKHM,49,0.22268000000000002,0.6292327628702266
1333,KIIGGIGGFVKVRQYDQIPI,49,0.310041,0.4302049911707554
1334,KMIGGIGGFVKVRQYDQIPI,49,0.20964699999999997,0.23311233981811433
1335,KRWIILGLNKIVRMYSPTSI,49,0.470053,0.7639382045118254
1336,LYKYKVVKIEPLGVAPTKAK,49,0.6039869999999999,0.6534511737249404
1337,VLMEWLKTRPILSPLTKGIL,49,0.793906,0.6224367439834919
1338,DMTPADALDD,50,0.0,0.004731650153545228
1339,EIVDLMCHAT,50,0.371722,0.009255223498280668
1340,EVDMTPADAL,50,0.0,0.007256791880384266
1341,KIQNVIIDECY,50,0.032409,0.01837404631466958
1342,KMMGVPLQCSA,50,0.179052,0.022951962482866826
1343,LVEALYLVCGE,50,0.343783,0.06164387319746867
1344,MSSGSFINISV,50,0.059322,0.021329473944881855
1345,GVTYEIDLTNKN,50,0.0,0.06822064473769082
1346,ASTEYTPIGDNKA,50,0.0,0.02864120473935172
1347,DYIDAYVSRLLDD,50,0.044015,0.2571061067724994
1348,DYVVMSAWYKEPN,50,0.427609,0.24365149861721436
1349,GINYLIDTTSREL,50,0.0,0.11716294797092545
1350,MEALTFKACDHIM,50,0.0,0.33697057293263605
1351,QDEKDYIDAYVSR,50,0.029768,0.05160959390040798
1352,SAMVYSSDDIPPR,50,0.0,0.01919833185945992
1353,SPEVIPMFSALSE,50,0.23493899999999998,0.0823233003890447
1354,SSVDRYRNRVLLL,50,0.032409,0.11209922868584979
1355,SYDGVSEDTDDDD,50,0.0,0.023566043692190574
1356,YTPIGDNKALISK,50,0.0,0.07204482801851338
1357,EEDIEIKPIQEEEY,50,0.11118299999999999,0.08029507478158292
1358,KPLLIIAEDVEGEY,50,0.207556,0.4119636558856178
1359,LDHILEPSIPYKSK,50,0.245221,0.11410998546380369
1360,MLFRILSLNLIKIK,50,0.178919,0.5157060960542825
1361,NTSYRLISCNTSVI,50,0.0,0.056260407885278
1362,PLYRYLGGCFACSL,50,0.238612,0.12609392446220274
1363,AAAAPAAVGAAVGGT,50,0.08907000000000001,0.022418858132549364
1364,AAAGLAAAAPLESRQ,50,0.432717,0.10274717270462673
1365,AAGAQLLWQLPLLSI,50,0.614637,0.3748696260725196
1366,AAGVAAWSLIALMIP,50,0.45566599999999996,0.4610986213724564
1367,AALPLLFFALAGQRI,50,0.686791,0.6908375403701017
1368,AAPEAARSLASSLPG,50,0.0,0.08345747316242177
1369,AAPLSWSKDIYNYME,50,0.240891,0.1878484387995557
1370,AASGADGTYDITKLG,50,0.0,0.04155916691224025
1371,AAVELARALVRAVAE,50,0.192706,0.09994200538916773
1372,ADVQYDLYLNVANRR,50,0.6456,0.30478536055472855
1373,AELMILIATNLLGQN,50,0.664352,0.3872749484918383
1374,AFMLAWNYGVPRVMS,50,0.21160700000000002,0.3434177890114865
1375,AGALEVHAVKPVTEE,50,0.0,0.1302129873525825
1376,AGAWRTAAVELARAL,50,0.43744099999999997,0.19432334286729663
1377,AGRFEVHAQTVEDEA,50,0.0,0.15055848571288583
1378,AGWDTVLQSITTILA,50,0.0,0.2507590460242223
1379,AHARSYQTLSTQAAA,50,0.057592,0.15275045358323353
1380,AINIFNVEKYGAVGD,50,0.49116000000000004,0.4759283223222661
1381,AKPDGKTDCTKEVEE,50,0.0,0.018322551091500185
1382,ALKESWGAIWRIDTP,50,0.073291,0.3151591309509764
1383,ALLPRAGAAAAAALP,50,0.42054899999999995,0.047381081931731406
1384,ALQSHDDVALVSVMW,50,0.249698,0.09521626823145449
1385,ALRVIAGALEVHAVK,50,0.313936,0.3464212205517073
1386,ALSDADWHFIADPAS,50,0.0,0.10178192086434514
1387,ALTKAITAMSEVQKV,50,0.14688199999999998,0.3003650961894614
1388,APGAAAAPLSWSKDI,50,0.086517,0.09169831015688511
1389,AQAVYDFRSIVDYLR,50,0.295118,0.3216458657393655
1390,AQIYQAVSAQAAAIH,50,0.31164200000000003,0.11643623334758703
1391,AQVRADRILALDADP,50,0.234194,0.17981073300364675
1392,ARRRRASEAPPTSHR,50,0.0,0.055649924282515036
1393,ASAAILGHDGTVWAQ,50,0.011165000000000001,0.04964389804957781
1394,ASEAPPTSHRRASRQ,50,0.183345,0.03492498083926161
1395,ASNPNYLAILVKYVD,50,0.640283,0.3796906530846924
1396,ATPPPPPPPQLGASP,50,0.0,0.004631424868981266
1397,ATSPTAEGGKATTEE,50,0.0,0.019480565341472824
1398,ATTANVPPADKYKTF,50,0.0,0.07188927692923684
1399,AVFEAALTKAITAMS,50,0.277487,0.7347902659847128
1400,AVFEAALTKAITAMT,50,0.299547,0.7749190788513093
1401,AVHVWLRLPAGRVEI,50,0.25109499999999996,0.3911106044563843
1402,AVIRGKKGAGGITIK,50,0.1927,0.1126787177120612
1403,AVMLTFDNAGMWNVR,50,0.24115100000000003,0.29519490501600487
1404,AWASACGGTGKNTIV,50,0.060770000000000005,0.03445778037646086
1405,AWMSAAATQAEQAAT,50,0.177021,0.03375810077202922
1406,AYGSFVRTVSLPVGA,50,0.272851,0.5412217103546154
1407,AYSDDKSMKVTVAFN,50,0.15318800000000002,0.2721566795524962
1408,AYVATVSEALRIIAG,50,0.14985199999999999,0.40428389396442743
1409,CDASILIDPLSNQSA,50,0.045538999999999996,0.20072176491828062
1410,CDGERPTLAFLQDVM,50,0.159224,0.3145166969703647
1411,CGGTGKNTIVIPKGD,50,0.113647,0.10621039967763554
1412,CGYKDVDKPPFDGMT,50,0.053810000000000004,0.06844607030338215
1413,CIEYVTLNASQYANC,50,0.183091,0.2056248918647398
1414,DALTLRTATNIWIDH,50,0.28660399999999997,0.18655107500418405
1415,DCSEYPKPDCTAEDR,50,0.0,0.021227291381688603
1416,DEARRMWASAQNISG,50,0.27942,0.10438539307038314
1417,DEPMVQVEAGKVNHS,50,0.35133000000000003,0.06951206684534014
1418,DESWQQFRQELIPLL,50,0.404974,0.5023722979121024
1419,DGQGKAVWGKNSCAK,50,0.10366900000000001,0.025925972366546368
1420,DHTNFKYNYSVIEGG,50,0.38600999999999996,0.3610933440027085
1421,DIDLGRNEVVNDVST,50,0.0,0.0852451154672362
1422,DIFTNSRGKRASKGN,50,0.105477,0.2011567765257911
1423,DIKVQFQSGGNNSPA,50,0.0,0.08487954181349729
1424,DINASFRAAMATTAN,50,0.0,0.13120366321802085
1425,DITVKNCVLKKSTNG,50,0.15184,0.21305373252801676
1426,DKISDVSTIVPYIGP,50,0.0,0.1607696041122647
1427,DKKCIEWEKAQHGAC,50,0.262936,0.1507808419300908
1428,DKLTGPFTVRYTTEG,50,0.0,0.1083299751017043
1429,DKVYEILKINSVKYY,50,0.549287,0.5796960445929688
1430,DLVANQPNLKALREK,50,0.420709,0.2096544149508637
1431,DVFYNGAYFVSSGKY,50,0.486749,0.4408372388629553
1432,DVLSQPMLPHTWDGS,50,0.322967,0.08368838215669727
1433,EAAFNKAIKESTGGA,50,0.133074,0.37363685883972175
1434,EEFVSLASRFLVEED,50,0.443539,0.5620778639553556
1435,EEVDMTPADALDDFD,50,0.0,0.03240695191765129
1436,EFIPMKSSWGAIWRI,50,0.227402,0.2917499650671815
1437,EFVTLAAKFIIEEDS,50,0.22778800000000002,0.7784551886945826
1438,EGHHLASAAIFGHDG,50,0.0385,0.17535018558905632
1439,EGHHLASAAILGHDG,50,0.08608099999999999,0.1303514431255007
1440,EHELYVAVLSNALHR,50,0.387655,0.4240123894455142
1441,EITGIMKDFDEPGHL,50,0.021555,0.06390825948946732
1442,EKKYFAAFQFEPLAA,50,0.777679,0.9925207022346748
1443,EKKYFAALQFEPLAA,50,0.902932,0.9949975554096832
1444,EKKYFAARQFEPLAA,50,0.665103,0.9944255878902323
1445,EKKYFAATEFEPLAA,50,0.8439049999999999,0.9927210764379538
1446,EKKYFAATKFEPLAA,50,0.811179,0.9919042853698617
1447,EKKYFAATQAEPLAA,50,0.533107,0.9681777913994025
1448,EKKYFAATQCEPLAA,50,0.554904,0.9715420017667619
1449,EKKYFAATQDEPLAA,50,0.310256,0.9703637834783939
1450,EKKYFAATQEEPLAA,50,0.264903,0.9740361153268265
1451,EKKYFAATQGEPLAA,50,0.47262299999999996,0.9824026487719054
1452,EKKYFAATQHEPLAA,50,0.396082,0.9832993472184474
1453,EKKYFAATQIEPLAA,50,0.642003,0.9842475325271666
1454,EKKYFAATQKEPLAA,50,0.643489,0.9796530480405258
1455,EKKYFAATQLEPLAA,50,0.6520779999999999,0.9825330193895904
1456,EKKYFAATQMEPLAA,50,0.637473,0.9848056450420374
1457,EKKYFAATQNEPLAA,50,0.460304,0.9802418776864988
1458,EKKYFAATQPEPLAA,50,0.471296,0.9729997656580827
1459,EKKYFAATQQEPLAA,50,0.38342,0.9715938411680908
1460,EKKYFAATQREPLAA,50,0.251815,0.9755348604387901
1461,EKKYFAATQSEPLAA,50,0.5401229999999999,0.9752653796707523
1462,EKKYFAATQTEPLAA,50,0.515201,0.9660428574179608
1463,EKKYFAATQVEPLAA,50,0.499021,0.976036804310501
1464,EKKYFAATQWEPLAA,50,0.748634,0.9787873507866935
1465,EKKYFAATQYEPLAA,50,0.682132,0.9730079035978271
1466,EKKYFAATWFEPLAA,50,0.8833799999999999,0.9955303396526998
1467,EKKYFACTQFEPLAA,50,0.8459780000000001,0.9947464039366056
1468,EKKYFAHTQFEPLAA,50,0.8220370000000001,0.9939208946713711
1469,EKKYFANTQFEPLAA,50,0.770813,0.9798635466588513
1470,EKKYFATTQFEPLAA,50,0.8479120000000001,0.9948052153931142
1471,ELAAVSVDCSEYPKP,50,0.0,0.05726567425661048
1472,ELKESWGAIWRIDTP,50,0.094498,0.21735164585621874
1473,ELYKYKVVKIEPLGV,50,0.335922,0.5244301673584618
1474,EQCGRQAGGKLCPNN,50,0.0,0.021892088093205888
1475,ESLHNPYPDYHWLRT,50,0.0,0.038726155175705206
1476,ESTGGAYDTYKSIPS,50,0.351754,0.0928874418367516
1477,ESWGAVWRIDTPDKL,50,0.242648,0.14622862715072688
1478,EVDMTPADALDDFDL,50,0.02705,0.045296609830251314
1479,EVLGFRMVQDERVGR,50,0.0,0.1975795868741364
1480,EVVKANGGYLAAGKL,50,0.586468,0.18350312205320443
1481,EYIEAAKWLLPPPKV,50,0.425025,0.5096409255764479
1482,EYLNKIQNSLSTEWS,50,0.276922,0.2927867229350545
1483,FAVATITHAAELQRV,50,0.29794299999999996,0.2059607606737061
1484,FDHEFTFGWDELLSK,50,0.49163599999999996,0.5778102428387105
1485,FDKYGATISATPESA,50,0.338147,0.1618432973478352
1486,FDPKGATISATPESA,50,0.043439,0.050401395902197985
1487,FDPYGATIKATPESA,50,0.19008599999999998,0.1338337284366005
1488,FDPYGATISATKESA,50,0.211416,0.13850529448665114
1489,FDPYGATISATPEKA,50,0.11735599999999999,0.12813386910188979
1490,FDPYGATISATPESA,50,0.0,0.05295140210744236
1491,FDPYGATISATPESK,50,0.064983,0.0823924658426241
1492,FDPYGATISATPKSA,50,0.41062600000000005,0.12940975799887708
1493,FDREFTFGWDELLSK,50,0.42601300000000003,0.5778102428387105
1494,FEAAFNDAIKASTGG,50,0.37838,0.3070703479457521
1495,FKPYGATISATPESA,50,0.0,0.1247656417573997
1496,FLAVAVVLGLATSPT,50,0.11676900000000001,0.20520936015637029
1497,FLFQRAVAREAIIAL,50,0.44523900000000005,0.737571025894114
1498,FPPNGTHSWEYWGAQ,50,0.0,0.129565568137167
1499,FTSLEYIEAAKWLLP,50,0.480943,0.5861610474369952
1500,FVNQHLCGSHLVEAL,50,0.06384400000000001,0.12139047850688472
1501,FVVTGRVYCDPCRAG,50,0.19480899999999998,0.04270754959261125
1502,GAVDIINKWQVVAPQ,50,0.0,0.16687954994082058
1503,GAYFVSSGKYEGGNI,50,0.28772,0.2372711140116313
1504,GELEFEEFVSLASRF,50,0.61541,0.4796149133855599
1505,GEVEIQFRRVKCKYP,50,0.166774,0.2255119205832851
1506,GEVLNALAYDVPIPG,50,0.07974400000000001,0.31121569696209356
1507,GGACGYKDVDKPPFS,50,0.0,0.07352368174505644
1508,GGGFGMLLRKYGIAA,50,0.292953,0.48041562391353804
1509,GGSILKISNKFHTKG,50,0.888281,0.632117959622616
1510,GGSILKISNKYHTKG,50,0.798908,0.4392653657164218
1511,GKGTLDGQGKAVWGK,50,0.09712,0.0660685940132146
1512,GKIDFLNNYALFLSP,50,0.440902,0.6971387737382936
1513,GLSGEPKGGAESSSK,50,0.094498,0.014675586980261463
1514,GLVPKLDAAYSVAYK,50,0.564768,0.30467880206975173
1515,GNIVAVDIKPKDSDE,50,0.139626,0.11408443031632966
1516,GPPVEASAAALAGDA,50,0.0,0.05607004216826376
1517,GRKRPIVRILRRVHH,50,0.38346199999999997,0.516497454794447
1518,GTKGEAKDVIPEGWK,50,0.0,0.05347428597473114
1519,GWIISNIFGAIPVLA,50,0.183056,0.3440312448209726
1520,GWIISNIFGAIPVLG,50,0.0,0.22035095585235367
1521,HDYEGLSYRSLQPET,50,0.213824,0.19839740943162976
1522,HFSNVFRSVMAPFTM,50,0.579842,0.5918758746326536
1523,HGRQIRMAKLLGRDP,50,0.318418,0.40691314925591476
1524,HMAKEDLVANQPNLK,50,0.180673,0.10880696748043416
1525,HSRNLINELSERMAG,50,0.273338,0.18627170083722716
1526,IAAMMTSPLSVASMT,50,0.6531359999999999,0.1866898681299309
1527,IASLFAAAGLAAAAP,50,0.240184,0.18700004058248837
1528,IEFRFYKEITNVFRG,50,0.6479659999999999,0.7304839712434843
1529,IGPEAAEAAAAAPAA,50,0.0,0.13835817756607083
1530,IGRIAECILGYNPSR,50,0.7175279999999999,0.09975664134249938
1531,IGRIAETILGYNPSA,50,0.7522260000000001,0.20429635324397236
1532,IGSYVAFLSQTFAFI,50,0.067151,0.8577285312738838
1533,IHKASTVLAFPAGVC,50,0.346976,0.4290484647859924
1534,IIELFTAKGFTVQEM,50,0.277471,0.574056175405172
1535,IITPTNVSHIQSAVV,50,0.0,0.10818004157245896
1536,IMRIKKLTITGKGTL,50,0.396374,0.4131219033645351
1537,INLIIHYVDRPGALG,50,0.32355,0.16957915053560246
1538,IPKGDFLTGPLNFTG,50,0.47303900000000004,0.30520184933983274
1539,IPVMAYLVGLFAWVL,50,0.15854100000000002,0.46043096624846713
1540,IQNSLSTEWSPCSVT,50,0.0,0.05209263091754906
1541,ISATPEWATPFPHRK,50,0.017618,0.1367726120162786
1542,ISDFRAAIANYHYDA,50,0.147605,0.2237661689313403
1543,ISGLKPGVDYTITVY,50,0.25677300000000003,0.16932265897177465
1544,ITAMSEVQKVSQPAT,50,0.189612,0.18005878606146555
1545,IVLNHMTGAQSGKGT,50,0.247065,0.08912465811713774
1546,KAIKESTGGAYDTYK,50,0.16513699999999998,0.044622031388778
1547,KASNPNYLAILVKYV,50,0.6138399999999999,0.33677477972479997
1548,KCKYPEGTKVTFHVE,50,0.115255,0.11777489165056253
1549,KDILEDERAAVDTYC,50,0.151661,0.07906182197391105
1550,KDKWIELKESWGAIW,50,0.05329299999999999,0.2136880617889062
1551,KDPYGATISATPESA,50,0.0,0.05295140210744236
1552,KEVEEAWASACGGTG,50,0.167431,0.028577718977406755
1553,KEYTFPITLSSTSNP,50,0.21745,0.7919139471676965
1554,KFTQFAGKDLESIKG,50,0.406225,0.6031511538541283
1555,KFVDSTVVASVTIID,50,0.16086,0.3472116535387785
1556,KGKDKWIELKESWGA,50,0.301973,0.14468294523041308
1557,KGSNDHYLALLVKYA,50,0.36085700000000004,0.3737267826479909
1558,KHLAVLVKYEGDTMA,50,0.301479,0.24040447626604958
1559,KIEIDQDHQEEICEV,50,0.0,0.044786751254916
1560,KKGAGGITIKKTGQA,50,0.060698,0.08819979245949328
1561,KLCPNNLCCSQWGWC,50,0.071176,0.03647670269514477
1562,KLKIQNVIIDECYGA,50,0.16905699999999999,0.24093807843691475
1563,KLPWKNESSIKVIKQ,50,0.284968,0.3535009178500514
1564,KLTITGKGTLDGQGK,50,0.12067,0.10055105253366385
1565,KMPMYIAGYKTFDGR,50,0.33066,0.3437135519555461
1566,KNTIVIPKGDFLTGP,50,0.15325899999999998,0.2070807189389366
1567,KPPFSGMTGCGNTPI,50,0.06853,0.013889196824927147
1568,KSIIKARVVWKAIIE,50,0.347019,0.5035148325946807
1569,KSMKVTVAFNQFGPN,50,0.8485950000000001,0.4962292902171409
1570,KSTNGLRIKSYEDAK,50,0.147634,0.21148453349384597
1571,KTDCTKEVEEAWASA,50,0.273679,0.045592454905879286
1572,KTVSEGAVDIINKWQ,50,0.09248200000000001,0.14140744705992178
1573,KYDAYVATLSEALRI,50,0.342292,0.46854083739620345
1574,KYKTFEAAFTVSSKR,50,0.567183,0.8808893948745812
1575,LDGNLLSSNDLAKYK,50,0.491017,0.32039456811490596
1576,LEAKATFYGSNPRGA,50,0.060770000000000005,0.336787496860334
1577,LEKISNEIKIVATPD,50,0.36082800000000004,0.48889470360290155
1578,LFFNHHKVMLLGHDD,50,0.25705700000000004,0.45905189654194345
1579,LHFSEALRIIAGTPE,50,0.247151,0.5570988460406607
1580,LKLATGMRNVPEKQT,50,0.505129,0.14576115423626332
1581,LKNCVDAKMTEEDKE,50,0.189967,0.08474020155897055
1582,LKTRPILSPLTKGIL,50,0.639363,0.3725573733823768
1583,LNIKLNMPLYIAGNK,50,0.532533,0.5079040088800638
1584,LQFAKLTGFTLMGKG,50,0.628925,0.8472501941668509
1585,LQSLWANFYELLADA,50,0.415654,0.5346800893144508
1586,LRIAAKIYSEADEAW,50,0.462596,0.4136582844919462
1587,LSSNDLAKYKANWIE,50,0.26953499999999997,0.3030116821744006
1588,LSYRSLQPETFAVVD,50,0.49886199999999997,0.5653512433106334
1589,LTGYSLFQKEKMVLN,50,0.519917,0.5219183218633947
1590,LVKFVAGDGDVVAVD,50,0.0,0.16124366685954244
1591,LVKYEGDTMAEVELR,50,0.145169,0.14127519979269215
1592,LVSKLYEVVPGILTE,50,0.5389689999999999,0.3354190008132314
1593,MAFLRSVSRLAAAVF,50,0.561868,0.3626908117954238
1594,MASSSSVLLVVALFA,50,0.196588,0.1859362860696068
1595,MASSSSVLLVVVLFA,50,0.050123,0.17654811178292007
1596,MGEAVQNTVEDLKLN,50,0.069883,0.23213403896148138
1597,MGRDIKVQFQSGGAN,50,0.0,0.10951632515696354
1598,MLLRKYGIAAENVID,50,0.288498,0.42378111603209306
1599,MPFVTTQPEALAAAA,50,0.0,0.5774986272852007
1600,MSFVTTQPEALAAAA,50,0.091545,0.639363344678411
1601,MSQIMYNYPAMMAHA,50,0.486957,0.5348151831293396
1602,MSQIMYNYPAMRAHA,50,0.383398,0.24115319828071155
1603,MVVERLGDYLVEQGM,50,0.356619,0.18491039068648804
1604,NCVLKKSTNGLRIKS,50,0.405393,0.3215872920696115
1605,NDAIKASTGGAYESY,50,0.167883,0.06164753316528297
1606,NDFLKTGHYTQMVWA,50,0.39009,0.14367517009335523
1607,NFTVGRIIELFTAKG,50,0.15318099999999998,0.5961131118276665
1608,NHFFNHHKVMLLGHD,50,0.40380900000000003,0.47777544150318435
1609,NHFFNHHKVMLLGHS,50,0.40889899999999996,0.47777544150318435
1610,NLNIKLNMPLYIAGN,50,0.175271,0.4378563367767843
1611,NMVVERLGDYLVEQG,50,0.433667,0.14354618918902595
1612,NNRIWLQFAKLTGFT,50,0.6030909999999999,0.6422360373040296
1613,NPRQAYANYRDIDLG,50,0.0,0.0911082755163107
1614,NRIMADGGSIQNTNL,50,0.0,0.03495713242857151
1615,NVSHIQSAVVCGRRH,50,0.0,0.09877958541292994
1616,NYLALLVKFVAGDGD,50,0.280337,0.4714101905136667
1617,PAAAYATATPAAATA,50,0.128701,0.026649413656779745
1618,PAGVCPTIGVGGNFA,50,0.069883,0.024507808593187026
1619,PALLALLALPALLLL,50,0.18771500000000002,0.09292758986837846
1620,PASWKNNRIWLQFAK,50,0.4666,0.4176386417557455
1621,PCKGDSVTIKLDGNL,50,0.0,0.12145653237444634
1622,PCRAGFETNVSHNVQ,50,0.100297,0.05352177988931105
1623,PEQIQLLKKAFDAFD,50,0.598785,0.504181096350181
1624,PEVKYAVFEAALTKA,50,0.629095,0.9336865015101912
1625,PIIIDQKYCPNKICT,50,0.156884,0.08526225247305128
1626,PIYIVTPTNASHIQS,50,0.0,0.19191705740855944
1627,PKDSDEFIPMKSSWG,50,0.579392,0.14365278611442042
1628,PKGGAESSSKAALTS,50,0.10893499999999999,0.07426812709418348
1629,PLYKLVHVFINTQYA,50,0.725021,0.3646990082449761
1630,PPPPQLGASPYKLGP,50,0.134163,0.06649661516733683
1631,PQVKYAVFEAALTKA,50,0.513008,0.9023348230793601
1632,PSMGRDIKVQFQSGG,50,0.276733,0.10856606537830168
1633,PSPSMGRDIKVQFQS,50,0.311592,0.08532102344932724
1634,PTLAFPAGVCPTIGV,50,0.11173599999999999,0.06039511138063053
1635,PYGATISATPEWATP,50,0.075767,0.05814016936604769
1636,QAGGKLCPNNLCCSQ,50,0.0,0.024918583220697423
1637,QDHQEEICEVVLAKS,50,0.16037200000000001,0.11928029826353209
1638,QEVFKAIQSLKTTEV,50,0.453793,0.6784258604274013
1639,QFRRVKCKYPEGTKV,50,0.050658999999999996,0.15903654954259774
1640,QGEPGAVIRGKKGAG,50,0.050042,0.1354408794690546
1641,QGEPGRVIRGKKGAG,50,0.074838,0.09879983622090345
1642,QIHQYIMALREEYFD,50,0.556192,0.4899210238749027
1643,QIRMAKLLGRDPEQS,50,0.228579,0.21911946880251734
1644,QKLIEDINASFRAAM,50,0.375915,0.24352218733225242
1645,QKYCPNKICTSKGDS,50,0.068467,0.14321146707608795
1646,QLSALWARFPLPVIP,50,0.342188,0.5955353420215224
1647,QLYSKFLLKAEPLAF,50,0.591598,0.8347156524467851
1648,QPCNGVTMNDVKIEY,50,0.163102,0.10138093769057707
1649,QPNLKALREKVLGLP,50,0.24225700000000003,0.4592759331320092
1650,QVPSASMGRDIKVQF,50,0.248658,0.11781801507275688
1651,QYLIKHKSNNVITCG,50,0.0,0.22935237003870468
1652,RCALHWFPGSHLLAC,50,0.051900999999999996,0.2126547646282795
1653,RCALHWFPGSHLLHV,50,0.17293699999999998,0.3704037196559884
1654,RDCLIAHGAANTITE,50,0.170256,0.10726318291235665
1655,RIDTPDKLTGPFTVR,50,0.0,0.06680622649972756
1656,RIIAGTLEVHAVKPA,50,0.280144,0.17904763471815255
1657,RIKLDIETSFIFIET,50,0.342587,0.5721541978139989
1658,RLEFDEFVTLAAKFI,50,0.5837600000000001,0.794829856462936
1659,RMFSSTLRAAVPWYA,50,0.411175,0.43068563872848914
1660,RSRPRRTTRRMDRRT,50,0.420652,0.08733763853275082
1661,RTATNIWIDHNSFSN,50,0.0,0.09952045390679742
1662,RVIRGKKGAGGITIK,50,0.274223,0.1126787177120612
1663,RVWEQIFSTWLLKPG,50,0.306577,0.4816798611053662
1664,RVYCDPCRAGFETNV,50,0.0,0.03299395306053661
1665,SADEVQRMMAEIDTD,50,0.0,0.07794047561482038
1666,SAIRAAPEAARSLAS,50,0.035607,0.08613128351041421
1667,SDDELPYIDPNMEPV,50,0.248941,0.05524514198118424
1668,SFGIVVAWQVKLLPV,50,0.310287,0.37619881871126004
1669,SGTVDFDEFMEMMTG,50,0.48407700000000004,0.320346540663228
1670,SHIQSAVVCGRRHGV,50,0.025660000000000002,0.07593401079122725
1671,SRAEVSYVHVNGAKF,50,0.24483000000000002,0.1255021676832421
1672,SSKAATAKAPGLVPK,50,0.19020399999999998,0.1490527575021304
1673,SSNDLAKYKANWIEI,50,0.21437399999999998,0.3832494831259965
1674,SSYAATEVANAAAAS,50,0.344881,0.15883572466163237
1675,SSYAATEVANAAAGQ,50,0.277497,0.1667077909205949
1676,STVVASVTIIDRSLP,50,0.41447,0.16029363266724142
1677,STWLLKPGAGIMIFD,50,0.0,0.29965542899447833
1678,SVLLVVALFAVFLGS,50,0.0,0.11502544305551195
1679,SVRIRVRSGGHDYEG,50,0.0,0.14880340004982193
1680,SVTIKLDGNLLSSND,50,0.46745699999999996,0.5102487232853552
1681,SYVHVNGAKFIDTQN,50,0.282609,0.1290258635013663
1682,TAAVELARALVRAVA,50,0.272968,0.1551161284008722
1683,TAKAPGLVPKLDAAY,50,0.180505,0.1005862277819178
1684,TANVPPADKYKTLEA,50,0.0,0.07666198890723197
1685,TATSASAGWDTVLQS,50,0.0,0.04633421236775141
1686,TDALRTLGSTSADEV,50,0.018378,0.11221536151470603
1687,TFYGSNPRGAAPDDH,50,0.0,0.03273574190087509
1688,TIAAMMTSPLSVASM,50,0.326498,0.17067200506755448
1689,TISNNLFFNHHKVML,50,0.44104,0.23950210101285607
1690,TKKFDEVVKANGGYL,50,0.40558299999999997,0.17057704068790586
1691,TLGSTSADEVQRMMA,50,0.0,0.060512693893190014
1692,TNFKYNYSVIEGGPI,50,0.49668999999999996,0.39213569326350206
1693,TPTNASHIQSAVVCG,50,0.0,0.12289306585991659
1694,TSALIWMASPPEVHS,50,0.0,0.22554977171228752
1695,TVAAAPQVKYAVFEA,50,0.371739,0.570711349383297
1696,TVFEAAFNDAIKAST,50,0.6600729999999999,0.32403718575840024
1697,TVLAFPAGVCPTIGV,50,0.076173,0.08362132786208107
1698,TWQGGSGMASHIIYE,50,0.123628,0.09982722049742927
1699,VATLSEALRIIAGTL,50,0.187448,0.4224689454949492
1700,VDIKPKDSDEFIPMK,50,0.5694140000000001,0.17237909781924524
1701,VDLAKSLRIAAKIYS,50,0.6503760000000001,0.5573110318473745
1702,VEDEARRMWASAQNI,50,0.228129,0.07658416449969047
1703,VFEAAFNDAIKASTG,50,0.5154770000000001,0.33063341529489904
1704,VFGNCEGVKIIGISI,50,0.196918,0.14431621587435325
1705,VGNVAWMHVLAAKYI,50,0.255905,0.49842391455012813
1706,VHAQTVEDEARRMWA,50,0.153086,0.04602248102891657
1707,VIPANWKPDTVYTSK,50,0.0,0.07257164068660092
1708,VKGDPVGILYAVFKA,50,0.601232,0.43014490514884723
1709,VKIEYSGTNNKTMAV,50,0.10865,0.21461262829032232
1710,VKPLYIITPTNVSHI,50,0.17538399999999998,0.2176585283544666
1711,VKQNTLKLATGMRNV,50,0.6233350000000001,0.2999769351469551
1712,VLMEWLKTRPILSPL,50,0.848191,0.5902397035447826
1713,VNYWFAPGAAAAPLS,50,0.06679500000000001,0.11016647404535677
1714,VPPADKYKTFEAAFT,50,0.44118900000000005,0.6939264259456241
1715,VPQLQPQNPSQQQPQ,50,0.108078,0.010981074290546594
1716,VQNTVEDLKLNTLGR,50,0.33716599999999997,0.3811518937718374
1717,VRILRRVHHRKYLTD,50,0.225646,0.2589092558602994
1718,VRSGGHDYEGLSYRS,50,0.0,0.045438215022195395
1719,VRVPVPQLQPQNPSQ,50,0.0,0.05068226069325341
1720,VSEALRIIAGTLEVH,50,0.204198,0.3184081916115147
1721,VSTIVPYIGPALNIV,50,0.20026,0.17397835384236074
1722,VSVDCSEYPKPDCTA,50,0.0,0.026667936678613037
1723,VTMNDVKIEYSGTNN,50,0.117873,0.14642166976921903
1724,VTVDAAVLAAIDADA,50,0.200979,0.0949508122156492
1725,VVLGLATSPTAEGGK,50,0.0,0.10423712848493359
1726,VVSRLLIPVPFDPPA,50,0.346881,0.2750319677583509
1727,VWRIDTPDKLTGPFT,50,0.127663,0.10038032888734098
1728,WEQIFSTWLLKPGAG,50,0.287885,0.474592607043063
1729,WGAIWRIDTPDKLTG,50,0.0,0.1173106059041001
1730,WGAIWRIDTPEVLKG,50,0.141237,0.24694232145175057
1731,WIELKESWGAVWRID,50,0.260265,0.16719774281352423
1732,WKPDTVYTSKLQFGA,50,0.387864,0.5139364195234833
1733,YANYRDIDLGRNEVV,50,0.0,0.09903474663353143
1734,YGIAAENVIDVKLVD,50,0.231946,0.19164551580246147
1735,YGRIAECILGMNPSR,50,0.762961,0.16838845675563313
1736,YKDVDKPPFSGMTGC,50,0.0,0.07111102548244919
1737,YKKLRTSSFALNLPT,50,0.5010680000000001,0.7468047154223726
1738,YLAILVKYVDGDGDV,50,0.393997,0.2610536123632978
1739,YPFIEQEGPEFFDQE,50,0.034739,0.20260335818369388
1740,YRKILRQRKIDRLID,50,0.26275,0.3259241383007795
1741,YTTEGGTKGEAKDVI,50,0.0,0.026048322152829456
1742,EEDKENALSLLDKIYT,50,0.471847,0.6457623427670316
1743,EKIQKAFDDIAKYFSK,50,0.778104,0.7069932251418912
1744,GKWYLKAMTADQEVPE,50,0.272523,0.41327328584581136
1745,IGRIAETILGYNPSRA,50,0.86472,0.2342318483743388
1746,LNKIVRMYSPVSILDI,50,0.501559,0.5693372704094595
1747,SPEVIPMFSALSEGAT,50,0.22531500000000002,0.3322695438659622
1748,CVDAKMTEEDKENALSL,50,0.153435,0.23943547501681794
1749,YAHAAHAAHAAHAAHAA,50,0.0,0.039927093301995745
1750,FESTGNLIAPEYGFKISY,50,0.12016800000000001,0.358881989359448
1751,NVTENFNMWKNNMVEQMH,50,0.084673,0.26680254664346836
1752,SELYLYKVVKIEPLGVAP,50,0.4195,0.7716233771374111
1753,YVDRFYKTLRAEQASQEV,50,0.371653,0.774115958836782
1754,GEIYKRWIILGLNKIVRMY,50,0.681125,0.6417838036736031
1755,KLPKPPKPVSKMRMATPLL,50,0.54151,0.7127007639645546
1756,VRVPVPQLQPQNPSQQQPQ,50,0.070316,0.09854808301568958
1757,WEALKYLWNLLQYWGQELK,50,0.181005,0.5574695236522559
1758,ARRRRASEAPPTSHRRASRQ,50,0.107502,0.2991165420672753
1759,DKISDVSTIVPYIGPALNIV,50,0.259821,0.4273709547861057
1760,EAKYDAYVATLSEALRIIAG,50,0.553949,0.7271321091181779
1761,EYLNKIQNSLSTEWSPCSVT,50,0.503378,0.6656285434096629
1762,GFGMLLRKYGIAAENVIDVK,50,0.830369,0.6706963512430653
1763,IEPIVATNWQKLEAFWHKHM,50,0.42930799999999997,0.622521132299399
1764,KDKWIELKESWGAIWRIDTP,50,0.337875,0.4830856509560841
1765,KIIGGIGGFVKVRQYDQIPI,50,0.40410799999999997,0.6152301674606725
1766,KMIGGIGGFVKVRQYDQIPI,50,0.363211,0.27141204237434635
1767,KRWIILGLNKIVRMYSPTSI,50,0.648779,0.7533774585950482
1768,LYKYKVVKIEPLGVAPTKAK,50,0.858475,0.8104937422863024
1769,VATLSEALRIIAGTLEVHAV,50,0.43486899999999995,0.5582298376386122
1770,VLMEWLKTRPILSPLTKGIL,50,0.828741,0.8797983658926506
1771,WGAIWRIDTPDKLTGPFTVR,50,0.35765,0.33707048753063634
1772,YIITPTNVSHIQSAVVSGRR,50,0.554774,0.2535523024525162
1773,SPEVIPMFSALSE,51,0.212628,0.10021224889066657
1774,KPLLIIAEDVEGEY,51,0.32290599999999997,0.29816256931964846
1775,NTSYRLISCNTSVI,51,0.054837000000000004,0.027777253555424743
1776,AAAGLAAAAPLESRQ,51,0.553415,0.3369913907717718
1777,AAGAQLLWQLPLLSI,51,0.400855,0.2712401485715924
1778,AAGVAAWSLIALMIP,51,0.23328800000000002,0.5075196005510794
1779,AALPLLFFALAGQRI,51,0.157053,0.534734450835001
1780,AAPEAARSLASSLPG,51,0.06679500000000001,0.14562908105766698
1781,AAPLSWSKDIYNYME,51,0.0,0.09503069572589302
1782,AASGADGTYDITKLG,51,0.0,0.026786779187073718
1783,AAVELARALVRAVAE,51,0.845042,0.219314214140779
1784,ADNSLDYAANFSHML,51,0.089723,0.24977402719278743
1785,AELMILIATNLLGQN,51,0.0,0.4405190863875368
1786,AFKVAAEAANAAPAN,51,0.720357,0.9519410913161311
1787,AFKVAAKAANAAPAN,51,0.811875,0.9775148565768856
1788,AFKVAAQAANAAPAN,51,0.808592,0.9687238812467128
1789,AFKVAATAENAAPAN,51,0.762476,0.9905399601672537
1790,AFKVAATAKNAAPAN,51,0.698713,0.9902566152661596
1791,AFKVAATAQNAAPAN,51,0.763169,0.9863881701198685
1792,AFKVAATAWNAAPAN,51,0.746804,0.9873350279870642
1793,AFKVAATFANAAPAN,51,0.7792,0.9838478462425354
1794,AFKVAATLANAAPAN,51,0.724783,0.9914387896581607
1795,AFKVAATRANAAPAN,51,0.402863,0.9885105352761102
1796,AFKVAATYANAAPAN,51,0.72339,0.9815381428971008
1797,AFMLAWNYGVPRVMS,51,0.27066399999999996,0.25376211669965
1798,AGALEVHAVKPVTEE,51,0.220827,0.22118784014652548
1799,AINIFNVEKYGAVGD,51,0.280944,0.271049927607879
1800,AKPDGKTDCTKEVEE,51,0.0,0.011906658077335605
1801,ALKESWGAIWRIDTP,51,0.074537,0.27244308560504676
1802,ALLPRAGAAAAAALP,51,0.499458,0.13407707724960277
1803,ALQSHDDVALVSVMW,51,0.09548999999999999,0.12871777680245594
1804,ALRVIAGALEVHAVK,51,0.6404310000000001,0.5483826548426249
1805,ALSDPYLSFAAALNG,51,0.37491199999999997,0.3166024627429977
1806,ALTKAITAMSEVQKV,51,0.589152,0.3925022014425906
1807,APGAAAAPLSWSKDI,51,0.0,0.10799343676151522
1808,AQAVYDFRSIVDYLR,51,0.098085,0.25674359464199686
1809,AQIYQAVSAQAAAIH,51,0.352193,0.24328010825694035
1810,ASAAILGHDGTVWAQ,51,0.0,0.05967867407610677
1811,ASNPNYLAILVKYVD,51,0.355192,0.30292100039116504
1812,ATPPPPPPPQLGASP,51,0.0,0.01010405338138032
1813,ATSPTAEGGKATTEE,51,0.016850999999999998,0.029954972152989253
1814,ATTANVPPADKYKTF,51,0.0,0.05598119790981164
1815,AVFEAALTKAITAMS,51,0.301115,0.7512753973823785
1816,AVFEAALTKAITAMT,51,0.24960700000000002,0.8264226404737719
1817,AVHVWLRLPAGRVEI,51,0.249917,0.4045657664985849
1818,AVIRGKKGAGGITIK,51,0.260535,0.1019963272958625
1819,AVMLTFDNAGMWNVR,51,0.075726,0.23675675002635416
1820,AWASACGGTGKNTIV,51,0.016077,0.021073403296144013
1821,AYGSFVRTVSLPVGA,51,0.551571,0.5623116278268054
1822,AYSDDKSMKVTVAFN,51,0.07936,0.24697377920575606
1823,AYVATVSEALRIIAG,51,0.531142,0.6055579668783777
1824,CADILAIASRVLVTM,51,0.17214100000000002,0.6371862900496043
1825,CDASILIDPLSNQSA,51,0.0,0.11484717188769164
1826,CDGERPTLAFLQDVM,51,0.22668899999999997,0.1816456494312391
1827,CGGTGKNTIVIPKGD,51,0.01211,0.036702674032491625
1828,CGYKDVDKPPFDGMT,51,0.046283,0.03639045502532138
1829,DALTLRTATNIWIDH,51,0.327828,0.13196578320690003
1830,DCSEYPKPDCTAEDR,51,0.076173,0.014819140432839717
1831,DEARRMWASAQNISG,51,0.709522,0.18826678407702072
1832,DESWQQFRQELIPLL,51,0.285263,0.22668034396454484
1833,DGQGKAVWGKNSCAK,51,0.0,0.03270361295478976
1834,DHTNFKYNYSVIEGG,51,0.076173,0.1572273933906975
1835,DIDLGRNEVVNDVST,51,0.070316,0.060800383356936334
1836,DIKVQFQSGGNNSPA,51,0.0,0.043899956015093874
1837,DINASFRAAMATTAN,51,0.24061799999999997,0.28788633293601035
1838,DITVKNCVLKKSTNG,51,0.32363400000000003,0.06744437372415193
1839,DKKCIEWEKAQHGAC,51,0.2212,0.08002242980874068
1840,DKLTGPFTVRYTTEG,51,0.12531099999999998,0.05351361580268132
1841,DLVANQPNLKALREK,51,0.270069,0.1650289139726538
1842,DVFYNGAYFVSSGKY,51,0.147447,0.2494757093369647
1843,EAAFNKAIKESTGGA,51,0.052248,0.3357738404264488
1844,EALRVIAGALEVHAV,51,0.9184700000000001,0.4727282787504612
1845,EDPLFQLVSKLYEVV,51,0.182451,0.42733039945614343
1846,EEFVSLASRFLVEED,51,0.28722600000000004,0.48374040809008845
1847,EEVDMTPADALDDFD,51,0.034341,0.027601262473920515
1848,EFIPMKSSWGAIWRI,51,0.059322,0.18365777722154727
1849,EFVTLAAKFIIEEDS,51,0.266313,0.7415599119308295
1850,EGHHLASAAIFGHDG,51,0.098137,0.2183063118200217
1851,EGHHLASAAILGHDG,51,0.156936,0.19991666696518443
1852,EHELYVAVLSNALHR,51,0.392884,0.4850756131585349
1853,EITGIMKDFDEPGHL,51,0.07615,0.02690894063678083
1854,EKKYFAAFQFEPLAA,51,0.577408,0.9565713424133547
1855,EKKYFAALQFEPLAA,51,0.721367,0.9733906591435012
1856,EKKYFAARQFEPLAA,51,0.429428,0.9736450603482996
1857,EKKYFAATEFEPLAA,51,0.721567,0.9425062967065261
1858,EKKYFAATKFEPLAA,51,0.819572,0.976104374536069
1859,EKKYFAATQAEPLAA,51,1.0,0.9239046322811584
1860,EKKYFAATQCEPLAA,51,0.49495600000000006,0.9022271525221539
1861,EKKYFAATQDEPLAA,51,0.462816,0.8937308322557458
1862,EKKYFAATQEEPLAA,51,0.505228,0.8605278884472064
1863,EKKYFAATQGEPLAA,51,0.789024,0.9280241382124467
1864,EKKYFAATQHEPLAA,51,0.42213100000000003,0.9298371006024976
1865,EKKYFAATQIEPLAA,51,0.887855,0.9564386494495304
1866,EKKYFAATQKEPLAA,51,0.47285,0.9150813137200389
1867,EKKYFAATQLEPLAA,51,0.887734,0.9709089408220152
1868,EKKYFAATQMEPLAA,51,0.793795,0.9572699453535386
1869,EKKYFAATQNEPLAA,51,0.45237799999999995,0.9297389583467237
1870,EKKYFAATQPEPLAA,51,0.9216770000000001,0.8558885709201741
1871,EKKYFAATQQEPLAA,51,0.519496,0.8828849464992972
1872,EKKYFAATQREPLAA,51,0.395891,0.9295873224643033
1873,EKKYFAATQSEPLAA,51,0.774324,0.9346064247170144
1874,EKKYFAATQTEPLAA,51,0.772856,0.90839343211702
1875,EKKYFAATQVEPLAA,51,0.907494,0.9413474322751727
1876,EKKYFAATQWEPLAA,51,0.650037,0.9609882577773261
1877,EKKYFAATQYEPLAA,51,0.57903,0.9437938878828902
1878,EKKYFAATWFEPLAA,51,0.99008,0.9829764481936523
1879,EKKYFACTQFEPLAA,51,0.773802,0.9851795701467729
1880,EKKYFAHTQFEPLAA,51,0.8078350000000001,0.9868863095726678
1881,EKKYFANTQFEPLAA,51,0.734475,0.9687680183118538
1882,EKKYFATTQFEPLAA,51,0.798025,0.9891527349934547
1883,ELAAVSVDCSEYPKP,51,0.024957,0.0777908952724074
1884,ELKESWGAIWRIDTP,51,0.038089,0.16367370168612222
1885,ELYKYKVVKIEPLGV,51,0.547495,0.30297256185602534
1886,EPAYFATAESVRDHL,51,0.19044,0.3695733961268306
1887,EQCGRQAGGKLCPNN,51,0.0,0.015675590143772185
1888,ESTGGAYDTYKSIPS,51,0.601118,0.07402634976802638
1889,ESWGAVWRIDTPDKL,51,0.165446,0.09849310520192923
1890,EVVKANGGYLAAGKL,51,0.15361,0.18925229978033248
1891,EVYEARLTKFKYLAG,51,0.10215199999999999,0.5663335425990755
1892,EYIEAAKWLLPPPKV,51,0.478209,0.5015302491539712
1893,FAVATITHAAELQRV,51,0.427083,0.3380019772712993
1894,FDHEFTFGWDELLSK,51,0.17171,0.23396077979579383
1895,FDPYGATISATPESA,51,0.262181,0.06674570828886787
1896,FDREFTFGWDELLSK,51,0.278024,0.23396077979579383
1897,FEAAFNDAIKASTGG,51,0.320929,0.30045861559620635
1898,FLAVAVVLGLATSPT,51,0.526644,0.2847529482964875
1899,FLFQRAVAREAIIAL,51,0.488647,0.5722335143312297
1900,FPPNGTHSWEYWGAQ,51,0.0,0.07141231330435033
1901,FTSLEYIEAAKWLLP,51,0.497784,0.568870002396856
1902,FVVTGRVYCDPCRAG,51,0.0,0.026255894737270465
1903,GAVDIINKWQVVAPQ,51,0.016077,0.13257336132518016
1904,GAYFVSSGKYEGGNI,51,0.200577,0.16868741986344632
1905,GELEFEEFVSLASRF,51,0.160697,0.32964072209293993
1906,GEVEIQFRRVKCKYP,51,0.044105,0.07218751640968611
1907,GEVLNALAYDVPIPG,51,0.11081700000000001,0.23861353991172712
1908,GGACGYKDVDKPPFS,51,0.044587,0.033097341560415224
1909,GGGFGMLLRKYGIAA,51,0.353956,0.49226080916115217
1910,GGSILKISNKFHTKG,51,0.35777,0.2705163195444472
1911,GGSILKISNKYHTKG,51,0.10738699999999998,0.16834799836320086
1912,GKGTLDGQGKAVWGK,51,0.029768,0.07121144663017015
1913,GKIDFLNNYALFLSP,51,0.188416,0.3803895660082255
1914,GLSGEPKGGAESSSK,51,0.0,0.01919777276014356
1915,GLVPKLDAAYSVAYK,51,0.266081,0.33706163015286583
1916,GMTGMLWETSLLDPE,51,0.078968,0.1295767806877694
1917,GNIVAVDIKPKDSDE,51,0.496544,0.08189658553598796
1918,GTKGEAKDVIPEGWK,51,0.0,0.06131584896986547
1919,GVLKNEFMSLAFDYW,51,0.309577,0.28178294281913513
1920,GWIISNIFGAIPVLA,51,0.165908,0.3673323752438663
1921,GWIISNIFGAIPVLG,51,0.227323,0.19505239132469185
1922,HAYYLQYKNVRPDYL,51,0.169963,0.17271522860795563
1923,HDYEGLSYRSLQPET,51,0.067688,0.09343654944586037
1924,HFSNVFRSVMAPFTM,51,0.38226,0.4657248687625813
1925,HGRQIRMAKLLGRDP,51,0.29122800000000004,0.299068410036087
1926,HMAKEDLVANQPNLK,51,0.10091900000000001,0.13658311708711346
1927,HSLLRTQRLHKFLVC,51,0.460854,0.28928003287867876
1928,HSRNLINELSERMAG,51,0.47204799999999997,0.09866300701469456
1929,IAAMMTSPLSVASMT,51,0.750398,0.31968434113681193
1930,IAGALEVHAVKPVTE,51,0.553874,0.1946540652379554
1931,IAIAFLSVSNNYEYI,51,0.12411199999999999,0.316303719908163
1932,IASLFAAAGLAAAAP,51,0.49563900000000005,0.6701495950087544
1933,IEFRFYKEITNVFRG,51,0.37079,0.33125424391764574
1934,IGRIAETILGYNPSA,51,0.245935,0.1823434589935769
1935,IHKASTVLAFPAGVC,51,0.377235,0.5224744285650407
1936,IIELFTAKGFTVQEM,51,0.214245,0.3111216091662576
1937,IITPTNVSHIQSAVV,51,0.304475,0.09560873789389342
1938,IMRIKKLTITGKGTL,51,0.31924,0.32369110602849255
1939,INLIIHYVDRPGALG,51,0.114455,0.0910387481331153
1940,IPKGDFLTGPLNFTG,51,0.0,0.16838684742755788
1941,IPVMAYLVGLFAWVL,51,0.0,0.33723581549744663
1942,ISATPEWATPFPHRK,51,0.015297,0.07636286680250473
1943,ISDFRAAIANYHYDA,51,0.069011,0.17486657705631822
1944,ISGLKPGVDYTITVY,51,0.34558,0.11907963895631242
1945,ITAMSEVQKVSQPAT,51,0.16636700000000001,0.23216860829556546
1946,IVLNHMTGAQSGKGT,51,0.107502,0.08331223802155768
1947,KAIKESTGGAYDTYK,51,0.369153,0.086099596174661
1948,KASNPNYLAILVKYV,51,0.35689899999999997,0.22794139630940996
1949,KCKYPEGTKVTFHVE,51,0.16214800000000001,0.06792954875008696
1950,KDILEDERAAVDTYC,51,0.299148,0.08408229341292421
1951,KDKWIELKESWGAIW,51,0.016077,0.18004011238850362
1952,KEVEEAWASACGGTG,51,0.20026,0.054374039521511874
1953,KFTQFAGKDLESIKG,51,0.298894,0.4547771756257389
1954,KFVDSTVVASVTIID,51,0.099039,0.31705279826768695
1955,KGKDKWIELKESWGA,51,0.092821,0.14530934760566502
1956,KGSNDHYLALLVKYA,51,0.197247,0.34107568287176504
1957,KHLAVLVKYEGDTMA,51,0.26856399999999997,0.16823408929206668
1958,KIEIDQDHQEEICEV,51,0.0,0.01861928896582763
1959,KKGAGGITIKKTGQA,51,0.17868900000000001,0.10277552217245622
1960,KLCPNNLCCSQWGWC,51,0.0,0.016518337079188795
1961,KLKIQNVIIDECYGA,51,0.059807000000000006,0.09878550448959568
1962,KLTITGKGTLDGQGK,51,0.155691,0.07650478881051505
1963,KMPMYIAGYKTFDGR,51,0.173282,0.21395542281329671
1964,KNTIVIPKGDFLTGP,51,0.133074,0.10575630456173375
1965,KPPFSGMTGCGNTPI,51,0.096729,0.014134430179166612
1966,KSMKVTVAFNQFGPN,51,0.425727,0.2794156094431006
1967,KSTNGLRIKSYEDAK,51,0.36217,0.08304256475643483
1968,KTDCTKEVEEAWASA,51,0.387194,0.06262165938411826
1969,KTVSEGAVDIINKWQ,51,0.330531,0.1367811655994352
1970,KYDAYVATLSEALRI,51,0.53364,0.6422951724510454
1971,KYKTFEAAFTVSSKR,51,0.8779959999999999,0.7869436277743204
1972,LDGNLLSSNDLAKYK,51,0.172713,0.3108585119877212
1973,LEAKATFYGSNPRGA,51,0.0,0.20498042233963498
1974,LEKISNEIKIVATPD,51,0.28122600000000003,0.2748474606749527
1975,LFFNHHKVMLLGHDD,51,0.143423,0.2233372178350999
1976,LGAVYRYKKLKEMSA,51,0.17716800000000002,0.34792158687164404
1977,LHFSEALRIIAGTPE,51,0.516931,0.4191049732708554
1978,LKLATGMRNVPEKQT,51,0.16278499999999999,0.14668408369235159
1979,LKNCVDAKMTEEDKE,51,0.17510699999999998,0.06769899310732025
1980,LNIKLNMPLYIAGNK,51,0.577144,0.30986692095025736
1981,LQFAKLTGFTLMGKG,51,0.33575900000000003,0.6256834725311882
1982,LQSLWANFYELLADA,51,0.179451,0.39165933180573387
1983,LRIAAKIYSEADEAW,51,0.300446,0.41662927273914363
1984,LRVIAGALEVHAVKP,51,0.676182,0.4708528871731534
1985,LRYRYGLFKQRIAKE,51,0.065439,0.4830083541550135
1986,LSFAAALNGLAGPLH,51,0.047949,0.3121632810632578
1987,LSSNDLAKYKANWIE,51,0.134717,0.2683949071513945
1988,LSYRSLQPETFAVVD,51,0.476944,0.41118086939216525
1989,LTEALRVIAGALEVH,51,0.6572859999999999,0.5862225703277905
1990,LTGYSLFQKEKMVLN,51,0.140033,0.2378528665370467
1991,LVKFVAGDGDVVAVD,51,0.135453,0.13585054936917357
1992,LVKYEGDTMAEVELR,51,0.29134699999999997,0.10909847831532571
1993,LVSKLYEVVPGILTE,51,0.7127829999999999,0.19018308383046983
1994,MAFLRSVSRLAAAVF,51,0.380575,0.38304909366299605
1995,MASSSSVLLVVALFA,51,0.0,0.21755314216083527
1996,MASSSSVLLVVVLFA,51,0.0,0.20044058484962707
1997,MGEAVQNTVEDLKLN,51,0.0,0.11336221294259144
1998,MGRDIKVQFQSGGAN,51,0.0,0.05850676660805164
1999,MLLRKYGIAAENVID,51,0.752364,0.4018278723570496
2000,MSFVTTQPEALAAAA,51,0.624328,0.5639513158384919
2001,MSQIMYNYPAMMAHA,51,0.371888,0.5961879844464042
2002,MSQIMYNYPAMRAHA,51,0.135453,0.28936698294537744
2003,MVVERLGDYLVEQGM,51,0.083313,0.10846710871047131
2004,NCVLKKSTNGLRIKS,51,0.838533,0.15534535533136484
2005,NDAIKASTGGAYESY,51,0.24997800000000003,0.07332416903557087
2006,NDFLKTGHYTQMVWA,51,0.415785,0.13535545921620618
2007,NFTVGRIIELFTAKG,51,0.20676799999999998,0.3635450792360805
2008,NHFFNHHKVMLLGHD,51,0.29122800000000004,0.20304964617194102
2009,NHFFNHHKVMLLGHS,51,0.25096199999999996,0.20304964617194102
2010,NIWADDLAASLSTLE,51,0.354437,0.3334016194009777
2011,NLNIKLNMPLYIAGN,51,0.42106899999999997,0.28390724590732236
2012,NMVVERLGDYLVEQG,51,0.189433,0.08525264378311863
2013,NNRIWLQFAKLTGFT,51,0.355942,0.3773161664225749
2014,NPRQAYANYRDIDLG,51,0.0,0.08063071625723596
2015,NVSHIQSAVVCGRRH,51,0.765728,0.0826417356813171
2016,NYLALLVKFVAGDGD,51,0.26719299999999996,0.32336519273006453
2017,PAAAYATATPAAATA,51,0.47312200000000004,0.07202856700983608
2018,PAGVCPTIGVGGNFA,51,0.0,0.0192846635942574
2019,PALLALLALPALLLL,51,0.301691,0.10931201480669396
2020,PASWKNNRIWLQFAK,51,0.039907,0.24378811805861414
2021,PCKGDSVTIKLDGNL,51,0.0,0.05525016233116244
2022,PCRAGFETNVSHNVQ,51,0.0,0.060717311569296044
2023,PDLPYDYGALEPAIS,51,0.250164,0.16435778251953068
2024,PEGLLWLLLTGKVPT,51,0.089723,0.38070914089420815
2025,PEQIQLLKKAFDAFD,51,0.105458,0.31670544467072503
2026,PEVKYAVFEAALTKA,51,0.445395,0.9424167557621594
2027,PIIIDQKYCPNKICT,51,0.0,0.032831731014795036
2028,PIYIVTPTNASHIQS,51,0.214006,0.1570073372078125
2029,PKDSDEFIPMKSSWG,51,0.159718,0.06393009043701517
2030,PKGGAESSSKAALTS,51,0.0,0.23984631939346165
2031,PLYKLVHVFINTQYA,51,0.249171,0.1834206812299716
2032,PPPPQLGASPYKLGP,51,0.08168099999999999,0.09013251633462101
2033,PQVKYAVFEAALTKA,51,0.671845,0.913957724508187
2034,PSMGRDIKVQFQSGG,51,0.0,0.07480903675582891
2035,PSPSMGRDIKVQFQS,51,0.074308,0.042208213726961964
2036,PTLAFPAGVCPTIGV,51,0.11337699999999999,0.06263013976548044
2037,PYGATISATPEWATP,51,0.0,0.07994419532772627
2038,QAGGKLCPNNLCCSQ,51,0.038089,0.021611069949512028
2039,QDHQEEICEVVLAKS,51,0.20256,0.11435052260382478
2040,QEVFKAIQSLKTTEV,51,0.308303,0.6773119064904818
2041,QFRRVKCKYPEGTKV,51,0.05329299999999999,0.05502950741762607
2042,QGEPGAVIRGKKGAG,51,0.15298699999999998,0.09981162430313913
2043,QGEPGRVIRGKKGAG,51,0.198364,0.05195528999407888
2044,QIHQYIMALREEYFD,51,0.306275,0.2937175302495503
2045,QIRMAKLLGRDPEQS,51,0.157053,0.17211612967214304
2046,QKLIEDINASFRAAM,51,0.338028,0.23407723031339395
2047,QKYCPNKICTSKGDS,51,0.0,0.05952056038944667
2048,QLSALWARFPLPVIP,51,0.227165,0.553823433280212
2049,QLYSKFLLKAEPLAF,51,0.635785,0.6633908508824973
2050,QPCNGVTMNDVKIEY,51,0.160697,0.05381589437497563
2051,QPNLKALREKVLGLP,51,0.07738099999999999,0.39007286098146865
2052,QVPSASMGRDIKVQF,51,0.10366900000000001,0.11068337971676594
2053,RCALHWFPGSHLLAC,51,0.17171,0.14759108239221885
2054,RCALHWFPGSHLLHV,51,0.263204,0.2583547740827219
2055,RGLLRRARGGPHHRR,51,0.0,0.10675991195996486
2056,RIDTPDKLTGPFTVR,51,0.222956,0.023653227449691686
2057,RIIAGTLEVHAVKPA,51,0.27276500000000004,0.22590896671872965
2058,RKHIEWNCDVCRHGD,51,0.0,0.025140479571458665
2059,RLEFDEFVTLAAKFI,51,0.392117,0.6926476964279047
2060,RMFSSTLRAAVPWYA,51,0.526302,0.5041487916125951
2061,RSRPRRTTRRMDRRT,51,0.113647,0.10589477500737964
2062,RTATNIWIDHNSFSN,51,0.0,0.050131338340116065
2063,RVIAGALEVHAVKPV,51,0.531857,0.3415884414472925
2064,RVIRGKKGAGGITIK,51,0.21661599999999998,0.09682555554314716
2065,RVWEQIFSTWLLKPG,51,0.19379200000000002,0.2222844647286824
2066,RVYCDPCRAGFETNV,51,0.0,0.023538790021194907
2067,SADEVQRMMAEIDTD,51,0.0,0.07996488396952812
2068,SAIRAAPEAARSLAS,51,0.777551,0.27786933382603174
2069,SDDELPYIDPNMEPV,51,0.0,0.04700814147464073
2070,SFGIVVAWQVKLLPV,51,0.539604,0.4084388286367441
2071,SGTVDFDEFMEMMTG,51,0.031098,0.10040645846181526
2072,SHIQSAVVCGRRHGV,51,0.8312299999999999,0.06716721631129322
2073,SRAEVSYVHVNGAKF,51,0.326703,0.12132519782385826
2074,SRSFLKHSLLRTQRL,51,0.375343,0.2902630583654439
2075,SSKAATAKAPGLVPK,51,0.277383,0.5323137734231228
2076,SSNDLAKYKANWIEI,51,0.340846,0.20986044973954257
2077,SSYAATEVANAAAAS,51,0.173424,0.6052278767563944
2078,SSYAATEVANAAAGQ,51,0.07778,0.5293791083768523
2079,STVVASVTIIDRSLP,51,0.038089,0.15320784223454176
2080,STWLLKPGAGIMIFD,51,0.024957,0.19462433384765868
2081,SVLLVVALFAVFLGS,51,0.0,0.10588191497506198
2082,SVRIRVRSGGHDYEG,51,0.0,0.09956552358647915
2083,SVTIKLDGNLLSSND,51,0.42997700000000005,0.19946595076428786
2084,SYVHVNGAKFIDTQN,51,0.147259,0.12155712084006189
2085,TAKAPGLVPKLDAAY,51,0.27291,0.1576472611046478
2086,TANVPPADKYKTLEA,51,0.050123,0.06563687592620734
2087,TDALRTLGSTSADEV,51,0.11145999999999999,0.14616700789572631
2088,TEALRVIAGALEVHA,51,0.633486,0.5358481299337227
2089,TFYGSNPRGAAPDDH,51,0.0,0.026263760333089248
2090,TIAAMMTSPLSVASM,51,0.589933,0.24621086840684867
2091,TISNNLFFNHHKVML,51,0.019133,0.09739731054755339
2092,TKKFDEVVKANGGYL,51,0.16966900000000001,0.11554729155994495
2093,TKVTFHVVGVGPLLH,51,0.31083299999999997,0.161403002637038
2094,TLGSTSADEVQRMMA,51,0.05329299999999999,0.10926570298204548
2095,TNFKYNYSVIEGGPI,51,0.158893,0.14317681239835145
2096,TPTNASHIQSAVVCG,51,0.075767,0.14658962356193847
2097,TVAAAPQVKYAVFEA,51,0.413421,0.48493649754747875
2098,TVFEAAFNDAIKAST,51,0.275291,0.34152297002237453
2099,TVLAFPAGVCPTIGV,51,0.066345,0.09169063093102807
2100,TWQGGSGMASHIIYE,51,0.0,0.07908327862699374
2101,VATLSEALRIIAGTL,51,0.511469,0.5144327271942088
2102,VDIKPKDSDEFIPMK,51,0.168631,0.05974789330795337
2103,VDLAKSLRIAAKIYS,51,0.38355100000000003,0.6403092281513502
2104,VFEAAFNDAIKASTG,51,0.290553,0.2875158045035544
2105,VFGNCEGVKIIGISI,51,0.069011,0.04957026724442522
2106,VIAGALEVHAVKPVT,51,0.66501,0.22813303515506136
2107,VIPANWKPDTVYTSK,51,0.0,0.03728807682433468
2108,VKGDPVGILYAVFKA,51,0.24835700000000002,0.360417365986078
2109,VKIEYSGTNNKTMAV,51,0.055853,0.10304097617087447
2110,VKPLYIITPTNVSHI,51,0.6623220000000001,0.10766524711471229
2111,VKQNTLKLATGMRNV,51,0.33148299999999997,0.2851866768390978
2112,VNYWFAPGAAAAPLS,51,0.0,0.27989377771601576
2113,VPPADKYKTFEAAFT,51,0.257229,0.2895377423058127
2114,VQNTVEDLKLNTLGR,51,0.015297,0.17471741436219623
2115,VRSGGHDYEGLSYRS,51,0.151661,0.023371749561309885
2116,VSEALRIIAGTLEVH,51,0.397821,0.38105953499817075
2117,VSVDCSEYPKPDCTA,51,0.057356,0.018026716556294505
2118,VTMNDVKIEYSGTNN,51,0.0,0.07662134524006035
2119,VTVDAAVLAAIDADA,51,0.186101,0.21718408087594204
2120,VVLGLATSPTAEGGK,51,0.031098,0.16064878912750247
2121,VVSRLLIPVPFDPPA,51,0.400958,0.1949512651901845
2122,VWRIDTPDKLTGPFT,51,0.14819300000000002,0.05553727129234622
2123,WEQIFSTWLLKPGAG,51,0.0,0.23669777990157265
2124,WGAIWRIDTPDKLTG,51,0.19503299999999998,0.06904715945206277
2125,WGAIWRIDTPEVLKG,51,0.418803,0.15366321027244417
2126,WIELKESWGAVWRID,51,0.117873,0.14166682544894327
2127,WKPDTVYTSKLQFGA,51,0.0,0.2249101491073216
2128,YANYRDIDLGRNEVV,51,0.118645,0.06307563300924075
2129,YGIAAENVIDVKLVD,51,0.215455,0.15839992231299713
2130,YKDVDKPPFSGMTGC,51,0.0,0.042461075156584316
2131,YKKLRTSSFALNLPT,51,0.75208,0.705932200351732
2132,YLAILVKYVDGDGDV,51,0.15483,0.24552848805693273
2133,YPFIEQEGPEFFDQE,51,0.0,0.07545046682447089
2134,YRKILRQRKIDRLID,51,0.10486600000000001,0.23923719484360786
2135,YTTEGGTKGEAKDVI,51,0.0,0.02770966944263594
2136,EEDKENALSLLDKIYT,51,0.264481,0.5237730734146657
2137,EKIQKAFDDIAKYFSK,51,0.49639799999999995,0.559286025236009
2138,GKWYLKAMTADQEVPE,51,0.46397700000000003,0.3209781430062366
2139,LNKIVRMYSPVSILDI,51,0.744306,0.35664684292984444
2140,SPEVIPMFSALSEGAT,51,0.29475999999999997,0.3927618009336164
2141,CVDAKMTEEDKENALSL,51,0.127895,0.17951550981302997
2142,YAHAAHAAHAAHAAHAA,51,0.025660000000000002,0.1010551352891838
2143,NVTENFNMWKNNMVEQMH,51,0.060289999999999996,0.1288148989950363
2144,SELYLYKVVKIEPLGVAP,51,0.507782,0.6110460870652077
2145,YVDRFYKTLRAEQASQEV,51,0.37504,0.7080760654079252
2146,GEIYKRWIILGLNKIVRMY,51,0.28676999999999997,0.34541898916348707
2147,WEALKYLWNLLQYWGQELK,51,0.0,0.371632908162597
2148,DKISDVSTIVPYIGPALNIV,51,0.762097,0.2335405411740052
2149,EAKYDAYVATLSEALRIIAG,51,0.597672,0.7763777912102983
2150,EYLNKIQNSLSTEWSPCSVT,51,0.294034,0.3656045330282849
2151,GFGMLLRKYGIAAENVIDVK,51,0.876136,0.5915892672471309
2152,IEPIVATNWQKLEAFWHKHM,51,0.45066000000000006,0.4583600435950308
2153,KDKWIELKESWGAIWRIDTP,51,0.353574,0.36955041798891025
2154,KRWIILGLNKIVRMYSPTSI,51,0.516347,0.49000780576289266
2155,LYKYKVVKIEPLGVAPTKAK,51,0.724124,0.5630264115551542
2156,VATLSEALRIIAGTLEVHAV,51,0.445737,0.5502095552064473
2157,VLMEWLKTRPILSPLTKGIL,51,0.6382720000000001,0.706019531108285
2158,WGAIWRIDTPDKLTGPFTVR,51,0.414813,0.13650236699119225
2159,YIITPTNVSHIQSAVVSGRR,51,0.768889,0.21202453782682787
2160,DMTPADALDD,52,0.019431999999999998,0.011553896194870744
2161,EIVDLMCHAT,52,0.36592600000000003,0.029506563296002253
2162,EVDMTPADAL,52,0.0,0.015002601612221382
2163,KIQNVIIDECY,52,0.35734499999999997,0.05014651998232156
2164,KMMGVPLQCSA,52,0.327029,0.0584099634651723
2165,LVEALYLVCGE,52,0.419596,0.20385319930668544
2166,MSSGSFINISV,52,0.116901,0.07061202320195903
2167,GVTYEIDLTNKN,52,0.058522000000000005,0.10906594617674277
2168,ASTEYTPIGDNKA,52,0.130858,0.03874769988563019
2169,DYIDAYVSRLLDD,52,0.433259,0.5730934865873109
2170,DYVVMSAWYKEPN,52,0.06679500000000001,0.4073375831400645
2171,GINYLIDTTSREL,52,0.19833399999999998,0.221303901400306
2172,MEALTFKACDHIM,52,0.260816,0.23858980135769706
2173,QDEKDYIDAYVSR,52,0.157053,0.053372920750491305
2174,SAMVYSSDDIPPR,52,0.0,0.04686410762524833
2175,SPEVIPMFSALSE,52,0.34417600000000004,0.16602407482739118
2176,SSVDRYRNRVLLL,52,0.282566,0.4420301924385444
2177,SYDGVSEDTDDDD,52,0.047397,0.04196708392764838
2178,YTPIGDNKALISK,52,0.089723,0.04687538173857315
2179,EAMSQANSAILMQR,52,0.21206999999999998,0.4001512565942525
2180,EEDIEIKPIQEEEY,52,0.140438,0.1491088622390946
2181,KPLLIIAEDVEGEY,52,0.573443,0.534649158078097
2182,LDHILEPSIPYKSK,52,0.199275,0.25389070485678034
2183,MLFRILSLNLIKIK,52,1.0,0.7271642105619022
2184,NTSYRLISCNTSVI,52,0.37039,0.36182689619776554
2185,PLYRYLGGCFACSL,52,0.430493,0.46938536104599604
2186,AAAAPAAVGAAVGGT,52,0.119853,0.0331138916594718
2187,AAAGLAAAAPLESRQ,52,0.085439,0.2085241929323697
2188,AAGAQLLWQLPLLSI,52,0.8345790000000001,0.7159520882356117
2189,AAGDFWGGAGSAACQ,52,0.181593,0.03138028323617543
2190,AAGVAAWSLIALMIP,52,0.349271,0.7801256598739907
2191,AAIVNKLKAILVDLE,52,0.0,0.5638628589728975
2192,AALPLLFFALAGQRI,52,0.7325189999999999,0.8552709761270677
2193,AAPEAARSLASSLPG,52,0.134163,0.2937741239075255
2194,AAPLSWSKDIYNYME,52,0.260209,0.2824005384705408
2195,AASDFWGGAGSAACQ,52,0.0,0.032835275970418305
2196,AASGADGTYDITKLG,52,0.113917,0.03709959568058229
2197,AAVELARALVRAVAE,52,0.701666,0.22901876590792888
2198,ADNSLDYAANFSHML,52,0.596436,0.5871548538740992
2199,ADVQYDLYLNVANRR,52,0.9566319999999999,0.5521702948373843
2200,AELMILIATNLLGQN,52,0.6365430000000001,0.6246573808520046
2201,AFEGVFGHLAATAVP,52,0.235157,0.5931116983510186
2202,AFMLAWNYGVPRVMS,52,0.370622,0.7196906880442456
2203,AGALEVHAVKPVTEE,52,0.172998,0.17680969711825653
2204,AGAWRTAAVELARAL,52,0.54262,0.34422911647927373
2205,AGRFEVHAQTVEDEA,52,0.10560499999999999,0.5279735476432467
2206,AGWDTVLQSITTILA,52,0.237576,0.5546328085865732
2207,AHARSYQTLSTQAAA,52,0.055590999999999995,0.33154297824081147
2208,AINIFNVEKYGAVGD,52,0.339659,0.6582990128556416
2209,AKPDGKTDCTKEVEE,52,0.0,0.017898642990895004
2210,ALKESWGAIWRIDTP,52,0.066345,0.24107968315817357
2211,ALLPRAGAAAAAALP,52,0.20451,0.06158287864181691
2212,ALQSHDDVALVSVMW,52,0.39318200000000003,0.28120015664055814
2213,ALRVIAGALEVHAVK,52,0.266374,0.4193402579740944
2214,ALSDADWHFIADPAS,52,0.191082,0.17065267630115155
2215,ALSDPYLSFAAALNG,52,0.41538400000000003,0.5209977202280421
2216,ALTKAITAMSEVQKV,52,0.218546,0.3988487655858611
2217,APGAAAAPLSWSKDI,52,0.252298,0.12077616936982416
2218,AQAVYDFRSIVDYLR,52,0.063831,0.34025481324889373
2219,AQIYQAVSAQAAAIH,52,0.25717399999999996,0.17521173960141861
2220,AQVRADRILALDADP,52,0.485757,0.2078313003810774
2221,ARRRRASEAPPTSHR,52,0.036819,0.11577834613653862
2222,ARWVYFLTRMRNPTG,52,0.198652,0.6936316678925571
2223,ASAAILGHDGTVWAQ,52,0.094231,0.07888332581547831
2224,ASEAPPTSHRRASRQ,52,0.462475,0.054445224247451136
2225,ASNPNYLAILVKYVD,52,0.382304,0.46803520162318113
2226,ATPPPPPPPQLGASP,52,0.086879,0.012798690206499878
2227,ATSPTAEGGKATTEE,52,0.0,0.022549737107396023
2228,ATTANVPPADKYKTF,52,0.0,0.07356051723384566
2229,AVFEAALTKAITAMS,52,0.356523,0.6492827661129545
2230,AVFEAALTKAITAMT,52,0.37040500000000004,0.672837590026401
2231,AVHVWLRLPAGRVEI,52,0.323878,0.6421841345202414
2232,AVIRGKKGAGGITIK,52,0.02093,0.05693653598545641
2233,AVMLTFDNAGMWNVR,52,0.36456900000000003,0.553812104453891
2234,AWASACGGTGKNTIV,52,0.0,0.036718420745149756
2235,AWMSAAATQAEQAAT,52,0.07180399999999999,0.08420385124580974
2236,AYGSFVRTVSLPVGA,52,0.560918,0.7388458783037483
2237,AYSDDKSMKVTVAFN,52,0.100742,0.35951626502659445
2238,AYVATVSEALRIIAG,52,0.521787,0.5920687715548035
2239,CADILAIASRVLVTM,52,0.571973,0.7596156801020113
2240,CDASILIDPLSNQSA,52,0.157831,0.4357291846988269
2241,CDGERPTLAFLQDVM,52,0.109893,0.6000821436378887
2242,CGGTGKNTIVIPKGD,52,0.0,0.07690882063021047
2243,CGYKDVDKPPFDGMT,52,0.0,0.08213494109530926
2244,CIEYVTLNASQYANC,52,0.599391,0.46307228364123476
2245,DALTLRTATNIWIDH,52,0.461559,0.3733779968259058
2246,DCSEYPKPDCTAEDR,52,0.0,0.024984494320845173
2247,DDRITKARWVYFLTR,52,0.218806,0.7228787137874562
2248,DEARRMWASAQNISG,52,0.25022,0.15033767171992998
2249,DEPMVQVEAGKVNHS,52,0.16667200000000001,0.12094521825336141
2250,DESWQQFRQELIPLL,52,0.597448,0.7000790691850991
2251,DGQGKAVWGKNSCAK,52,0.19242,0.028377166552268025
2252,DHTNFKYNYSVIEGG,52,0.442198,0.2845382634988208
2253,DIDLGRNEVVNDVST,52,0.295632,0.2502096911444633
2254,DIFTNSRGKRASKGN,52,0.0,0.12306165054745496
2255,DIKVQFQSGGNNSPA,52,0.182187,0.10475095554591522
2256,DINASFRAAMATTAN,52,0.17676,0.2344803004435525
2257,DITVKNCVLKKSTNG,52,0.147259,0.2636125391263357
2258,DKISDVSTIVPYIGP,52,0.170945,0.19434061828234853
2259,DKKCIEWEKAQHGAC,52,0.224516,0.10308595280863236
2260,DKLTGPFTVRYTTEG,52,0.248734,0.18452314301919875
2261,DKVYEILKINSVKYY,52,0.691044,0.6150255537279119
2262,DLVANQPNLKALREK,52,0.357553,0.2016819591916462
2263,DRASYRAHWQDDDVT,52,0.0,0.0765356929732703
2264,DVFYNGAYFVSSGKY,52,0.359714,0.5948598436437207
2265,DVLSQPMLPHTWDGS,52,0.23061900000000002,0.4078573084506605
2266,EAAFNKAIKESTGGA,52,0.178115,0.28031126483518726
2267,EDPLFQLVSKLYEVV,52,0.864447,0.7799823329233633
2268,EEFVSLASRFLVEED,52,0.5067,0.7815882425899877
2269,EEVDMTPADALDDFD,52,0.060288999999999995,0.07525561398960519
2270,EFIPMKSSWGAIWRI,52,0.16230799999999998,0.36687959384915175
2271,EFVTLAAKFIIEEDS,52,0.43884300000000004,0.7363223882119799
2272,EGHHLASAAIFGHDG,52,0.32204499999999997,0.308500144381963
2273,EGHHLASAAILGHDG,52,0.450409,0.21440740451848142
2274,EHELYVAVLSNALHR,52,0.6105189999999999,0.6866938941565263
2275,EITGIMKDFDEPGHL,52,0.038715,0.06943444391180165
2276,EKKYFAAFQFEPLAA,52,0.9055059999999999,0.9903149959841081
2277,EKKYFAALQFEPLAA,52,1.0,0.9948769772094518
2278,EKKYFAARQFEPLAA,52,0.8426870000000001,0.9921816078615641
2279,EKKYFAATEFEPLAA,52,0.98546,0.988545856039816
2280,EKKYFAATKFEPLAA,52,0.982684,0.9855496736084218
2281,EKKYFAATQAEPLAA,52,0.680157,0.9769272777207503
2282,EKKYFAATQCEPLAA,52,0.7497060000000001,0.9794690045714975
2283,EKKYFAATQDEPLAA,52,0.46690200000000004,0.9794099866507779
2284,EKKYFAATQEEPLAA,52,0.483407,0.9829899438296025
2285,EKKYFAATQGEPLAA,52,0.649981,0.9873966379242187
2286,EKKYFAATQHEPLAA,52,0.459692,0.9880059090018506
2287,EKKYFAATQIEPLAA,52,0.83099,0.9885475772588213
2288,EKKYFAATQKEPLAA,52,0.514058,0.9828220562641229
2289,EKKYFAATQLEPLAA,52,0.8863479999999999,0.9923809119010248
2290,EKKYFAATQMEPLAA,52,0.887172,0.9902690828639662
2291,EKKYFAATQNEPLAA,52,0.645363,0.9866041680673127
2292,EKKYFAATQPEPLAA,52,0.653323,0.9820478749552942
2293,EKKYFAATQQEPLAA,52,0.5584140000000001,0.9811039432032478
2294,EKKYFAATQREPLAA,52,0.403358,0.9839918652072073
2295,EKKYFAATQSEPLAA,52,0.741386,0.9838139918105088
2296,EKKYFAATQTEPLAA,52,0.6396350000000001,0.9774136092329344
2297,EKKYFAATQVEPLAA,52,0.728394,0.9829854830378013
2298,EKKYFAATQWEPLAA,52,0.868232,0.9901869372051608
2299,EKKYFAATQYEPLAA,52,0.882906,0.9830781994096562
2300,EKKYFAATWFEPLAA,52,1.0,0.9944748073618964
2301,EKKYFACTQFEPLAA,52,0.8975639999999999,0.9954696037335558
2302,EKKYFAHTQFEPLAA,52,0.948989,0.996696032723616
2303,EKKYFANTQFEPLAA,52,0.879257,0.9844684024186858
2304,EKKYFATTQFEPLAA,52,1.0,0.9958435686804579
2305,ELAAVSVDCSEYPKP,52,0.036599,0.09615106377028258
2306,ELKESWGAIWRIDTP,52,0.044587,0.20117458887179188
2307,ELYKYKVVKIEPLGV,52,0.569604,0.5460648230340182
2308,EPAYFATAESVRDHL,52,0.346414,0.5429906851721369
2309,EQCGRQAGGKLCPNN,52,0.097443,0.03951990681150032
2310,ESLHNPYPDYHWLRT,52,0.079566,0.09918702289640005
2311,ESTGGAYDTYKSIPS,52,0.160838,0.08866667222395241
2312,ESWGAVWRIDTPDKL,52,0.071176,0.1607837916940832
2313,EVDMTPADALDDFDL,52,0.27112800000000004,0.11994998142286449
2314,EVLGFRMVQDERVGR,52,0.32411999999999996,0.4710970221969401
2315,EVVKANGGYLAAGKL,52,0.23887199999999997,0.134462376173939
2316,EVYEARLTKFKYLAG,52,0.810107,0.7911995587615142
2317,EYIEAAKWLLPPPKV,52,0.617821,0.5672235914353162
2318,EYLNKIQNSLSTEWS,52,0.25164200000000003,0.43214101269116867
2319,FAVATITHAAELQRV,52,0.7664880000000001,0.37304164355388886
2320,FDHEFTFGWDELLSK,52,0.606364,0.6579448810262293
2321,FDKYGATISATPESA,52,0.505548,0.15222410189558994
2322,FDPKGATISATPESA,52,0.243381,0.054726257108305185
2323,FDPYGATIKATPESA,52,0.156375,0.09756155308554487
2324,FDPYGATISATKESA,52,0.25654,0.10031491341106182
2325,FDPYGATISATPEKA,52,0.304372,0.0873573334626317
2326,FDPYGATISATPESA,52,0.136296,0.06010610542716834
2327,FDPYGATISATPESK,52,0.25059499999999996,0.06512187127820973
2328,FDPYGATISATPKSA,52,0.255206,0.08968704513423471
2329,FDREFTFGWDELLSK,52,0.470099,0.5943572387433544
2330,FEAAFNDAIKASTGG,52,0.045156,0.1823445459342948
2331,FKPYGATISATPESA,52,0.2067,0.10143928629531912
2332,FLAVAVVLGLATSPT,52,0.7653,0.3787297666318308
2333,FLFQRAVAREAIIAL,52,0.400358,0.8096394622387268
2334,FPPNGTHSWEYWGAQ,52,0.040418,0.24514662043115748
2335,FTSLEYIEAAKWLLP,52,0.334663,0.5889601517137087
2336,FVNQHLCGSHLVEAL,52,0.321445,0.46812528269408676
2337,FVVTGRVYCDPCRAG,52,0.16278499999999999,0.14987698663380747
2338,GAVDIINKWQVVAPQ,52,0.09349600000000001,0.1724036490682679
2339,GAYFVSSGKYEGGNI,52,0.27779499999999996,0.22409701066417215
2340,GELEFEEFVSLASRF,52,0.594363,0.7963613454368913
2341,GEVEIQFRRVKCKYP,52,0.233652,0.18123920786889886
2342,GEVLNALAYDVPIPG,52,0.294548,0.39293949866794353
2343,GGACGYKDVDKPPFS,52,0.092821,0.05800539194073884
2344,GGGFGMLLRKYGIAA,52,0.073291,0.6446314673259957
2345,GGSILKISNKFHTKG,52,0.369517,0.6754961959455523
2346,GGSILKISNKYHTKG,52,0.360669,0.4518879982998925
2347,GHAYLLLPNTESARK,52,0.19031199999999998,0.6365170098446202
2348,GKGTLDGQGKAVWGK,52,0.265323,0.05868900835147816
2349,GKIDFLNNYALFLSP,52,0.693817,0.7457192597357706
2350,GLSGEPKGGAESSSK,52,0.086154,0.02410930187426322
2351,GLVPKLDAAYSVAYK,52,0.2537,0.3344602363123206
2352,GMTGMLWETSLLDPE,52,0.401096,0.662554372278289
2353,GNIVAVDIKPKDSDE,52,0.17648599999999998,0.1064347608584683
2354,GPAPADVQYDLYLNV,52,0.8218340000000001,0.28570310340068905
2355,GPGAPADVQYDLYLN,52,0.44106300000000004,0.32177484138697476
2356,GPPVEASAAALAGDA,52,0.0,0.09798454835590237
2357,GRKRPIVRILRRVHH,52,0.34587399999999996,0.5886807061889506
2358,GTKGEAKDVIPEGWK,52,0.118131,0.03147275321237549
2359,GVLKNEFMSLAFDYW,52,0.8260709999999999,0.5623773979242737
2360,GWIISNIFGAIPVLA,52,0.600332,0.4846709290119398
2361,GWIISNIFGAIPVLG,52,0.608189,0.42373783023604134
2362,HAYYLQYKNVRPDYL,52,0.506484,0.39821164872379716
2363,HDYEGLSYRSLQPET,52,0.179451,0.3578850420858716
2364,HFSNVFRSVMAPFTM,52,0.787118,0.6941134256068849
2365,HGRQIRMAKLLGRDP,52,0.578706,0.5224532052333317
2366,HMAKEDLVANQPNLK,52,0.417616,0.18504862344104797
2367,HSLLRTQRLHKFLVC,52,0.75629,0.8483138566855545
2368,HSRNLINELSERMAG,52,0.08762,0.5367065148828473
2369,IAAMMTSPLSVASMT,52,0.597409,0.572964243704082
2370,IAIAFLSVSNNYEYI,52,0.744555,0.5612082157232445
2371,IASLFAAAGLAAAAP,52,0.411522,0.40576246112186476
2372,IEFRFYKEITNVFRG,52,0.75498,0.6923290734170049
2373,IGPEAAEAAAAAPAA,52,0.22998600000000002,0.09076422311647786
2374,IGRIAETILGYNPSA,52,0.326517,0.4259298737110827
2375,IGSYVAFLSQTFAFI,52,0.199941,0.933595973356076
2376,IHKASTVLAFPAGVC,52,0.221621,0.5111471023282181
2377,IIELFTAKGFTVQEM,52,0.571191,0.685836978396511
2378,IITPTNVSHIQSAVV,52,0.350292,0.19714720269065306
2379,IMRIKKLTITGKGTL,52,0.42106899999999997,0.5004841622091171
2380,INLIIHYVDRPGALG,52,0.17028900000000002,0.3800088990319007
2381,IPKGDFLTGPLNFTG,52,0.567508,0.4496330224498906
2382,IPVMAYLVGLFAWVL,52,0.28924099999999997,0.7514458221385127
2383,IQNSLSTEWSPCSVT,52,0.247489,0.19205513075773062
2384,ISATPEWATPFPHRK,52,0.16513699999999998,0.2503231463471444
2385,ISDFRAAIANYHYDA,52,0.34565799999999997,0.2351373833857519
2386,ISGLKPGVDYTITVY,52,0.423043,0.16429407310478822
2387,ITAMSEVQKVSQPAT,52,0.101845,0.21643070761204883
2388,IVLNHMTGAQSGKGT,52,0.061305,0.4180777768496132
2389,KAIKESTGGAYDTYK,52,0.0,0.03073392325563985
2390,KASNPNYLAILVKYV,52,0.41374799999999995,0.31713092011162114
2391,KCKYPEGTKVTFHVE,52,0.074124,0.12819258297775557
2392,KDILEDERAAVDTYC,52,0.22902899999999998,0.0965484195172522
2393,KDKWIELKESWGAIW,52,0.126729,0.21309975734710165
2394,KDPYGATISATPESA,52,0.090767,0.06010610542716834
2395,KEVEEAWASACGGTG,52,0.0,0.06705334599172563
2396,KEYTFPITLSSTSNP,52,0.092551,0.8471900093594685
2397,KFTQFAGKDLESIKG,52,0.685656,0.6743157764975884
2398,KFVDSTVVASVTIID,52,0.351536,0.36636534245973407
2399,KGKDKWIELKESWGA,52,0.178919,0.18868453135718363
2400,KGSNDHYLALLVKYA,52,0.46114399999999994,0.5312838843942275
2401,KHLAVLVKYEGDTMA,52,0.42182299999999995,0.23949274884464203
2402,KIEIDQDHQEEICEV,52,0.358442,0.05611252779373122
2403,KKGAGGITIKKTGQA,52,0.030425999999999998,0.05380003742798221
2404,KLCPNNLCCSQWGWC,52,0.19680799999999998,0.11925026517274952
2405,KLKIQNVIIDECYGA,52,0.13147,0.37123751878927935
2406,KLPWKNESSIKVIKQ,52,0.567638,0.3562954120656558
2407,KLTITGKGTLDGQGK,52,0.385753,0.18563976517781966
2408,KMPMYIAGYKTFDGR,52,0.197574,0.36869643638200966
2409,KNTIVIPKGDFLTGP,52,0.0,0.27424760184977964
2410,KPPFSGMTGCGNTPI,52,0.071748,0.04856873109289627
2411,KSIIKARVVWKAIIE,52,0.44216700000000003,0.3980656292946418
2412,KSMKVTVAFNQFGPN,52,0.19833399999999998,0.6178587332169797
2413,KSTNGLRIKSYEDAK,52,0.13714500000000002,0.20432282215163328
2414,KTDCTKEVEEAWASA,52,0.0,0.04209755628224718
2415,KTVSEGAVDIINKWQ,52,0.031756,0.1590844854190426
2416,KYDAYVATLSEALRI,52,0.660198,0.6375393904289025
2417,KYKTFEAAFTVSSKR,52,0.358243,0.9013729789684316
2418,LDGNLLSSNDLAKYK,52,0.36909400000000003,0.4030611141329411
2419,LEAKATFYGSNPRGA,52,0.0,0.38170650290128255
2420,LEKISNEIKIVATPD,52,0.273931,0.4814984965286095
2421,LFFNHHKVMLLGHDD,52,0.505021,0.8424046786361455
2422,LGAVYRYKKLKEMSA,52,0.313013,0.5324116617755108
2423,LHFSEALRIIAGTPE,52,0.7419399999999999,0.7908791372854194
2424,LKLATGMRNVPEKQT,52,0.103967,0.26684897248799766
2425,LKNCVDAKMTEEDKE,52,0.219754,0.11931913427807017
2426,LKTRPILSPLTKGIL,52,0.204797,0.5388904931579932
2427,LNIKLNMPLYIAGNK,52,0.447978,0.6226808522883519
2428,LQFAKLTGFTLMGKG,52,0.418759,0.8880571742566901
2429,LQSLWANFYELLADA,52,0.7979890000000001,0.7424212528634642
2430,LRIAAKIYSEADEAW,52,0.489025,0.3614040383864619
2431,LRYRYGLFKQRIAKE,52,0.79572,0.6152749347147944
2432,LSFAAALNGLAGPLH,52,0.567623,0.315866683801954
2433,LSSNDLAKYKANWIE,52,0.14144400000000001,0.32931958866658356
2434,LSYRSLQPETFAVVD,52,0.268261,0.7922275622276718
2435,LTGYSLFQKEKMVLN,52,0.339379,0.6697991397585287
2436,LVKFVAGDGDVVAVD,52,0.059322,0.16983391529584485
2437,LVKYEGDTMAEVELR,52,0.577545,0.20894013209867107
2438,LVSKLYEVVPGILTE,52,0.546547,0.5481525232607858
2439,MAFLRSVSRLAAAVF,52,0.795446,0.5826967027067526
2440,MASSSSVLLVVALFA,52,0.30478299999999997,0.5543385682941305
2441,MASSSSVLLVVVLFA,52,0.320977,0.5560928193866929
2442,MGEAVQNTVEDLKLN,52,0.14893399999999998,0.3235369989988927
2443,MGRDIKVQFQSGGAN,52,0.266071,0.10835954842988145
2444,MLLRKYGIAAENVID,52,0.19680799999999998,0.3842080359462418
2445,MPFVTTQPEALAAAA,52,0.5192899999999999,0.7556935008083449
2446,MSFVTTQPEALAAAA,52,0.539856,0.7935053488037348
2447,MSQIMYNYPAMMAHA,52,0.37061900000000003,0.8330907000986872
2448,MSQIMYNYPAMRAHA,52,0.58375,0.5288613542196059
2449,MVVERLGDYLVEQGM,52,0.481357,0.39084718643344013
2450,NCVLKKSTNGLRIKS,52,0.524227,0.3761343674131756
2451,NDAIKASTGGAYESY,52,0.0,0.09178707022527897
2452,NDFLKTGHYTQMVWA,52,0.361765,0.36921314160408764
2453,NFTVGRIIELFTAKG,52,0.5481689999999999,0.7081844764004067
2454,NHFFNHHKVMLLGHD,52,0.255912,0.8348452982984489
2455,NHFFNHHKVMLLGHS,52,0.326552,0.8348452982984489
2456,NIWADDLAASLSTLE,52,0.586905,0.2999724687960105
2457,NLNIKLNMPLYIAGN,52,0.104353,0.5315209793084864
2458,NMVVERLGDYLVEQG,52,0.552615,0.33232783922993464
2459,NNRIWLQFAKLTGFT,52,0.532853,0.7564144135418164
2460,NPRQAYANYRDIDLG,52,0.032409,0.16076928884982383
2461,NRIMADGGSIQNTNL,52,0.44536499999999996,0.06567507074693206
2462,NVSHIQSAVVCGRRH,52,0.179715,0.13890090662005494
2463,NYLALLVKFVAGDGD,52,0.13733199999999998,0.42659855264502244
2464,PAAAYATATPAAATA,52,0.029197000000000004,0.03070207685965607
2465,PAGVCPTIGVGGNFA,52,0.0,0.04325490302901867
2466,PALLALLALPALLLL,52,0.316656,0.23236760202229098
2467,PASWKNNRIWLQFAK,52,0.368229,0.555463852514274
2468,PCKGDSVTIKLDGNL,52,0.152729,0.12149695019500165
2469,PCRAGFETNVSHNVQ,52,0.20904,0.1039324294398532
2470,PDLPYDYGALEPAIS,52,0.324316,0.13576921126223604
2471,PEGLLWLLLTGKVPT,52,0.6685180000000001,0.7111992625024658
2472,PEQIQLLKKAFDAFD,52,0.391798,0.5041589553519338
2473,PEVKYAVFEAALTKA,52,0.498291,0.9125386010439349
2474,PIIIDQKYCPNKICT,52,0.071176,0.09868809613888775
2475,PIYIVTPTNASHIQS,52,0.16877999999999999,0.29410953904816783
2476,PKDSDEFIPMKSSWG,52,0.164516,0.1258759189310978
2477,PKGGAESSSKAALTS,52,0.164827,0.08105842016150333
2478,PLYKLVHVFINTQYA,52,0.888692,0.7836111888691334
2479,PPPPQLGASPYKLGP,52,0.046283,0.09593226355303326
2480,PQVKYAVFEAALTKA,52,0.412605,0.8949288436583451
2481,PSMGRDIKVQFQSGG,52,0.315131,0.11629899937422093
2482,PSPSMGRDIKVQFQS,52,0.224429,0.0818775030061105
2483,PTLAFPAGVCPTIGV,52,0.10921900000000001,0.12644916781546656
2484,PYGATISATPEWATP,52,0.23164400000000002,0.08717966385497095
2485,QAGGKLCPNNLCCSQ,52,0.113105,0.08663043931606008
2486,QDHQEEICEVVLAKS,52,0.49721499999999996,0.1485462860707518
2487,QEVFKAIQSLKTTEV,52,0.580621,0.7214791176474179
2488,QFRRVKCKYPEGTKV,52,0.01211,0.1046105127982601
2489,QGEPGAVIRGKKGAG,52,0.15550899999999998,0.09318897073691969
2490,QGEPGRVIRGKKGAG,52,0.122644,0.06519944853866158
2491,QIHQYIMALREEYFD,52,0.636788,0.6786350549657719
2492,QIRMAKLLGRDPEQS,52,0.27194,0.3329262547656943
2493,QKLIEDINASFRAAM,52,0.207486,0.3433267074537776
2494,QKYCPNKICTSKGDS,52,0.032788,0.10147343114653962
2495,QLSALWARFPLPVIP,52,0.4557,0.754094587435069
2496,QLYSKFLLKAEPLAF,52,0.829837,0.8581311271759039
2497,QPCNGVTMNDVKIEY,52,0.32476900000000003,0.14488564075450155
2498,QPNLKALREKVLGLP,52,0.444079,0.5094991527085999
2499,QPYVLSVASLTSAGQ,52,0.20481300000000002,0.7103017657725501
2500,QVPSASMGRDIKVQF,52,0.602758,0.1229342560675078
2501,QYLIKHKSNNVITCG,52,0.086879,0.251915049809697
2502,RCALHWFPGSHLLAC,52,0.159773,0.6567459350756041
2503,RCALHWFPGSHLLHV,52,0.318418,0.816482292192863
2504,RDCLIAHGAANTITE,52,0.387878,0.14889801541641814
2505,RELWWVFYAGDRALE,52,0.466868,0.4282656661925283
2506,RGLLRRARGGPHHRR,52,0.594992,0.3315984646448429
2507,RIDTPDKLTGPFTVR,52,0.047949,0.08700659984930646
2508,RIIAGTLEVHAVKPA,52,0.61719,0.37171834064686204
2509,RIKLDIETSFIFIET,52,0.336804,0.5745939440524708
2510,RKHIEWNCDVCRHGD,52,0.287294,0.0741748819659894
2511,RLEFDEFVTLAAKFI,52,0.592353,0.6819547765388699
2512,RMFSSTLRAAVPWYA,52,0.510112,0.6856391754554833
2513,RSRPRRTTRRMDRRT,52,0.299881,0.12616230991194446
2514,RTATNIWIDHNSFSN,52,0.065439,0.22723693831707734
2515,RVIRGKKGAGGITIK,52,0.097694,0.05693653598545641
2516,RVWEQIFSTWLLKPG,52,0.938443,0.727113883655341
2517,RVYCDPCRAGFETNV,52,0.15603399999999998,0.061249416475390256
2518,SADEVQRMMAEIDTD,52,0.16617200000000001,0.18249698966970432
2519,SAIRAAPEAARSLAS,52,0.171997,0.15603749519111876
2520,SDDELPYIDPNMEPV,52,0.257254,0.11805016527687423
2521,SFGIVVAWQVKLLPV,52,1.0,0.5997025348854671
2522,SGTVDFDEFMEMMTG,52,0.555092,0.421474776597321
2523,SHIQSAVVCGRRHGV,52,0.15552,0.18596750737050655
2524,SRAEVSYVHVNGAKF,52,0.27291,0.2519273908098674
2525,SRSFLKHSLLRTQRL,52,0.7927390000000001,0.8495060374887655
2526,SSKAATAKAPGLVPK,52,0.12042,0.11327412527027425
2527,SSYAATEVANAAAAS,52,0.6124850000000001,0.15060377169470246
2528,SSYAATEVANAAAGQ,52,0.455933,0.1743648155381076
2529,STVVASVTIIDRSLP,52,0.576317,0.2503705520826292
2530,STWLLKPGAGIMIFD,52,0.318742,0.3512112361207401
2531,SVLLVVALFAVFLGS,52,0.222956,0.32019183186315453
2532,SVRIRVRSGGHDYEG,52,0.0,0.11868512179166926
2533,SVTIKLDGNLLSSND,52,0.32187,0.5274281656731405
2534,SYVHVNGAKFIDTQN,52,0.20738800000000002,0.23325958222666052
2535,TAAVELARALVRAVA,52,0.17033399999999999,0.299238231679734
2536,TAKAPGLVPKLDAAY,52,0.182835,0.09896404361747792
2537,TANVPPADKYKTLEA,52,0.0,0.07387984098769877
2538,TASDFWGGAGSAACQ,52,0.0,0.03214092505212256
2539,TATSASAGWDTVLQS,52,0.215486,0.11377274428090317
2540,TDALRTLGSTSADEV,52,0.20699499999999998,0.2644524763908508
2541,TFYGSNPRGAAPDDH,52,0.026357,0.03900035306782927
2542,TGSRWCCWPVVPVAL,52,0.15428599999999998,0.1737821483036946
2543,TIAAMMTSPLSVASM,52,0.5433,0.5060635951975162
2544,TISNNLFFNHHKVML,52,0.292134,0.5630984831052269
2545,TKKFDEVVKANGGYL,52,0.184425,0.15988970690262885
2546,TKVTFHVVGVGPLLH,52,0.437251,0.6177290916718462
2547,TLGSTSADEVQRMMA,52,0.12191400000000001,0.13396309415054658
2548,TNFKYNYSVIEGGPI,52,0.437638,0.36294456000889835
2549,TPTNASHIQSAVVCG,52,0.046463,0.1441597347457554
2550,TSALIWMASPPEVHS,52,0.144298,0.4809840022944163
2551,TVAAAPQVKYAVFEA,52,0.213457,0.5547393897281332
2552,TVLAFPAGVCPTIGV,52,0.105458,0.20651325277886207
2553,TWQGGSGMASHIIYE,52,0.088312,0.21586110620477317
2554,VATLSEALRIIAGTL,52,0.43362399999999995,0.5171158323260356
2555,VDIKPKDSDEFIPMK,52,0.19044,0.13651163313351541
2556,VDLAKSLRIAAKIYS,52,0.47381999999999996,0.478156147355375
2557,VEDEARRMWASAQNI,52,0.0,0.10891068994640285
2558,VFGNCEGVKIIGISI,52,0.542157,0.12325403610469343
2559,VFYAGDRALEEPHAE,52,0.742926,0.26757843546668897
2560,VGNVAWMHVLAAKYI,52,0.449117,0.6065461642322908
2561,VHAQTVEDEARRMWA,52,0.0,0.06656339447497638
2562,VIPANWKPDTVYTSK,52,0.0,0.06083974867616549
2563,VKGDPVGILYAVFKA,52,0.43641199999999997,0.3218860183738788
2564,VKIEYSGTNNKTMAV,52,0.17716800000000002,0.2010685067707442
2565,VKPLYIITPTNVSHI,52,0.47519300000000003,0.4585647026413884
2566,VKQNTLKLATGMRNV,52,0.374367,0.5097499014761554
2567,VLMEWLKTRPILSPL,52,0.389885,0.6915192067928708
2568,VNYWFAPGAAAAPLS,52,0.261036,0.25866587584873907
2569,VPPADKYKTFEAAFT,52,0.046842,0.63234275744761
2570,VPQLQPQNPSQQQPQ,52,0.0,0.031012537540193667
2571,VQNTVEDLKLNTLGR,52,0.544752,0.49324258121551373
2572,VRILRRVHHRKYLTD,52,0.215049,0.268757300318815
2573,VRSGGHDYEGLSYRS,52,0.350125,0.07273588790661262
2574,VRVPVPQLQPQNPSQ,52,0.07621599999999999,0.23338923605891768
2575,VSEALRIIAGTLEVH,52,0.506896,0.5802608165019296
2576,VSTIVPYIGPALNIV,52,0.41477299999999995,0.35539793073112824
2577,VSVDCSEYPKPDCTA,52,0.073799,0.04069375956806167
2578,VTMNDVKIEYSGTNN,52,0.369,0.19537563664528376
2579,VTVDAAVLAAIDADA,52,0.352738,0.1462937767887879
2580,VVLGLATSPTAEGGK,52,0.168033,0.2608062923651737
2581,VVSRLLIPVPFDPPA,52,0.513219,0.5405921694708499
2582,VWRIDTPDKLTGPFT,52,0.119663,0.11197107925583039
2583,WEQIFSTWLLKPGAG,52,0.794309,0.7328809829226427
2584,WGAIWRIDTPDKLTG,52,0.037474,0.11120366808560278
2585,WGAIWRIDTPEVLKG,52,0.437641,0.3133104792721761
2586,WIELKESWGAVWRID,52,0.135666,0.24205234910612078
2587,WKPDTVYTSKLQFGA,52,0.238262,0.6168945859297407
2588,YANYRDIDLGRNEVV,52,0.303198,0.19881795573751243
2589,YGIAAENVIDVKLVD,52,0.397983,0.31352853369843997
2590,YGRIAECILGMNPSR,52,0.48824700000000004,0.33211273628390187
2591,YKDVDKPPFSGMTGC,52,0.088666,0.07869691113098988
2592,YKKLRTSSFALNLPT,52,0.6116550000000001,0.8151868916792568
2593,YLAILVKYVDGDGDV,52,0.268766,0.36353851832811135
2594,YPFIEQEGPEFFDQE,52,0.097098,0.45776415911367846
2595,YRKILRQRKIDRLID,52,0.181265,0.454907143712498
2596,YTTEGGTKGEAKDVI,52,0.0,0.0191969587033677
2597,EEDKENALSLLDKIYT,52,0.378981,0.6762300977236946
2598,EKIQKAFDDIAKYFSK,52,0.424487,0.4867807247774368
2599,GKWYLKAMTADQEVPE,52,0.067688,0.5148249969209149
2600,KFDSQLAHRHMARELH,52,0.464099,0.30693368708503416
2601,LNKIVRMYSPVSILDI,52,0.9974870000000001,0.6518545032486569
2602,SPEVIPMFSALSEGAT,52,0.234699,0.48259146541785464
2603,CVDAKMTEEDKENALSL,52,0.288945,0.27606528299944527
2604,EHREVLWKFDSQLAHRH,52,0.28862,0.45031908670322646
2605,YAHAAHAAHAAHAAHAA,52,0.0,0.029977221039857452
2606,FESTGNLIAPEYGFKISY,52,0.329323,0.5832582057764727
2607,LRAEQASQEVKNWMTETL,52,0.059807000000000006,0.21398958843344254
2608,NVTENFNMWKNNMVEQMH,52,0.356616,0.22173654161446313
2609,PVGDIYKRWIILGLNKIV,52,0.607193,0.6110479970036881
2610,SELYLYKVVKIEPLGVAP,52,0.926976,0.7981451908593507
2611,WVKVVEEKGFNPEVIPMF,52,0.0,0.24087014901247455
2612,YVDRFYKTLRAEQASQEV,52,0.24962600000000001,0.8408598782479676
2613,GEIYKRWIILGLNKIVRMY,52,0.5470649999999999,0.7305479899919518
2614,KLPKPPKPVSKMRMATPLL,52,0.194165,0.8482859072967494
2615,LGVLLLIGCWYCRRRNGYR,52,0.359752,0.6503957197045348
2616,VRVPVPQLQPQNPSQQQPQ,52,0.108499,0.2591340988758347
2617,WEALKYLWNLLQYWGQELK,52,0.198821,0.6751044557322431
2618,ARRRRASEAPPTSHRRASRQ,52,0.143932,0.1939687612004744
2619,DKISDVSTIVPYIGPALNIV,52,0.523489,0.26220940604651455
2620,EAKYDAYVATLSEALRIIAG,52,0.67042,0.6077348637424339
2621,EYLNKIQNSLSTEWSPCSVT,52,0.369118,0.7273002359547246
2622,GFGMLLRKYGIAAENVIDVK,52,0.68801,0.6654486989818159
2623,IEPIVATNWQKLEAFWHKHM,52,0.646353,0.6371002129366062
2624,KDKWIELKESWGAIWRIDTP,52,0.414605,0.31334063830967385
2625,KIIGGIGGFVKVRQYDQIPI,52,0.260871,0.2688210896909699
2626,KMIGGIGGFVKVRQYDQIPI,52,0.23720300000000002,0.18386654779048417
2627,KRWIILGLNKIVRMYSPTSI,52,0.9974040000000001,0.8492812329347271
2628,LYKYKVVKIEPLGVAPTKAK,52,0.7840699999999999,0.5210447764533791
2629,VATLSEALRIIAGTLEVHAV,52,0.602838,0.430401572695347
2630,VLMEWLKTRPILSPLTKGIL,52,0.772514,0.7156688180014197
2631,WGAIWRIDTPDKLTGPFTVR,52,0.217212,0.23463579295779297
2632,YIITPTNVSHIQSAVVSGRR,52,0.783432,0.2569976342478391
2633,DMTPADALDD,53,0.0,0.027319299419677468
2634,EIVDLMCHAT,53,0.0,0.025540090814145724
2635,EVDMTPADAL,53,0.0,0.02304867182313704
2636,KIQNVIIDECY,53,0.15603399999999998,0.08443748588634527
2637,KMMGVPLQCSA,53,0.29586399999999996,0.025134352718219496
2638,LVEALYLVCGE,53,0.35684,0.1051020514311162
2639,MSSGSFINISV,53,0.237281,0.0190538360782059
2640,GVTYEIDLTNKN,53,0.033105,0.10606451331133585
2641,YMSSGSFINISV,53,0.33368400000000004,0.072508637354152
2642,AAFPSDSWCYFAA,53,0.200656,0.11442275937641604
2643,ASTEYTPIGDNKA,53,0.10456800000000001,0.04962109653191171
2644,DYIDAYVSRLLDD,53,0.263365,0.4113002992081154
2645,DYVVMSAWYKEPN,53,0.205407,0.3637216586459275
2646,GINYLIDTTSREL,53,0.219669,0.2215257176461961
2647,MEALTFKACDHIM,53,0.145169,0.13998210936514308
2648,QDEKDYIDAYVSR,53,0.520594,0.1371896510036654
2649,SAMVYSSDDIPPR,53,0.01211,0.07885496081300493
2650,SPEVIPMFSALSE,53,0.118004,0.08836713438159256
2651,SSVDRYRNRVLLL,53,0.240344,0.21721774189132584
2652,SYDGVSEDTDDDD,53,0.208169,0.17005191611080017
2653,YTPIGDNKALISK,53,0.049042,0.029387320859637668
2654,EEDIEIKPIQEEEY,53,0.33926,0.1835795482581092
2655,KPLLIIAEDVEGEY,53,0.220036,0.5434934980241438
2656,LDHILEPSIPYKSK,53,0.383467,0.13583720292410523
2657,MLFRILSLNLIKIK,53,0.199889,0.217955705331144
2658,NTSYRLISCNTSVI,53,0.405157,0.08512170047692844
2659,PLYRYLGGCFACSL,53,0.312818,0.2611364226751207
2660,AAAAPAAVGAAVGGT,53,0.217691,0.03734489031278731
2661,AAAGLAAAAPLESRQ,53,0.0,0.12380319427350313
2662,AAGAQLLWQLPLLSI,53,0.966548,0.5897837467955057
2663,AAGDFWGGAGSAACQ,53,0.0,0.0811217904866353
2664,AAGVAAWSLIALMIP,53,0.581547,0.7211790203229933
2665,AAIVNKLKAILVDLE,53,0.020235,0.3175959091473989
2666,AALPLLFFALAGQRI,53,0.572513,0.4281412423267776
2667,AAPEAARSLASSLPG,53,0.0,0.10751820268185128
2668,AAPLSWSKDIYNYME,53,0.161022,0.4015103289041899
2669,AASDFWGGAGSAACQ,53,0.0,0.07000956134285172
2670,AASGADGTYDITKLG,53,0.155175,0.047536609482344394
2671,AAVELARALVRAVAE,53,0.09425700000000001,0.26153945349854163
2672,ADNSLDYAANFSHML,53,0.19439700000000001,0.4498593648034641
2673,ADVQYDLYLNVANRR,53,0.345168,0.5159455839332137
2674,AELMILIATNLLGQN,53,0.0,0.31770729541275805
2675,AFEGVFGHLAATAVP,53,0.207155,0.5516811771453262
2676,AFMLAWNYGVPRVMS,53,0.514252,0.7331823627982268
2677,AGALEVHAVKPVTEE,53,0.0,0.1301132382702353
2678,AGAWRTAAVELARAL,53,0.333775,0.2001373150646029
2679,AGRFEVHAQTVEDEA,53,0.19726,0.23223495902992275
2680,AGWDTVLQSITTILA,53,0.224444,0.21188506383002217
2681,AHARSYQTLSTQAAA,53,0.193402,0.09091962995254008
2682,AINIFNVEKYGAVGD,53,0.588716,0.48631149661023926
2683,AKPDGKTDCTKEVEE,53,0.049042,0.023626777935780146
2684,ALKESWGAIWRIDTP,53,0.38350700000000004,0.29893553298163056
2685,ALLPRAGAAAAAALP,53,0.0,0.06593336696121205
2686,ALQSHDDVALVSVMW,53,0.48624399999999995,0.2330169377464945
2687,ALRVIAGALEVHAVK,53,0.19295,0.26644417993387387
2688,ALSDADWHFIADPAS,53,0.349099,0.3852885839121921
2689,ALSDPYLSFAAALNG,53,0.388348,0.43253774692908953
2690,ALTKAITAMSEVQKV,53,0.016850999999999998,0.09135212909336628
2691,APGAAAAPLSWSKDI,53,0.0,0.1475846885571186
2692,AQAVYDFRSIVDYLR,53,0.379585,0.5073130673065568
2693,AQIYQAVSAQAAAIH,53,0.266419,0.1977078377109193
2694,AQVRADRILALDADP,53,0.30451,0.4040897397971851
2695,ARRRRASEAPPTSHR,53,0.015028,0.09221607990324991
2696,ARWVYFLTRMRNPTG,53,0.15224000000000001,0.5333740960139155
2697,ASAAILGHDGTVWAQ,53,0.05298200000000001,0.10971136706008412
2698,ASEAPPTSHRRASRQ,53,0.180759,0.03596775797336772
2699,ASNPNYLAILVKYVD,53,0.395622,0.2171206628730946
2700,ATPPPPPPPQLGASP,53,0.0,0.010652058061892745
2701,ATSPTAEGGKATTEE,53,0.0,0.016806325269631987
2702,ATTANVPPADKYKTF,53,0.0,0.03576668448413973
2703,AVFEAALTKAITAMS,53,0.0,0.21365302960156887
2704,AVFEAALTKAITAMT,53,0.0,0.2093056462712128
2705,AVHVWLRLPAGRVEI,53,0.307425,0.5515470570445534
2706,AVIRGKKGAGGITIK,53,0.032052,0.03191950652739636
2707,AVMLTFDNAGMWNVR,53,0.516901,0.5561603866862168
2708,AWASACGGTGKNTIV,53,0.0,0.03116685759309246
2709,AWMSAAATQAEQAAT,53,0.0,0.15004215285745276
2710,AYGSFVRTVSLPVGA,53,0.230868,0.30173409462026796
2711,AYSDDKSMKVTVAFN,53,0.129419,0.13484650309515073
2712,AYVATVSEALRIIAG,53,0.0,0.17302460501045544
2713,CADILAIASRVLVTM,53,0.20009100000000002,0.3317309017704107
2714,CDASILIDPLSNQSA,53,0.060683,0.26989912192223586
2715,CDGERPTLAFLQDVM,53,0.426291,0.39875060023190223
2716,CGGTGKNTIVIPKGD,53,0.055346000000000006,0.04272962542350158
2717,CGYKDVDKPPFDGMT,53,0.15739,0.12200242387060435
2718,CIEYVTLNASQYANC,53,0.22269299999999997,0.20394514796773952
2719,DALTLRTATNIWIDH,53,0.271108,0.19443233178663444
2720,DCSEYPKPDCTAEDR,53,0.0,0.07638827921910114
2721,DDRITKARWVYFLTR,53,0.043111000000000003,0.4159144880132219
2722,DEARRMWASAQNISG,53,0.42351400000000006,0.3128339680074833
2723,DEPMVQVEAGKVNHS,53,0.027942,0.1708131231425224
2724,DESWQQFRQELIPLL,53,0.784133,0.28199331243560377
2725,DGQGKAVWGKNSCAK,53,0.0,0.040670484896326395
2726,DHTNFKYNYSVIEGG,53,0.0,0.28870861917587004
2727,DIDLGRNEVVNDVST,53,0.163418,0.44288905543905527
2728,DIFTNSRGKRASKGN,53,0.021725,0.07246113811691922
2729,DIKVQFQSGGNNSPA,53,0.094307,0.06324851508485052
2730,DINASFRAAMATTAN,53,0.072872,0.22310529340756105
2731,DITVKNCVLKKSTNG,53,0.0,0.0713652480986849
2732,DKISDVSTIVPYIGP,53,0.29511,0.19787688643416462
2733,DKKCIEWEKAQHGAC,53,0.050123,0.17736032429776546
2734,DKLTGPFTVRYTTEG,53,0.0,0.14177977054922705
2735,DKVYEILKINSVKYY,53,0.23519400000000001,0.18533641942877382
2736,DLVANQPNLKALREK,53,0.0,0.10280162122728255
2737,DRASYRAHWQDDDVT,53,0.348934,0.2775820968970232
2738,DVFYNGAYFVSSGKY,53,0.19548,0.4842655083710467
2739,DVLSQPMLPHTWDGS,53,0.342095,0.24152208865923158
2740,EAAFNKAIKESTGGA,53,0.051192,0.1371646820153914
2741,EDPLFQLVSKLYEVV,53,0.08367899999999999,0.3881477492506183
2742,EEFVSLASRFLVEED,53,0.267343,0.44884803155925435
2743,EEVDMTPADALDDFD,53,0.111469,0.24898434207791548
2744,EFIPMKSSWGAIWRI,53,0.21391500000000002,0.17366733207386037
2745,EFVTLAAKFIIEEDS,53,0.768369,0.3647088299867201
2746,EGHHLASAAIFGHDG,53,0.143735,0.2896812926846416
2747,EGHHLASAAILGHDG,53,0.085495,0.19163743641872527
2748,EHELYVAVLSNALHR,53,0.260508,0.2994864820167911
2749,EITGIMKDFDEPGHL,53,0.39533,0.20222299950247122
2750,EKKYFAAFQFEPLAA,53,0.612815,0.8319821289388084
2751,EKKYFAALQFEPLAA,53,0.420991,0.8484029231874723
2752,EKKYFAARQFEPLAA,53,0.517702,0.7123246243361749
2753,EKKYFAATEFEPLAA,53,0.46935299999999996,0.7353324886459852
2754,EKKYFAATKFEPLAA,53,0.440188,0.5892958255218299
2755,EKKYFAATQAEPLAA,53,0.574856,0.34247420118118566
2756,EKKYFAATQCEPLAA,53,0.304338,0.3664836794243599
2757,EKKYFAATQDEPLAA,53,0.435934,0.3652277040129585
2758,EKKYFAATQEEPLAA,53,0.267343,0.2932255070800437
2759,EKKYFAATQGEPLAA,53,0.14263699999999999,0.36986042375093453
2760,EKKYFAATQHEPLAA,53,0.215455,0.37087447641692445
2761,EKKYFAATQIEPLAA,53,0.604454,0.40379021824417594
2762,EKKYFAATQKEPLAA,53,0.270052,0.24505266823063454
2763,EKKYFAATQLEPLAA,53,0.377391,0.5075881616419835
2764,EKKYFAATQMEPLAA,53,0.391811,0.5361657381759813
2765,EKKYFAATQNEPLAA,53,0.24606399999999998,0.3879769345272482
2766,EKKYFAATQPEPLAA,53,0.15603399999999998,0.29389544323468086
2767,EKKYFAATQQEPLAA,53,0.254444,0.28760916191791475
2768,EKKYFAATQREPLAA,53,0.238961,0.35705953538896334
2769,EKKYFAATQSEPLAA,53,0.20389300000000002,0.3544854294311123
2770,EKKYFAATQTEPLAA,53,0.151302,0.2584475265613877
2771,EKKYFAATQVEPLAA,53,0.346672,0.37252470042874547
2772,EKKYFAATQWEPLAA,53,0.483734,0.5779512288754383
2773,EKKYFAATQYEPLAA,53,0.298533,0.4976385603958543
2774,EKKYFAATWFEPLAA,53,0.9011790000000001,0.8808495236530962
2775,EKKYFACTQFEPLAA,53,0.46727399999999997,0.8261559762825504
2776,EKKYFAHTQFEPLAA,53,0.529742,0.8527450314659113
2777,EKKYFANTQFEPLAA,53,0.474803,0.6371152574900288
2778,EKKYFATTQFEPLAA,53,0.43301999999999996,0.6196206109716008
2779,ELAAVSVDCSEYPKP,53,0.034933,0.14657171245658773
2780,ELKESWGAIWRIDTP,53,0.38481,0.28282192504810383
2781,ELYKYKVVKIEPLGV,53,0.20606999999999998,0.15850290987509422
2782,EPAYFATAESVRDHL,53,0.360757,0.4223798744643988
2783,EQCGRQAGGKLCPNN,53,0.045156,0.024802613921792546
2784,ESLHNPYPDYHWLRT,53,0.351962,0.22150030056001968
2785,ESTGGAYDTYKSIPS,53,0.18739,0.10265519054807744
2786,ESWGAVWRIDTPDKL,53,0.323968,0.25733840553921
2787,EVDMTPADALDDFDL,53,0.446475,0.31090899654785165
2788,EVLGFRMVQDERVGR,53,0.522559,0.3779922355662107
2789,EVVKANGGYLAAGKL,53,0.249987,0.10563051160376632
2790,EVYEARLTKFKYLAG,53,0.0,0.1301450463244564
2791,EYIEAAKWLLPPPKV,53,0.39615700000000004,0.544887125938694
2792,EYLNKIQNSLSTEWS,53,0.21329499999999998,0.12653854031319317
2793,FAVATITHAAELQRV,53,0.409006,0.11246577380882107
2794,FDHEFTFGWDELLSK,53,0.651898,0.7481970159083089
2795,FDKYGATISATPESA,53,0.0,0.20410348176337492
2796,FDPKGATISATPESA,53,0.039907,0.0454696805823438
2797,FDPYGATIKATPESA,53,0.10955899999999999,0.0911971694451897
2798,FDPYGATISATKESA,53,0.0,0.07609637290212518
2799,FDPYGATISATPEKA,53,0.0,0.08258612709472525
2800,FDPYGATISATPESA,53,0.075228,0.08472582912842888
2801,FDPYGATISATPESK,53,0.0,0.08258612709472525
2802,FDPYGATISATPKSA,53,0.610054,0.08472582912842888
2803,FDREFTFGWDELLSK,53,0.59167,0.7288167771526247
2804,FEAAFNDAIKASTGG,53,0.183852,0.4720801047138071
2805,FKPYGATISATPESA,53,0.067242,0.08481021760446109
2806,FLAVAVVLGLATSPT,53,0.181077,0.1496935931551054
2807,FLFQRAVAREAIIAL,53,0.324897,0.2934533172274414
2808,FPPNGTHSWEYWGAQ,53,0.186039,0.40775177519300393
2809,FTSLEYIEAAKWLLP,53,0.193109,0.5100613498570851
2810,FVNQHLCGSHLVEAL,53,0.342474,0.13007780885290798
2811,FVVTGRVYCDPCRAG,53,0.23526599999999998,0.17572443796606416
2812,GAVDIINKWQVVAPQ,53,0.074949,0.21302987513760227
2813,GAYFVSSGKYEGGNI,53,0.0,0.15126660415548887
2814,GELEFEEFVSLASRF,53,0.061940999999999996,0.4211024865948069
2815,GEVEIQFRRVKCKYP,53,0.151533,0.1447423354525176
2816,GEVLNALAYDVPIPG,53,0.768764,0.3346542993718761
2817,GGACGYKDVDKPPFS,53,0.13880599999999998,0.06651886559649656
2818,GGGFGMLLRKYGIAA,53,0.0,0.3612530107735422
2819,GGSILKISNKFHTKG,53,0.183997,0.07644550173198345
2820,GGSILKISNKYHTKG,53,0.190301,0.08176405854122859
2821,GHAYLLLPNTESARK,53,0.22701300000000002,0.22026558633262855
2822,GKGTLDGQGKAVWGK,53,0.0,0.06663921393110292
2823,GKIDFLNNYALFLSP,53,0.618581,0.7207490016177208
2824,GLSGEPKGGAESSSK,53,0.12531099999999998,0.020856464719297817
2825,GLVPKLDAAYSVAYK,53,0.27016399999999996,0.16759450269664863
2826,GMTGMLWETSLLDPE,53,0.355819,0.8346428393380307
2827,GNIVAVDIKPKDSDE,53,0.30302399999999996,0.13872900315931508
2828,GPPVEASAAALAGDA,53,0.030789999999999998,0.1343349982310478
2829,GRKRPIVRILRRVHH,53,0.0,0.2548620559925191
2830,GTKGEAKDVIPEGWK,53,0.0918,0.08458032600893715
2831,GVLKNEFMSLAFDYW,53,0.51598,0.5191261689581054
2832,GWIISNIFGAIPVLA,53,0.44420600000000005,0.42830277050908766
2833,GWIISNIFGAIPVLG,53,0.561757,0.29700002543451104
2834,HAYYLQYKNVRPDYL,53,0.34062,0.29894420714285663
2835,HDYEGLSYRSLQPET,53,0.19713699999999998,0.3106213726823282
2836,HFSNVFRSVMAPFTM,53,0.202868,0.3114618032304566
2837,HGRQIRMAKLLGRDP,53,0.019881,0.19182190805864754
2838,HMAKEDLVANQPNLK,53,0.092441,0.18905103925456404
2839,HSLLRTQRLHKFLVC,53,0.260627,0.22838202513567707
2840,HSRNLINELSERMAG,53,0.192863,0.13409521030589702
2841,IAAMMTSPLSVASMT,53,0.287025,0.2648685943483806
2842,IAIAFLSVSNNYEYI,53,0.258919,0.3683113931809229
2843,IASLFAAAGLAAAAP,53,0.067619,0.28596966086112097
2844,IEFRFYKEITNVFRG,53,0.398819,0.3674771555840099
2845,IGPEAAEAAAAAPAA,53,0.577056,0.10860427524308636
2846,IGRIAETILGYNPSA,53,0.18424100000000002,0.1911172065617295
2847,IGSYVAFLSQTFAFI,53,0.0,0.45507539194437113
2848,IHKASTVLAFPAGVC,53,0.21206999999999998,0.20812913081946519
2849,IIELFTAKGFTVQEM,53,0.642058,0.23100102258677005
2850,IITPTNVSHIQSAVV,53,0.0,0.06285741454246185
2851,IMRIKKLTITGKGTL,53,0.0,0.12268739904329058
2852,INLIIHYVDRPGALG,53,0.676148,0.40113086261260683
2853,IPKGDFLTGPLNFTG,53,0.0,0.3862950016041894
2854,IPVMAYLVGLFAWVL,53,0.245966,0.7882941431274201
2855,IQNSLSTEWSPCSVT,53,0.24444899999999997,0.18971504758770905
2856,ISATPEWATPFPHRK,53,0.0,0.12209237411450952
2857,ISDFRAAIANYHYDA,53,0.528468,0.3870680636756264
2858,ISGLKPGVDYTITVY,53,0.185288,0.16293601817172848
2859,ITAMSEVQKVSQPAT,53,0.212813,0.08401595654727113
2860,IVLNHMTGAQSGKGT,53,0.058752,0.16058786633085165
2861,KAIKESTGGAYDTYK,53,0.0,0.041161028498409045
2862,KASNPNYLAILVKYV,53,0.40476999999999996,0.10896580894906388
2863,KCKYPEGTKVTFHVE,53,0.0,0.02573190233701685
2864,KDILEDERAAVDTYC,53,0.664064,0.15102843935049504
2865,KDKWIELKESWGAIW,53,0.187691,0.19047875423834656
2866,KDPYGATISATPESA,53,0.0,0.06034303128666089
2867,KEVEEAWASACGGTG,53,0.435087,0.10623145827294467
2868,KEYTFPITLSSTSNP,53,0.0,0.3055832833414228
2869,KFTQFAGKDLESIKG,53,0.12278199999999999,0.3877705612199621
2870,KFVDSTVVASVTIID,53,0.0,0.13896306164114466
2871,KGKDKWIELKESWGA,53,0.0,0.17197979660589982
2872,KGSNDHYLALLVKYA,53,0.16053499999999998,0.2916536971552216
2873,KHLAVLVKYEGDTMA,53,0.0,0.23108991119058542
2874,KIEIDQDHQEEICEV,53,0.390523,0.2115338732245924
2875,KKGAGGITIKKTGQA,53,0.0,0.03444348195868192
2876,KLCPNNLCCSQWGWC,53,0.19636800000000001,0.06331622075140282
2877,KLKIQNVIIDECYGA,53,0.280111,0.6221064463722903
2878,KLPWKNESSIKVIKQ,53,0.029095999999999997,0.08574392426131662
2879,KLTITGKGTLDGQGK,53,0.0,0.06993084247348465
2880,KMPMYIAGYKTFDGR,53,0.17482799999999998,0.35179567228196545
2881,KNTIVIPKGDFLTGP,53,0.083196,0.32569599676073663
2882,KPPFSGMTGCGNTPI,53,0.161019,0.021398409844711457
2883,KSIIKARVVWKAIIE,53,0.202766,0.26083700419884964
2884,KSMKVTVAFNQFGPN,53,0.214824,0.2932715949232342
2885,KSTNGLRIKSYEDAK,53,0.408136,0.11353766348897873
2886,KTDCTKEVEEAWASA,53,0.337142,0.04886299055480121
2887,KTVSEGAVDIINKWQ,53,0.334998,0.2643356174522059
2888,KYDAYVATLSEALRI,53,0.0,0.3055463766443166
2889,KYKTFEAAFTVSSKR,53,0.058823,0.3651514675522361
2890,LDGNLLSSNDLAKYK,53,0.172511,0.17555383668600077
2891,LEAKATFYGSNPRGA,53,0.0,0.1690913735260981
2892,LEKISNEIKIVATPD,53,0.131367,0.23643451820387407
2893,LFFNHHKVMLLGHDD,53,0.19833399999999998,0.3360349972498956
2894,LGAVYRYKKLKEMSA,53,0.0,0.14484014027212808
2895,LHFSEALRIIAGTPE,53,0.222354,0.6025208593417529
2896,LKLATGMRNVPEKQT,53,0.051372,0.10857597016164022
2897,LKNCVDAKMTEEDKE,53,0.074537,0.07530861270683613
2898,LKTRPILSPLTKGIL,53,0.023784,0.07347073556906278
2899,LNIKLNMPLYIAGNK,53,0.141644,0.25887386681621444
2900,LQFAKLTGFTLMGKG,53,0.317112,0.33762660115684057
2901,LQSLWANFYELLADA,53,0.645061,0.7935451422151543
2902,LRIAAKIYSEADEAW,53,0.176949,0.2681208582944446
2903,LRYRYGLFKQRIAKE,53,0.48404899999999995,0.28513262431308944
2904,LSFAAALNGLAGPLH,53,0.0,0.24011489765506688
2905,LSSNDLAKYKANWIE,53,0.56323,0.1862803024677131
2906,LSYRSLQPETFAVVD,53,0.036233999999999995,0.29125109460910886
2907,LTGYSLFQKEKMVLN,53,0.371111,0.21264882070809893
2908,LVKFVAGDGDVVAVD,53,0.335244,0.31431109495313525
2909,LVKYEGDTMAEVELR,53,0.0,0.18859155233377445
2910,LVSKLYEVVPGILTE,53,0.38961399999999996,0.2249192320687682
2911,MAFLRSVSRLAAAVF,53,0.162623,0.18926411051386186
2912,MASSSSVLLVVALFA,53,0.0,0.23264425122154128
2913,MASSSSVLLVVVLFA,53,0.311217,0.13705124672741378
2914,MGEAVQNTVEDLKLN,53,0.185977,0.13595493198788683
2915,MGRDIKVQFQSGGAN,53,0.07635800000000001,0.1337068911259049
2916,MHWVRQAPGKGLEWV,53,0.084341,0.09783930058847355
2917,MLLRKYGIAAENVID,53,0.22111599999999998,0.3579438035325699
2918,MPFVTTQPEALAAAA,53,0.041069,0.2191214903283422
2919,MSFVTTQPEALAAAA,53,0.152284,0.23443608892376988
2920,MSQIMYNYPAMMAHA,53,0.428838,0.824316191725752
2921,MSQIMYNYPAMRAHA,53,0.360281,0.527041898305172
2922,MVVERLGDYLVEQGM,53,0.726625,0.48370424330002526
2923,NCVLKKSTNGLRIKS,53,0.0,0.0353632045561366
2924,NDAIKASTGGAYESY,53,0.0,0.10927817062630847
2925,NDFLKTGHYTQMVWA,53,0.26152800000000004,0.5135983410422065
2926,NFTVGRIIELFTAKG,53,0.401424,0.32802973760417087
2927,NHFFNHHKVMLLGHD,53,0.25058600000000003,0.3372862866057478
2928,NHFFNHHKVMLLGHS,53,0.233936,0.3372862866057478
2929,NIWADDLAASLSTLE,53,0.48909899999999995,0.42991247169834645
2930,NLNIKLNMPLYIAGN,53,0.190187,0.21659706796198785
2931,NMVVERLGDYLVEQG,53,0.5677909999999999,0.3747907913094078
2932,NNRIWLQFAKLTGFT,53,0.217761,0.44934664550435094
2933,NPRQAYANYRDIDLG,53,0.5981920000000001,0.3802152977500502
2934,NRIMADGGSIQNTNL,53,0.0,0.052809090721091606
2935,NVSHIQSAVVCGRRH,53,0.0,0.10292313936294917
2936,NYLALLVKFVAGDGD,53,0.19426500000000002,0.3604206947679918
2937,PAAAYATATPAAATA,53,0.13702999999999999,0.022765392248689613
2938,PAGVCPTIGVGGNFA,53,0.0,0.05884902156626114
2939,PALLALLALPALLLL,53,0.545131,0.1647599723250341
2940,PASWKNNRIWLQFAK,53,0.43597600000000003,0.40974738724264065
2941,PCKGDSVTIKLDGNL,53,0.0,0.08013427247214477
2942,PCRAGFETNVSHNVQ,53,0.262018,0.0790849290892043
2943,PDLPYDYGALEPAIS,53,0.264608,0.28431974860533793
2944,PEGLLWLLLTGKVPT,53,0.335633,0.2681723450827345
2945,PEQIQLLKKAFDAFD,53,0.35341999999999996,0.22853695204973015
2946,PEVKYAVFEAALTKA,53,0.133074,0.46728043166594757
2947,PIIIDQKYCPNKICT,53,0.071603,0.12145176940830976
2948,PIYIVTPTNASHIQS,53,0.0,0.06474009051244087
2949,PKDSDEFIPMKSSWG,53,0.0,0.1513652350549827
2950,PKGGAESSSKAALTS,53,0.0,0.05395693981223886
2951,PLYKLVHVFINTQYA,53,0.665858,0.35990391678011463
2952,PPPPQLGASPYKLGP,53,0.067688,0.04477347636539348
2953,PQVKYAVFEAALTKA,53,0.078968,0.5553038217033887
2954,PSMGRDIKVQFQSGG,53,0.237433,0.1589173947551102
2955,PSPSMGRDIKVQFQS,53,0.16792200000000002,0.16387812007504945
2956,PTLAFPAGVCPTIGV,53,0.195145,0.10594074786669783
2957,PYGATISATPEWATP,53,0.0,0.0787995501560028
2958,QAGGKLCPNNLCCSQ,53,0.038089,0.043614340145006515
2959,QDHQEEICEVVLAKS,53,0.055346000000000006,0.17167756428582903
2960,QEVFKAIQSLKTTEV,53,0.599472,0.10750274960159156
2961,QFRRVKCKYPEGTKV,53,0.0,0.05992713192877155
2962,QGEPGAVIRGKKGAG,53,0.021244,0.05729016627476772
2963,QGEPGRVIRGKKGAG,53,0.013807,0.03238048276018016
2964,QIHQYIMALREEYFD,53,0.8900469999999999,0.5814288678047769
2965,QIRMAKLLGRDPEQS,53,0.26043099999999997,0.2092726087989789
2966,QKLIEDINASFRAAM,53,0.15325899999999998,0.394875135192478
2967,QKYCPNKICTSKGDS,53,0.0,0.06078877774288235
2968,QLSALWARFPLPVIP,53,0.675447,0.44884998144158256
2969,QLYSKFLLKAEPLAF,53,0.41061499999999995,0.39799500798477044
2970,QPCNGVTMNDVKIEY,53,0.380289,0.1757969218399708
2971,QPNLKALREKVLGLP,53,0.0,0.09161595561775528
2972,QPYVLSVASLTSAGQ,53,0.279696,0.2500585479995782
2973,QVPSASMGRDIKVQF,53,0.410045,0.18091457099644337
2974,QYLIKHKSNNVITCG,53,0.045721,0.10653868442039306
2975,RCALHWFPGSHLLAC,53,0.359586,0.5239315053642575
2976,RCALHWFPGSHLLHV,53,0.536592,0.500060778126837
2977,RDCLIAHGAANTITE,53,0.345519,0.23395715488160634
2978,RFTISRDNSKNTLYL,53,0.221777,0.0537615569332341
2979,RGLLRRARGGPHHRR,53,0.189969,0.18838472016194144
2980,RIDTPDKLTGPFTVR,53,0.0,0.06055975850930639
2981,RIIAGTLEVHAVKPA,53,0.011295999999999999,0.14192227021942597
2982,RIKLDIETSFIFIET,53,0.129046,0.3539990085928918
2983,RKHIEWNCDVCRHGD,53,0.328716,0.18672817442781883
2984,RLEFDEFVTLAAKFI,53,0.273633,0.5213207057704089
2985,RMFSSTLRAAVPWYA,53,0.223241,0.37817261943004077
2986,RSRPRRTTRRMDRRT,53,0.202868,0.10325803174338263
2987,RTATNIWIDHNSFSN,53,0.593925,0.2871281667034178
2988,RVIRGKKGAGGITIK,53,0.084757,0.03191950652739636
2989,RVWEQIFSTWLLKPG,53,0.198009,0.4319388546508932
2990,RVYCDPCRAGFETNV,53,0.342018,0.14728231819673324
2991,SADEVQRMMAEIDTD,53,0.0,0.443172991577541
2992,SAIRAAPEAARSLAS,53,0.0,0.10457261839834409
2993,SDDELPYIDPNMEPV,53,0.6566960000000001,0.23297986100295567
2994,SFGIVVAWQVKLLPV,53,0.619961,0.39607149088324234
2995,SGTVDFDEFMEMMTG,53,0.37427699999999997,0.7024842104536811
2996,SHIQSAVVCGRRHGV,53,0.0,0.09171770829794351
2997,SRAEVSYVHVNGAKF,53,0.114186,0.18582893567551498
2998,SRSFLKHSLLRTQRL,53,0.18777,0.1683110360268109
2999,SSKAATAKAPGLVPK,53,0.0,0.03717715914720184
3000,SSYAATEVANAAAAS,53,0.349963,0.147929802512212
3001,SSYAATEVANAAAGQ,53,0.115356,0.16342541202048882
3002,STVVASVTIIDRSLP,53,0.37344499999999997,0.1863110427288925
3003,STWLLKPGAGIMIFD,53,0.013716999999999998,0.4303252281006898
3004,SVLLVVALFAVFLGS,53,0.022816,0.17406205709831885
3005,SVRIRVRSGGHDYEG,53,0.2044,0.05750433629806084
3006,SVTIKLDGNLLSSND,53,0.058895,0.17183044346571705
3007,SYVHVNGAKFIDTQN,53,0.053810000000000004,0.3410746247216935
3008,TAAVELARALVRAVA,53,0.198722,0.22824995592443262
3009,TAKAPGLVPKLDAAY,53,0.070316,0.07901004341923284
3010,TANVPPADKYKTLEA,53,0.0,0.04295092323751592
3011,TASDFWGGAGSAACQ,53,0.0,0.06633976064294317
3012,TATSASAGWDTVLQS,53,0.493676,0.2233926976039787
3013,TDALRTLGSTSADEV,53,0.0,0.131098348246294
3014,TFYGSNPRGAAPDDH,53,0.0,0.07524469722115297
3015,TGSRWCCWPVVPVAL,53,0.509029,0.2157002535631048
3016,TIAAMMTSPLSVASM,53,0.397387,0.26686883243874077
3017,TISNNLFFNHHKVML,53,0.314596,0.31577687695251344
3018,TKKFDEVVKANGGYL,53,0.280418,0.11153652999597005
3019,TKVTFHVVGVGPLLH,53,0.365969,0.18920488706022276
3020,TLGSTSADEVQRMMA,53,0.0,0.1744367347780185
3021,TNFKYNYSVIEGGPI,53,0.22795300000000002,0.27397458340628994
3022,TPTNASHIQSAVVCG,53,0.0,0.11690212895731056
3023,TSALIWMASPPEVHS,53,0.132936,0.45859324974268173
3024,TVAAAPQVKYAVFEA,53,0.0,0.22406930938244107
3025,TVLAFPAGVCPTIGV,53,0.350355,0.11415354318923439
3026,TWQGGSGMASHIIYE,53,0.064524,0.23481033539286006
3027,VATLSEALRIIAGTL,53,0.082441,0.22663627871204428
3028,VDIKPKDSDEFIPMK,53,0.145169,0.10363269228334974
3029,VDLAKSLRIAAKIYS,53,0.02308,0.23855388318176862
3030,VEDEARRMWASAQNI,53,0.548679,0.2792938989029405
3031,VFGNCEGVKIIGISI,53,0.197247,0.22869853394518982
3032,VGNVAWMHVLAAKYI,53,0.295346,0.5097834887699404
3033,VHAQTVEDEARRMWA,53,0.051684,0.1375653361080278
3034,VIPANWKPDTVYTSK,53,0.17798,0.06151673249803158
3035,VKGDPVGILYAVFKA,53,0.215903,0.2894908509018687
3036,VKIEYSGTNNKTMAV,53,0.0,0.08507858069202044
3037,VKPLYIITPTNVSHI,53,0.078968,0.09401083441668756
3038,VKQNTLKLATGMRNV,53,0.0,0.12529349740673915
3039,VLMEWLKTRPILSPL,53,0.29981199999999997,0.3337584593888571
3040,VNYWFAPGAAAAPLS,53,0.37893499999999997,0.23441548592079486
3041,VPPADKYKTFEAAFT,53,0.12289800000000001,0.14554313032410943
3042,VPQLQPQNPSQQQPQ,53,0.0,0.019227893747811087
3043,VQNTVEDLKLNTLGR,53,0.150398,0.1864693362107187
3044,VRILRRVHHRKYLTD,53,0.0,0.13205399483175556
3045,VRSGGHDYEGLSYRS,53,0.0,0.12232800716955014
3046,VRVPVPQLQPQNPSQ,53,0.029707,0.04642640814684452
3047,VSEALRIIAGTLEVH,53,0.065893,0.2977886452929449
3048,VSTIVPYIGPALNIV,53,0.400362,0.20464217486701916
3049,VSVDCSEYPKPDCTA,53,0.031169,0.08743530311044333
3050,VTMNDVKIEYSGTNN,53,0.265532,0.21782969291147883
3051,VTVDAAVLAAIDADA,53,0.314454,0.2955278571759575
3052,VVLGLATSPTAEGGK,53,0.0,0.09785902612078937
3053,VVSRLLIPVPFDPPA,53,0.721304,0.414849599165694
3054,VWRIDTPDKLTGPFT,53,0.15806099999999998,0.13553768334339977
3055,WEQIFSTWLLKPGAG,53,0.131973,0.44698241677624273
3056,WGAIWRIDTPDKLTG,53,0.48601099999999997,0.2107065307991737
3057,WGAIWRIDTPEVLKG,53,0.48238100000000006,0.4044636971142419
3058,WIELKESWGAVWRID,53,0.373867,0.21181537323075667
3059,WKPDTVYTSKLQFGA,53,0.0,0.12416082458363631
3060,YANYRDIDLGRNEVV,53,0.441563,0.44552995488036906
3061,YGIAAENVIDVKLVD,53,0.507371,0.3339837757598676
3062,YGRIAECILGMNPSR,53,0.169101,0.33703723418697257
3063,YKDVDKPPFSGMTGC,53,0.011295999999999999,0.07921169324896149
3064,YKKLRTSSFALNLPT,53,0.481414,0.2727053232072828
3065,YLAILVKYVDGDGDV,53,0.31441199999999997,0.27812148781388213
3066,YPFIEQEGPEFFDQE,53,0.396177,0.5351814026849613
3067,YRKILRQRKIDRLID,53,0.218631,0.37361874409021323
3068,YTTEGGTKGEAKDVI,53,0.0,0.0191368417354119
3069,EEDKENALSLLDKIYT,53,0.276459,0.37827895181757626
3070,EKIQKAFDDIAKYFSK,53,0.6368189999999999,0.41846159673162214
3071,GKWYLKAMTADQEVPE,53,0.5936520000000001,0.5492859682066494
3072,LNKIVRMYSPVSILDI,53,0.571823,0.4482426955755046
3073,SPEVIPMFSALSEGAT,53,0.20551599999999998,0.20830430712585413
3074,SQDLELSANLNGLQAY,53,0.40997100000000003,0.3353330716660373
3075,SQDLELSGNLNGLQAY,53,0.133398,0.32934206918630665
3076,SQDLELSMNLNGLQAY,53,0.445812,0.4438173797783904
3077,SQDLELSSNLNGLQAY,53,0.048552,0.44506179503479065
3078,SQDLELSWDLNGLQAY,53,0.7206560000000001,0.9755090929700272
3079,SQDLELSWILNGLQAY,53,0.7568239999999999,0.9856238964837123
3080,SQDLELSWQLNGLQAY,53,0.611935,0.9818924554680913
3081,SQDLELSWWLNGLQAY,53,0.5951380000000001,0.9764424182388218
3082,CVDAKMTEEDKENALSL,53,0.0918,0.21233132646861083
3083,YAHAAHAAHAAHAAHAA,53,0.115744,0.040050602216341685
3084,FESTGNLIAPEYGFKISY,53,0.532373,0.40374352171437194
3085,NVTENFNMWKNNMVEQMH,53,0.5982689999999999,0.28727543463895616
3086,SELYLYKVVKIEPLGVAP,53,0.535177,0.4509240911554161
3087,YVDRFYKTLRAEQASQEV,53,0.20906599999999997,0.33444977544913823
3088,GEIYKRWIILGLNKIVRMY,53,0.24992399999999998,0.4330736257072214
3089,KLPKPPKPVSKMRMATPLL,53,0.11048399999999998,0.5858870637508894
3090,VRVPVPQLQPQNPSQQQPQ,53,0.0,0.06468862687719439
3091,WEALKYLWNLLQYWGQELK,53,0.27494,0.8403525516819178
3092,ARRRRASEAPPTSHRRASRQ,53,0.222538,0.14422938704938532
3093,DKISDVSTIVPYIGPALNIV,53,0.562901,0.15883150526779669
3094,EAKYDAYVATLSEALRIIAG,53,0.30748400000000004,0.39266505475327557
3095,EYLNKIQNSLSTEWSPCSVT,53,0.336623,0.3350204595423469
3096,GFGMLLRKYGIAAENVIDVK,53,0.550519,0.4846527467308669
3097,IEPIVATNWQKLEAFWHKHM,53,0.37244099999999997,0.4235777639089388
3098,KDKWIELKESWGAIWRIDTP,53,0.475975,0.37693570733381576
3099,KIIGGIGGFVKVRQYDQIPI,53,0.38534,0.41977635680918035
3100,KMIGGIGGFVKVRQYDQIPI,53,0.42404,0.27550280211921946
3101,KRWIILGLNKIVRMYSPTSI,53,0.40873400000000004,0.5864112916904592
3102,LYKYKVVKIEPLGVAPTKAK,53,0.281561,0.1984026279352969
3103,VATLSEALRIIAGTLEVHAV,53,0.380575,0.20882742216424982
3104,VLMEWLKTRPILSPLTKGIL,53,0.585013,0.38895859518212245
3105,WGAIWRIDTPDKLTGPFTVR,53,0.38548000000000004,0.27379656405275515
3106,YIITPTNVSHIQSAVVSGRR,53,0.348339,0.11657438983374235
3107,IMGAVLIWV,54,0.0,0.2980076751756672
3108,LLVSGWNSITV,54,0.526978,0.3388491863618019
3109,AEMETESWIVDRQWA,54,0.22939,0.7162628266880543
3110,AEMVIHHQHVQDCDE,54,0.427304,0.6263650327899202
3111,AGWLFHVRGARRSGD,54,0.6247199999999999,0.46736273043180343
3112,AMTDTTPFGQQRVFK,54,0.336888,0.37539508441378655
3113,ATPPGTSDEFPHSNG,54,0.0,0.20171789731345766
3114,CEHLEDGIYGIFQST,54,0.38765900000000003,0.689702295061635
3115,CGSYVTKTSGSAASM,54,0.599739,0.6803610276511031
3116,DGGGFYADDTAGWDT,54,0.304655,0.27375336833194414
3117,DLDDEQEILNYMSPH,54,0.342204,0.7032372973570058
3118,DQGCSSALGSGPYGA,54,0.0,0.43713583672107276
3119,DQRGSGQVVTYALNT,54,0.44930299999999995,0.787589355960254
3120,EEPDDIDCWCYGVEN,54,0.0,0.38945201971087073
3121,EERVERIKSEYMTSW,54,0.53387,0.49399804924005014
3122,EQEILNYMSPHHKKL,54,0.626328,0.8252705086502267
3123,ERIKSEYMTSWFYDN,54,0.344711,0.7627335864472866
3124,ERKLHQQGRCRTCVY,54,0.0,0.6053163173570862
3125,FEALGFLNEDHWASR,54,0.46402899999999997,0.7703242255162515
3126,FHVRGARRSGDVLWD,54,0.288606,0.5608415993830943
3127,FSSAGGFFTSVGKGI,54,0.0,0.4569939476362538
3128,FTQTMKGVERLAVMG,54,0.438496,0.8490238612982799
3129,FYADDTAGWDTRITE,54,0.0,0.2717746679405782
3130,GAAMVEIALGGVMGG,54,0.650253,0.7486173189137281
3131,GAMLVGQVTLLDLLK,54,0.659061,0.9091413394071437
3132,GCSSALGSGPYGALG,54,0.250908,0.5743863334162815
3133,GDSYYYSEPTSENNA,54,0.31366900000000003,0.4086164735908505
3134,GETVKCRAPGGAKKP,54,0.0,0.4376420230047391
3135,GGVFHTMWHVTRGAF,54,0.526978,0.49266728633203744
3136,GKCDSAGRSRRSRRA,54,0.0,0.34726174220837847
3137,GKEFIRCLALPFRGY,54,0.762939,0.8919391577776425
3138,GKNLVFSPGRKNGSF,54,0.510312,0.6886444803346361
3139,GKTFSVGTGNCTTNI,54,0.305508,0.4508390185508724
3140,GLALSHLNAMSKVRK,54,0.631325,0.9379223026348639
3141,GLCAFLATRIFGRRS,54,0.0,0.7691474617073653
3142,GLFGGLNWITKVIMG,54,0.453704,0.8630278617739703
3143,GLRTLWSPRERLVLT,54,0.571643,0.7720871642415194
3144,GPLDKEAIEERVERI,54,0.287937,0.2796299089819631
3145,GPLIEGNTSLLWNGP,54,0.546638,0.8389109161610651
3146,GPLRISASSAAQRRG,54,0.796925,0.8647069980515915
3147,GRTTWSIHGKGEWMT,54,0.0,0.3475463279231551
3148,GRWDGEEEVQLIAAV,54,0.49269399999999997,0.6939640139404459
3149,GSRAIWYMWLGARYL,54,0.0,0.8695417338969931
3150,GTSDEFPHSNGEIED,54,0.0,0.1414386457819386
3151,HGVAKNPVVDGNPTV,54,0.5071319999999999,0.3225859882283345
3152,HTMWHVTRGAFLVRN,54,0.401519,0.7746945413257644
3153,HVTRGAFLVRNGKKL,54,0.0,0.700463923964747
3154,IGKLFTQTMKGVERL,54,0.572545,0.6021059836036124
3155,IHHQHVQDCDESVLT,54,0.24230500000000002,0.5070569825680715
3156,IHLVIHRIRTLIGQE,54,0.698876,0.8317665250274208
3157,IHRIRTLIGQEKYTD,54,0.6384380000000001,0.5185520022742923
3158,INKGILVTVNPIAST,54,0.85125,0.9325277076771885
3159,ISGSSARYDVALSEQ,54,0.28686,0.6018714382094532
3160,ISRRDQRGSGQVVTY,54,0.426741,0.4138320719363011
3161,KEAIEERVERIKSEY,54,0.0,0.2635864328551594
3162,KEFIRCLALPFRGYL,54,0.807811,0.9369402008011304
3163,KGIHTVFGSAFQGLF,54,0.654552,0.8245524808835284
3164,KKGMTTVLDFHPGAG,54,0.0,0.7134091010307563
3165,KNPVVDGNPTVDIEE,54,0.0,0.35394907416490345
3166,KRVPMALQHFGWEVM,54,0.484303,0.7504677872285382
3167,KTKNKTNWKQTWTFK,54,0.0,0.33529065400880936
3168,KYSYYPEDPVKLASI,54,0.41143100000000005,0.649240918397011
3169,LAEGIVLASAALGPL,54,0.820152,0.8475455816299395
3170,LDKRQFELYKRTDIV,54,0.328828,0.3419021866344292
3171,LLVLAGWLFHVRGAR,54,0.0,0.7670118885505909
3172,LNDSGETVKCRAPGG,54,0.0,0.40949595932029803
3173,LNYMSPHHKKLAQAV,54,0.43786099999999994,0.49796833596786505
3174,LPQILAECARRRLRT,54,0.581082,0.8742682085990419
3175,LQEIPTMLKKGMTTV,54,0.640305,0.7585935812003249
3176,LQYGWKTWGKNLVFS,54,0.374646,0.3022301227819284
3177,LRLGKEFIRCLALPF,54,0.6523770000000001,0.8020440849582016
3178,LRTLVLAPTRVVLSE,54,0.8344,0.9712687278137943
3179,LSEEKVPWDQVVMTS,54,0.344327,0.629871271291885
3180,LSFMDKGIPFMKMNI,54,0.552284,0.7331823242467811
3181,LVDEERKLHQQGRCR,54,0.0,0.20068907283989423
3182,LWSPRERLVLTLGAA,54,0.532098,0.7806924564544883
3183,MFFVKNPTDTGHGTV,54,0.584113,0.4329216296296031
3184,MIPSWASVKEDLVAY,54,0.367774,0.6933889567549286
3185,MKGVERLAVMGDTAW,54,0.53036,0.8543273457288535
3186,MSIHGKGEWMTTEDM,54,0.386321,0.43371047169061383
3187,MVLAGWLFHVRGARR,54,0.650253,0.8008700322901511
3188,MYMWLGARYLEFEAL,54,0.251328,0.8333810113766574
3189,NKTKNKTNWKQTWTF,54,0.374859,0.36132940718270673
3190,NLWKMKTGRRGSANG,54,0.434953,0.4462671870850312
3191,NSYIAEMETESWIVD,54,0.379454,0.7295690990027589
3192,NVYQRGTHPFSRIRD,54,0.0,0.33632525674744035
3193,PFSRIRDGLQYGWKT,54,0.475971,0.5712107217034247
3194,PSWASVKEDLVAYGG,54,0.34533,0.43796525636697403
3195,PTMLKKGMTTVLDFH,54,0.6523770000000001,0.8024113171783526
3196,PTSENNAHHVCWLEA,54,0.404854,0.3259612703947355
3197,QRMFTREELIHFPEF,54,0.0,0.6826334957829402
3198,RERLVLTLGAAMVEI,54,0.679685,0.9173450227589074
3199,RGTHPFSRIRDGLQY,54,0.0,0.507676480103932
3200,RLGKEFIRCLALPFR,54,0.787187,0.8773774864995763
3201,RMLEPTRVVNWEVII,54,0.52005,0.8661482829881955
3202,RTLIGQEKYTDYLTV,54,0.379904,0.4057088881301593
3203,RVAYGKCDSAGRSRR,54,0.0,0.2589932077405181
3204,RYLEFEALGFLNEDH,54,0.0,0.8350422001593161
3205,SARYDVALSEQGEFK,54,0.0,0.5729818855221147
3206,SDQGCSSALGSGPYG,54,0.246254,0.4034401887368972
3207,SEYMTSWFYDNDNPY,54,0.335903,0.42945221870619116
3208,SGARSNVTFTVNQTS,54,0.563901,0.5904621426092028
3209,SGSAASMVNGVIKIL,54,0.636608,0.7985225762286451
3210,SHLNAMSKVRKDISE,54,0.450263,0.78638950603992
3211,SNVTFTVNQTSRLLM,54,0.656779,0.9202133706105027
3212,SVGTGNCTTNILEAK,54,0.34326,0.5558179684532875
3213,TARRHLAEGKVDTGV,54,0.0,0.4087566934057422
3214,TESWIVDRQWAQDLT,54,0.0,0.5012630790116267
3215,TLTYRMLEPTRVVNW,54,0.43036599999999997,0.9467877225642809
3216,TPFSLAEGIVLASAA,54,0.626328,0.9209356062927977
3217,TRRFLPQILAECARR,54,0.5362859999999999,0.7699474772802157
3218,TRVVLSEMKEAFHGL,54,0.573455,0.7903259955678035
3219,VADDLTAAINKGILV,54,0.309419,0.7886456684246501
3220,VAIKGPLRISASSAA,54,0.743748,0.883637313968284
3221,VDFGNSYIAEMETES,54,0.0,0.8235524672298004
3222,VDGNPTVDIEEAPEM,54,0.224146,0.5043546346944059
3223,VEIALGGVMGGLWKY,54,0.668799,0.8589702918126507
3224,VLAPTRVVLSEMKEA,54,0.556757,0.9522623374736037
3225,VLAPYMPDVLEKLEL,54,0.49384700000000004,0.8865304243916087
3226,VLEKLELLQRRFGGT,54,0.538141,0.5193689655691258
3227,VPTSWVPQGRTTWSI,54,0.318123,0.3615483762465998
3228,VTKTSGSAASMVNGV,54,0.44811599999999996,0.6236253230698257
3229,VTRMAMTDTTPFGQQ,54,0.732862,0.623595384784471
3230,WKTWGKNLVFSPGRK,54,0.0,0.6454874678440733
3231,WSIHGKGEWMTTEDM,54,0.284141,0.41765388905434947
3232,WVPQGRTTWSIHGKG,54,0.714316,0.2621547599601878
3233,YMPDVLEKLELLQRR,54,0.459653,0.7477942594486907
3234,YYSEPTSENNAHHVC,54,0.0,0.35287410424880755
3235,AALHPFALLLVLAGWK,54,0.580094,0.9135953409399875
3236,DKGIPFMKMNISVIMK,54,0.617078,0.9251516596634446
3237,MYYVSGARSNVTFTVK,54,0.659061,0.887434645103483
3238,PKQMLVGGVVLLGAMK,54,0.8344,0.9585876220168533
3239,QPFLGLCAFLATRIFK,54,0.5216029999999999,0.9098643302451016
3240,SLLWNGPMAVSMTGVK,54,0.542619,0.9376919777322807
3241,IWYMWLGARYLEFEAKK,54,0.0,0.8757425758285811
3242,KKEGNTSLLWNGPMAVS,54,0.423795,0.8588698694777798
3243,KKGLNWITKVIMGAVLI,54,0.702501,0.9065518006675066
3244,KKITKVIMGAVLIWVGI,54,0.453704,0.8856680855991584
3245,KKLVGGVVLLGAMLVGQ,54,0.676841,0.9597820436236755
3246,KKSGARSNVTFTVNQTS,54,0.525332,0.7315879704374688
3247,KKTLLDLLKLTVAVGLH,54,0.743748,0.8097873914458514
3248,KKVGQVTLLDLLKLTVA,54,0.732862,0.8271278362867913
3249,NSYIAEMETESWIVDKK,54,0.398714,0.7630025107168793
3250,SGQVVTYALNTITNLKK,54,0.732862,0.8796983968386511
3251,TVFGSAFQGLFGGLNKK,54,0.361655,0.75143162872298
3252,VLTLGAAMVEIALGGKK,54,0.787187,0.8670668648386053
3253,WLGARYLEFEALGFLKK,54,0.542619,0.8687951917480504
3254,EQEILNYMSPHHKKLHHHHHH,54,0.53387,0.6006120570331852
3255,GAGKTRRFLPQILAEHHHHHH,54,0.483955,0.9393985901066391
3256,GSRAIWYMWLGARYLHHHHHH,54,0.0,0.7657835444506796
3257,HTMWHVTRGAFLVRNHHHHHH,54,0.45196800000000004,0.7619048935820029
3258,IWYMWLGARYLEFEAHHHHHH,54,0.0,0.7604484053245458
3259,MFFVKNPTDTGHGTVHHHHHH,54,0.455475,0.47123620061424104
3260,TRRFLPQILAECARRHHHHHH,54,0.6034609999999999,0.7525476880520097
3261,SPEVIPMFSALSE,55,0.156057,0.20493312103883313
3262,NTSYRLISCNTSVI,55,0.36836599999999997,0.10117318553194024
3263,AAAGLAAAAPLESRQ,55,0.169319,0.2478775754544146
3264,AAGAQLLWQLPLLSI,55,0.81792,0.4109421159501175
3265,AAGVAAWSLIALMIP,55,0.298061,0.5790354086944793
3266,AALPLLFFALAGQRI,55,0.755815,0.3732319688551153
3267,AASGADGTYDITKLG,55,0.0,0.06500607114656311
3268,AELMILIATNLLGQN,55,0.043936,0.25219730070659563
3269,AFMLAWNYGVPRVMS,55,0.36228299999999997,0.6021011850053541
3270,AGALEVHAVKPVTEE,55,0.022197,0.1577220938614523
3271,AKPDGKTDCTKEVEE,55,0.0,0.04310374245529866
3272,ALKESWGAIWRIDTP,55,0.13755599999999998,0.3214148643667656
3273,ALLPRAGAAAAAALP,55,0.027549,0.1060301209087879
3274,ALQSHDDVALVSVMW,55,0.355798,0.39468977137046557
3275,ALRVIAGALEVHAVK,55,0.244549,0.33033075917544286
3276,ALTKAITAMSEVQKV,55,0.253826,0.22510861983530636
3277,AQAVYDFRSIVDYLR,55,0.391002,0.45932398952064873
3278,AQIYQAVSAQAAAIH,55,0.22661199999999998,0.3817429963597889
3279,ASAAILGHDGTVWAQ,55,0.10691099999999999,0.11803522094212839
3280,ATSPTAEGGKATTEE,55,0.122071,0.035526110643493924
3281,ATTANVPPADKYKTF,55,0.083209,0.030429865196794092
3282,AVFEAALTKAITAMS,55,0.050229,0.2578771394041435
3283,AVHVWLRLPAGRVEI,55,0.22060300000000002,0.2781933143844
3284,AVIRGKKGAGGITIK,55,0.043883,0.03674534964976879
3285,AVMLTFDNAGMWNVR,55,0.373233,0.4464154320711849
3286,AWASACGGTGKNTIV,55,0.0,0.0613924696507436
3287,AYGSFVRTVSLPVGA,55,0.23674800000000001,0.32227382348245165
3288,AYVATVSEALRIIAG,55,0.247772,0.21714399808864387
3289,CDASILIDPLSNQSA,55,0.03155,0.4384967435473511
3290,CGGTGKNTIVIPKGD,55,0.0,0.06528376385749414
3291,DESWQQFRQELIPLL,55,0.361958,0.328468504362242
3292,DGQGKAVWGKNSCAK,55,0.0,0.049077524892976204
3293,DIKVQFQSGGNNSPA,55,0.048743,0.18406966070897732
3294,DINASFRAAMATTAN,55,0.43595500000000004,0.4986941846012019
3295,DITVKNCVLKKSTNG,55,0.0,0.07013817473828257
3296,DKLTGPFTVRYTTEG,55,0.094987,0.11674932513604423
3297,DLVANQPNLKALREK,55,0.064684,0.1470676127781307
3298,EAAFNKAIKESTGGA,55,0.236672,0.2009961493152264
3299,EEFVSLASRFLVEED,55,0.563488,0.5113502209487076
3300,EFVTLAAKFIIEEDS,55,1.0,0.35386867397118177
3301,EGHHLASAAIFGHDG,55,0.078553,0.32134124019244287
3302,EGHHLASAAILGHDG,55,0.072378,0.29309254417713093
3303,EHELYVAVLSNALHR,55,0.36404200000000003,0.38870271895868946
3304,EITGIMKDFDEPGHL,55,0.513301,0.20479653383437893
3305,ELKESWGAIWRIDTP,55,0.39369299999999996,0.29422900763319143
3306,ESTGGAYDTYKSIPS,55,0.094263,0.08588295801891961
3307,EVVKANGGYLAAGKL,55,0.318305,0.18094848288691415
3308,EYIEAAKWLLPPPKV,55,0.199319,0.2565658871317516
3309,FAVATITHAAELQRV,55,0.5396920000000001,0.19858038846007542
3310,FDHEFTFGWDELLSK,55,0.49276899999999996,0.5125765442556492
3311,FDREFTFGWDELLSK,55,0.722398,0.45606322799130056
3312,FEAAFNDAIKASTGG,55,0.305444,0.49520040545309363
3313,FLAVAVVLGLATSPT,55,0.625175,0.11425069433650109
3314,FPPNGTHSWEYWGAQ,55,0.08512,0.23401364860879417
3315,FTSLEYIEAAKWLLP,55,0.087117,0.2777469607472518
3316,FVVTGRVYCDPCRAG,55,0.200105,0.2446204435402592
3317,GELEFEEFVSLASRF,55,0.05729600000000001,0.5097989112284351
3318,GEVEIQFRRVKCKYP,55,0.11450999999999999,0.10031608066008332
3319,GEVLNALAYDVPIPG,55,0.8429190000000001,0.30943628558883063
3320,GGACGYKDVDKPPFS,55,0.22945700000000002,0.09736252319060036
3321,GGSILKISNKFHTKG,55,0.446974,0.1341365695053136
3322,GGSILKISNKYHTKG,55,0.358559,0.1444468124864826
3323,GKGTLDGQGKAVWGK,55,0.0,0.06449571426120772
3324,GLVPKLDAAYSVAYK,55,0.230435,0.2160175454953914
3325,GTKGEAKDVIPEGWK,55,0.051463999999999996,0.06726425352656719
3326,GWIISNIFGAIPVLA,55,0.34341900000000003,0.27155193432680785
3327,GWIISNIFGAIPVLG,55,0.545323,0.21458384282504808
3328,HMAKEDLVANQPNLK,55,0.0,0.1907879285439588
3329,HSRNLINELSERMAG,55,0.21911,0.28679851564039527
3330,IASLFAAAGLAAAAP,55,0.18147,0.32222803547493
3331,IEFRFYKEITNVFRG,55,0.203681,0.30243730037980154
3332,IIELFTAKGFTVQEM,55,0.673824,0.1857280168859955
3333,IMRIKKLTITGKGTL,55,0.0,0.08210045431330928
3334,INLIIHYVDRPGALG,55,0.813141,0.4318892333035488
3335,IPKGDFLTGPLNFTG,55,0.0,0.2009153263918742
3336,IPVMAYLVGLFAWVL,55,0.5649569999999999,0.5454440247170592
3337,ISDFRAAIANYHYDA,55,0.799679,0.44101819066844855
3338,ITAMSEVQKVSQPAT,55,0.052864,0.1701366486285237
3339,IVLNHMTGAQSGKGT,55,0.0,0.3020987689257438
3340,KAIKESTGGAYDTYK,55,0.031296,0.03583779768759558
3341,KASNPNYLAILVKYV,55,0.341386,0.12531704637526964
3342,KCKYPEGTKVTFHVE,55,0.0,0.03265077436235094
3343,KDKWIELKESWGAIW,55,0.026573000000000003,0.10611674829641625
3344,KEVEEAWASACGGTG,55,0.198405,0.13322317046368615
3345,KHLAVLVKYEGDTMA,55,0.059654,0.24270537305874165
3346,KIEIDQDHQEEICEV,55,0.483853,0.3618286520420982
3347,KKGAGGITIKKTGQA,55,0.12368399999999999,0.07333766197711768
3348,KLTITGKGTLDGQGK,55,0.0,0.07959744457043612
3349,KNTIVIPKGDFLTGP,55,0.0,0.2312203215848566
3350,KPPFSGMTGCGNTPI,55,0.0,0.056471077020009905
3351,KSTNGLRIKSYEDAK,55,0.291378,0.1388752905160575
3352,KTDCTKEVEEAWASA,55,0.0,0.0755747656533912
3353,KYKTFEAAFTVSSKR,55,0.233521,0.3804306024975776
3354,LDGNLLSSNDLAKYK,55,0.361318,0.19870857658933624
3355,LEKISNEIKIVATPD,55,0.211076,0.28803605285309414
3356,LHFSEALRIIAGTPE,55,0.27097899999999997,0.7019723568136849
3357,LQSLWANFYELLADA,55,0.482328,0.6991169655166088
3358,LRIAAKIYSEADEAW,55,0.274084,0.3407370188597978
3359,LSSNDLAKYKANWIE,55,0.19303,0.15761104359614872
3360,LVKFVAGDGDVVAVD,55,0.19681600000000002,0.34771906200760627
3361,LVKYEGDTMAEVELR,55,0.09147999999999999,0.2393417140243249
3362,LVSKLYEVVPGILTE,55,0.336302,0.2127611538528032
3363,MAFLRSVSRLAAAVF,55,0.0,0.357038302196509
3364,MASSSSVLLVVALFA,55,0.0,0.31269669175579445
3365,MASSSSVLLVVVLFA,55,0.206929,0.17773510775673218
3366,MGRDIKVQFQSGGAN,55,0.057492999999999995,0.21003177789196195
3367,MSFVTTQPEALAAAA,55,0.248573,0.3900915500979102
3368,MSQIMYNYPAMMAHA,55,0.276516,0.7775032906851431
3369,MSQIMYNYPAMRAHA,55,0.075554,0.4618030769201321
3370,MVVERLGDYLVEQGM,55,0.690064,0.5935664375677699
3371,NCVLKKSTNGLRIKS,55,0.0,0.054956768370484334
3372,NDAIKASTGGAYESY,55,0.11408,0.07039094294878254
3373,NFTVGRIIELFTAKG,55,0.396404,0.213334803422772
3374,NHFFNHHKVMLLGHD,55,0.23025500000000002,0.3234816467725073
3375,NHFFNHHKVMLLGHS,55,0.197961,0.3234816467725073
3376,NLNIKLNMPLYIAGN,55,0.15731099999999998,0.2382562337630163
3377,NMVVERLGDYLVEQG,55,0.6934520000000001,0.5008090232046734
3378,NYLALLVKFVAGDGD,55,0.099731,0.35553507455273164
3379,PAAAYATATPAAATA,55,0.17600000000000002,0.07645268568853314
3380,PCKGDSVTIKLDGNL,55,0.0,0.11064318160628935
3381,PCRAGFETNVSHNVQ,55,0.082432,0.13938335096274396
3382,PEQIQLLKKAFDAFD,55,0.303929,0.38339978474379904
3383,PIIIDQKYCPNKICT,55,0.143112,0.21718104392796064
3384,PLYKLVHVFINTQYA,55,0.575531,0.3638095295936565
3385,PQVKYAVFEAALTKA,55,0.29317600000000005,0.43059391240448414
3386,PSMGRDIKVQFQSGG,55,0.13613,0.23918633432048916
3387,PSPSMGRDIKVQFQS,55,0.070279,0.20392500047878984
3388,QDHQEEICEVVLAKS,55,0.390069,0.28547978201448987
3389,QFRRVKCKYPEGTKV,55,0.0,0.076627161294995
3390,QGEPGAVIRGKKGAG,55,0.0,0.06772846192956009
3391,QGEPGRVIRGKKGAG,55,0.017858000000000002,0.04199491383023496
3392,QKLIEDINASFRAAM,55,0.47331899999999993,0.5502196072986939
3393,QKYCPNKICTSKGDS,55,0.06152899999999999,0.0700085491756359
3394,QLSALWARFPLPVIP,55,0.615688,0.3520390406730639
3395,QPCNGVTMNDVKIEY,55,0.042766000000000005,0.28393804903064024
3396,QPNLKALREKVLGLP,55,0.0,0.0785530750322202
3397,QVPSASMGRDIKVQF,55,0.15318099999999998,0.21256257666217027
3398,RCALHWFPGSHLLAC,55,0.291968,0.3302638950110903
3399,RCALHWFPGSHLLHV,55,0.361029,0.2803566730605866
3400,RIDTPDKLTGPFTVR,55,0.0,0.05344387144380465
3401,RIIAGTLEVHAVKPA,55,0.140206,0.1477971312413513
3402,RLEFDEFVTLAAKFI,55,0.22648600000000002,0.48108456460489435
3403,RSRPRRTTRRMDRRT,55,0.396088,0.12643477346801543
3404,RVIRGKKGAGGITIK,55,0.016347,0.043164928765899106
3405,RVYCDPCRAGFETNV,55,0.396276,0.1798268138582568
3406,SADEVQRMMAEIDTD,55,0.761796,0.6788777431701898
3407,SGTVDFDEFMEMMTG,55,0.388289,0.684122731661282
3408,SSYAATEVANAAAAS,55,0.14638900000000002,0.24223860334763006
3409,SSYAATEVANAAAGQ,55,0.064676,0.24148387630178242
3410,SVLLVVALFAVFLGS,55,0.0,0.11917784953017026
3411,SVTIKLDGNLLSSND,55,0.028548,0.29717873335664147
3412,TANVPPADKYKTLEA,55,0.0,0.035662859201381965
3413,TDALRTLGSTSADEV,55,0.0,0.16136693181869252
3414,TKKFDEVVKANGGYL,55,0.31604099999999996,0.13199321573744782
3415,TLGSTSADEVQRMMA,55,0.056296000000000006,0.3774578811591056
3416,TVAAAPQVKYAVFEA,55,0.557766,0.2789452056410538
3417,VDLAKSLRIAAKIYS,55,0.0,0.4159515068653003
3418,VKIEYSGTNNKTMAV,55,0.0,0.11367820378631294
3419,VPPADKYKTFEAAFT,55,0.070962,0.16337491712740598
3420,VSEALRIIAGTLEVH,55,0.279131,0.17352980193938664
3421,VTMNDVKIEYSGTNN,55,0.0,0.1987209174479977
3422,VTVDAAVLAAIDADA,55,0.38409699999999997,0.5644305822483806
3423,VVLGLATSPTAEGGK,55,0.143427,0.12257730251413103
3424,VVSRLLIPVPFDPPA,55,0.413494,0.4138980741037875
3425,WGAIWRIDTPDKLTG,55,0.5098590000000001,0.21967674802677417
3426,WGAIWRIDTPEVLKG,55,0.355256,0.33437141940597415
3427,YKDVDKPPFSGMTGC,55,0.0,0.08790219433982102
3428,YTTEGGTKGEAKDVI,55,0.0,0.021334763290941146
3429,LNKIVRMYSPVSILDI,55,0.250797,0.4653577638416212
3430,SPEVIPMFSALSEGAT,55,0.263579,0.4678736604720917
3431,NVTENFNMWKNNMVEQMH,55,0.45891099999999996,0.33855410004909425
3432,SELYLYKVVKIEPLGVAP,55,0.245166,0.4598138378321717
3433,GEIYKRWIILGLNKIVRMY,55,0.21295100000000003,0.4349014284312645
3434,WEALKYLWNLLQYWGQELK,55,0.18784,0.5753799425951016
3435,KRWIILGLNKIVRMYSPTSI,55,0.230132,0.7207772624254124
3436,LYKYKVVKIEPLGVAPTKAK,55,0.070797,0.3592476368481933
3437,DMTPADALDD,56,0.026314999999999998,0.03669927203568715
3438,EIVDLMCHAT,56,0.171075,0.10738789187806794
3439,EVDMTPADAL,56,0.0,0.0852470547152225
3440,DVNYAFLHATD,56,0.124501,0.06728074536151873
3441,FINISVVGPAL,56,0.099707,0.12527444442908997
3442,GQCQVGVGQAR,56,0.0,0.08215266318016963
3443,HLCGSHLVEAL,56,0.324088,0.10958382495856597
3444,KMMGVPLQCSA,56,0.692337,0.18804634165821568
3445,LQPLALEGSLQ,56,0.0,0.0761892457581432
3446,LTLLQLLPKGA,56,0.0,0.11300814062596375
3447,LVEALYLVCGE,56,0.532181,0.19044674940295137
3448,MSSGSFINISV,56,0.679952,0.07096622676304941
3449,MVSVGPLPKAE,56,0.0,0.06155208181215412
3450,PNELLQEYNYE,56,0.0,0.053040930252183774
3451,RNPGGVVNVGA,56,0.0,0.05021920955821474
3452,GVTYEIDLTNKN,56,0.0,0.07388645751967977
3453,KMMGVPLQCSAY,56,0.751861,0.33308353285184517
3454,YMSSGSFINISV,56,0.8218850000000001,0.13840694672262424
3455,AAFPSDSWCYFAA,56,0.160435,0.14927672214729917
3456,SPEVIPMFSALSE,56,0.234157,0.23287401093226148
3457,KPLLIIAEDVEGEY,56,0.340082,0.38510046604919834
3458,LDHILEPSIPYKSK,56,0.541769,0.09797697360599916
3459,NTSYRLISCNTSVI,56,0.399394,0.3000688112623456
3460,PLYRYLGGCFACSL,56,0.333751,0.2468575558394173
3461,AAAAPAAVGAAVGGT,56,0.5952729999999999,0.6081005994019575
3462,AAAGLAAAAPLESRQ,56,0.7172310000000001,0.6999873393360689
3463,AAATAGDTVYGAFAA,56,0.547508,0.9467241946744066
3464,AAATAGITVYGAFAA,56,0.654053,0.9831458696715324
3465,AAATAGPTVYGAFAA,56,0.41140299999999996,0.9486600263956918
3466,AAATAGTCVYGAFAA,56,0.707975,0.990829481900582
3467,AAATAGTHVYGAFAA,56,0.771948,0.9853112345240368
3468,AAATAGTNVYGAFAA,56,0.676535,0.9848698875032833
3469,AAATAGTTAYGAFAA,56,0.7605270000000001,0.8939598298826413
3470,AAATAGTTGYGAFAA,56,0.368824,0.8498484835551547
3471,AAATAGTTMYGAFAA,56,0.818994,0.9339616492163237
3472,AAATAGTTSYGAFAA,56,0.5676359999999999,0.9424006247334321
3473,AAATAGTVVYGAFAA,56,0.757786,0.9920718051482084
3474,AAATAGYTVYGAFAA,56,0.348618,0.994797355798007
3475,AAGAQLLWQLPLLSI,56,0.550016,0.5462397243500262
3476,AAGDFWGGAGSAACQ,56,0.0,0.30190306388703
3477,AAGVAAWSLIALMIP,56,0.170044,0.8476411546870879
3478,AAIVNKLKAILVDLE,56,0.0,0.6836982013636832
3479,AAKMMGVPLQCSAAA,56,0.629494,0.6501476382386031
3480,AAKMMGVPLQCSAYA,56,0.7188100000000001,0.6495190672004444
3481,AALPLLFFALAGQRI,56,0.45708699999999997,0.49343083329701837
3482,AALVEALYLVCGEAA,56,0.5989180000000001,0.7655034043070473
3483,AAPEAARSLASSLPG,56,0.389153,0.625488741113506
3484,AAPLSWSKDIYNYME,56,0.272521,0.2546737657658412
3485,AASDFWGGAGSAACQ,56,0.0,0.31334870206782517
3486,AASGADGTYDITKLG,56,0.0,0.19364327872120632
3487,AAVELARALVRAVAE,56,0.77675,0.6685784744002794
3488,ADNSLDYAANFSHML,56,0.33711599999999997,0.5151349580730146
3489,ADVQYDLYLNVANRR,56,0.38953899999999997,0.3426251861137115
3490,AELMILIATNLLGQN,56,0.354128,0.5856958906272436
3491,AFEGVFGHLAATAVP,56,0.34103,0.8272606508394337
3492,AFMLAWNYGVPRVMS,56,0.38667399999999996,0.7450976634188928
3493,AGALEVHAVKPVTEE,56,0.520059,0.36539497530446047
3494,AGAWRTAAVELARAL,56,0.803481,0.8217487825339839
3495,AGRFEVHAQTVEDEA,56,0.26353899999999997,0.37712705616179537
3496,AGWDTVLQSITTILA,56,0.006253,0.3359681096829543
3497,AHARSYQTLSTQAAA,56,0.509293,0.5778905397932623
3498,AINIFNVEKYGAVGD,56,0.399751,0.5924267893177733
3499,AKPDGKTDCTKEVEE,56,0.079097,0.03332442749318057
3500,ALKESWGAIWRIDTP,56,0.362158,0.4699328363936347
3501,ALLPRAGAAAAAALP,56,0.373753,0.5310124950416417
3502,ALQSHDDVALVSVMW,56,0.54766,0.4040809785877789
3503,ALRVIAGALEVHAVK,56,0.583291,0.8194867213987946
3504,ALSDADWHFIADPAS,56,0.141033,0.3048050635056516
3505,ALSDPYLSFAAALNG,56,0.42485,0.7492590343186455
3506,ALTKAITAMSEVQKV,56,0.520999,0.8804222211863872
3507,APGAAAAPLSWSKDI,56,0.555355,0.5910445549154618
3508,AQAVYDFRSIVDYLR,56,0.05354400000000001,0.2678063153096233
3509,AQIYQAVSAQAAAIH,56,0.649874,0.8006556934487732
3510,AQVRADRILALDADP,56,0.29740900000000003,0.324102028594551
3511,ARRRRASEAPPTSHR,56,0.0,0.2861818572120162
3512,ARWVYFLTRMRNPTG,56,0.258886,0.3622099083421106
3513,ASAAILGHDGTVWAQ,56,0.392825,0.6716128732475696
3514,ASEAPPTSHRRASRQ,56,0.34013000000000004,0.20451559228634006
3515,ASNPNYLAILVKYVD,56,0.42216800000000004,0.40232737862739437
3516,ATPPPPPPPQLGASP,56,0.18582100000000001,0.019993630234004717
3517,ATSPTAEGGKATTEE,56,0.0,0.4873675122583086
3518,ATTANVPPADKYKTF,56,0.188308,0.09996273469670912
3519,AVFEAALTKAITAMS,56,0.38114499999999996,0.9176481697451022
3520,AVFEAALTKAITAMT,56,0.38708899999999996,0.8448911950913403
3521,AVHVWLRLPAGRVEI,56,0.099005,0.3731832067540211
3522,AVIRGKKGAGGITIK,56,0.164914,0.19742373297327523
3523,AVMLTFDNAGMWNVR,56,0.370525,0.5780990324756637
3524,AWASACGGTGKNTIV,56,0.176297,0.3021856721968396
3525,AWMSAAATQAEQAAT,56,0.809725,0.8006548054872286
3526,AYGSFVRTVSLPVGA,56,0.455624,0.7197808306071489
3527,AYSDDKSMKVTVAFN,56,0.438446,0.41916037185472177
3528,AYVATVSEALRIIAG,56,0.509123,0.6220233936890349
3529,CADILAIASRVLVTM,56,0.34631799999999996,0.8847308364877549
3530,CDASILIDPLSNQSA,56,0.42238400000000004,0.5665398408894932
3531,CDGERPTLAFLQDVM,56,0.420864,0.4907147816486396
3532,CGGTGKNTIVIPKGD,56,0.197742,0.24648664117968477
3533,CGYKDVDKPPFDGMT,56,0.13477999999999998,0.059759269294789884
3534,DALTLRTATNIWIDH,56,0.6104109999999999,0.49933660051327133
3535,DCSEYPKPDCTAEDR,56,0.010381999999999999,0.05953731551738135
3536,DDRITKARWVYFLTR,56,0.14155,0.23575752680838463
3537,DEARRMWASAQNISG,56,0.25090999999999997,0.6655230301920801
3538,DESWQQFRQELIPLL,56,0.141646,0.2568790096540467
3539,DGQGKAVWGKNSCAK,56,0.114926,0.20791721500148175
3540,DHTNFKYNYSVIEGG,56,0.434886,0.32767995624462914
3541,DIDLGRNEVVNDVST,56,0.559225,0.3617158376716021
3542,DIFTNSRGKRASKGN,56,0.046256,0.40424474309793934
3543,DIKVQFQSGGNNSPA,56,0.45291899999999996,0.3859119748291589
3544,DINASFRAAMATTAN,56,0.793006,0.9118730439380074
3545,DITVKNCVLKKSTNG,56,0.261339,0.2252123785305535
3546,DKISDVSTIVPYIGP,56,0.126827,0.2119540771798415
3547,DKKCIEWEKAQHGAC,56,0.248352,0.19536231785931746
3548,DKLTGPFTVRYTTEG,56,0.179949,0.18997489501691872
3549,DLVANQPNLKALREK,56,0.07153999999999999,0.36198176299370327
3550,DRASYRAHWQDDDVT,56,0.121549,0.2342043286939023
3551,DVFYNGAYFVSSGKY,56,0.351636,0.4705216975179813
3552,DVLSQPMLPHTWDGS,56,0.090784,0.2508588644320649
3553,EAAFNKAIKESTGGA,56,0.386035,0.576436469015667
3554,EDPLFQLVSKLYEVV,56,0.46503599999999995,0.29091815000381
3555,EEFVSLASRFLVEED,56,0.449143,0.5698450674141045
3556,EEVDMTPADALDDFD,56,0.362669,0.2607716871520385
3557,EFIPMKSSWGAIWRI,56,0.48413999999999996,0.42810539869975317
3558,EFVTLAAKFIIEEDS,56,0.5967520000000001,0.5366295681780451
3559,EGHHLASAAIFGHDG,56,0.6959029999999999,0.824642429953334
3560,EGHHLASAAILGHDG,56,0.621175,0.8234955337129157
3561,EHELYVAVLSNALHR,56,0.5221979999999999,0.6287313833477951
3562,EITGIMKDFDEPGHL,56,0.29022800000000004,0.10430190031831234
3563,ELAAVSVDCSEYPKP,56,0.26623800000000003,0.5948662444430394
3564,ELKESWGAIWRIDTP,56,0.38668,0.41296964292837135
3565,ELYKYKVVKIEPLGV,56,0.050453,0.17147771640359366
3566,EPAYFATAESVRDHL,56,0.354482,0.7621974618566651
3567,EQCGRQAGGKLCPNN,56,0.254259,0.1767460269756664
3568,ESLHNPYPDYHWLRT,56,0.0,0.03820701798135559
3569,ESTGGAYDTYKSIPS,56,0.358885,0.12286810373982307
3570,ESWGAVWRIDTPDKL,56,0.45964099999999997,0.37699540042272733
3571,EVDMTPADALDDFDL,56,0.5343640000000001,0.23347196124821032
3572,EVLGFRMVQDERVGR,56,0.233294,0.3072745514994667
3573,EVVKANGGYLAAGKL,56,0.5581659999999999,0.5269057354515579
3574,EVYEARLTKFKYLAG,56,0.14865599999999998,0.2773078898418185
3575,EYIEAAKWLLPPPKV,56,0.56955,0.5271741934939839
3576,EYLNKIQNSLSTEWS,56,0.299659,0.5821777050936724
3577,FAVATITHAAELQRV,56,0.6261869999999999,0.8470485917057836
3578,FDHEFTFGWDELLSK,56,0.37466,0.2204036065668956
3579,FDPYGATISATPESA,56,0.33105300000000004,0.5072306517393593
3580,FDREFTFGWDELLSK,56,0.137014,0.2204036065668956
3581,FEAAFNDAIKASTGG,56,0.592352,0.624785513935192
3582,FLAVAVVLGLATSPT,56,0.580521,0.5281408430197148
3583,FLFQRAVAREAIIAL,56,0.621863,0.8462863685314591
3584,FPPNGTHSWEYWGAQ,56,0.193663,0.2867651233519823
3585,FTSLEYIEAAKWLLP,56,0.337623,0.5641905568505973
3586,FVNQHLCGSHLVEAL,56,0.7385149999999999,0.3698242718578192
3587,FVVTGRVYCDPCRAG,56,0.343476,0.45026277358649186
3588,GAVDIINKWQVVAPQ,56,0.176818,0.29318128122612847
3589,GAYFVSSGKYEGGNI,56,0.32788,0.41459319495280517
3590,GELEFEEFVSLASRF,56,0.16279200000000002,0.46448894350726777
3591,GEVEIQFRRVKCKYP,56,0.185879,0.09604458131068005
3592,GEVLNALAYDVPIPG,56,0.46509399999999995,0.5574035122766392
3593,GGACGYKDVDKPPFS,56,0.077373,0.041099786800638624
3594,GGGFGMLLRKYGIAA,56,0.27014,0.5973102374205973
3595,GGSILKISNKFHTKG,56,0.164409,0.44704311982453976
3596,GGSILKISNKYHTKG,56,0.22261199999999998,0.4502925647027979
3597,GHAYLLLPNTESARK,56,0.184586,0.42472864927680953
3598,GKGTLDGQGKAVWGK,56,0.285352,0.1405511223379735
3599,GKIDFLNNYALFLSP,56,0.42650299999999997,0.4727636578240466
3600,GLSGEPKGGAESSSK,56,0.277163,0.08668994189305429
3601,GLVPKLDAAYSVAYK,56,0.268057,0.4834854328900945
3602,GMTGMLWETSLLDPE,56,0.393741,0.7314815702064477
3603,GNIVAVDIKPKDSDE,56,0.372902,0.15306943614086427
3604,GPPVEASAAALAGDA,56,0.656913,0.712459356732511
3605,GRKRPIVRILRRVHH,56,0.341354,0.14167382024107594
3606,GTKGEAKDVIPEGWK,56,0.053015,0.07087721675839723
3607,GVLKNEFMSLAFDYW,56,0.550662,0.596978825806499
3608,GWIISNIFGAIPVLA,56,0.805656,0.5692123069353472
3609,GWIISNIFGAIPVLG,56,0.620787,0.42795821144642393
3610,HAYYLQYKNVRPDYL,56,0.257917,0.16661678639869473
3611,HDYEGLSYRSLQPET,56,0.113595,0.20802143628577424
3612,HFSNVFRSVMAPFTM,56,0.42279399999999995,0.7111593876828367
3613,HGRQIRMAKLLGRDP,56,0.68215,0.4570867443871405
3614,HMAKEDLVANQPNLK,56,0.056848,0.2664470390237311
3615,HSLLRTQRLHKFLVC,56,0.42777600000000005,0.259858867733528
3616,HSRNLINELSERMAG,56,0.274725,0.676368719735235
3617,IAAMMTSPLSVASMT,56,0.349489,0.8108292606489571
3618,IAIAFLSVSNNYEYI,56,0.302354,0.6074726017432984
3619,IASLFAAAGLAAAAP,56,0.571526,0.8483467335714385
3620,IEFRFYKEITNVFRG,56,0.46742799999999995,0.3052031341026164
3621,IGPEAAEAAAAAPAA,56,0.599721,0.6236079322529073
3622,IGRIAETILGYNPSA,56,0.402548,0.3664943280105967
3623,IGSYVAFLSQTFAFI,56,0.096071,0.5921463996315233
3624,IHKASTVLAFPAGVC,56,0.47213299999999997,0.7548125919236178
3625,IIELFTAKGFTVQEM,56,0.396617,0.32939817720184544
3626,IITPTNVSHIQSAVV,56,0.557383,0.5663136535345193
3627,IMRIKKLTITGKGTL,56,0.34699,0.27008718233921725
3628,INEPTAAAAAYGLDR,56,0.701755,0.9876069202365505
3629,INEPTAAAGAYGLDR,56,0.6568350000000001,0.9774899102200689
3630,INEPTAAAMAYGLDR,56,0.791975,0.9906459001577453
3631,INEPTAAASAYGLDR,56,0.6212,0.983543417212603
3632,INEPTAACIAYGLDR,56,0.8597370000000001,0.9799681937154635
3633,INEPTAAHIAYGLDR,56,0.8803559999999999,0.9552084059462426
3634,INEPTAANIAYGLDR,56,0.801321,0.9740720403966895
3635,INEPTAATIAYGLDR,56,0.85562,0.968386710426358
3636,INEPTADAIAYGLDR,56,0.514242,0.7865767061265528
3637,INEPTAIAIAYGLDR,56,0.6127100000000001,0.980162398667682
3638,INEPTAPAIAYGLDR,56,0.709447,0.8455399451460153
3639,INEPTAVAIAYGLDR,56,0.758624,0.9687588341076924
3640,INLIIHYVDRPGALG,56,0.32958200000000004,0.24827065984286567
3641,IPKGDFLTGPLNFTG,56,0.0,0.20553104612514572
3642,IPVMAYLVGLFAWVL,56,0.085967,0.638565880981198
3643,IQNSLSTEWSPCSVT,56,0.407237,0.4585390343453554
3644,ISATPEWATPFPHRK,56,0.359604,0.3043163524684832
3645,ISDFRAAIANYHYDA,56,0.443442,0.5532691655387125
3646,ISGLKPGVDYTITVY,56,0.511696,0.1528756059459523
3647,ITAMSEVQKVSQPAT,56,0.621538,0.5375706004606311
3648,IVLNHMTGAQSGKGT,56,0.6140869999999999,0.6910127652917789
3649,KAIKESTGGAYDTYK,56,0.230422,0.33986162873669484
3650,KASNPNYLAILVKYV,56,0.399017,0.2538130737988753
3651,KCKYPEGTKVTFHVE,56,0.0,0.11578328599979117
3652,KDILEDERAAVDTYC,56,0.477646,0.2357889169854174
3653,KDKWIELKESWGAIW,56,0.38054899999999997,0.1608203602535698
3654,KEVEEAWASACGGTG,56,0.58429,0.3858489879899558
3655,KEYTFPITLSSTSNP,56,0.262394,0.35770512536746035
3656,KFTQFAGKDLESIKG,56,0.386809,0.3417376066200045
3657,KFVDSTVVASVTIID,56,0.269813,0.45737067708185847
3658,KGKDKWIELKESWGA,56,0.41629099999999997,0.21485124720865562
3659,KGSNDHYLALLVKYA,56,0.37049899999999997,0.2884921631427821
3660,KHLAVLVKYEGDTMA,56,0.015268,0.23901504867373372
3661,KIEIDQDHQEEICEV,56,0.29774,0.095539845757523
3662,KKGAGGITIKKTGQA,56,0.41717,0.496182512216369
3663,KLCPNNLCCSQWGWC,56,0.33382399999999995,0.16015139470406833
3664,KLKIQNVIIDECYGA,56,0.310374,0.4702892816712567
3665,KLTITGKGTLDGQGK,56,0.145675,0.27722553347256224
3666,KMPMYIAGYKTFDGR,56,0.069882,0.3069442299721331
3667,KNTIVIPKGDFLTGP,56,0.099962,0.20724558303632146
3668,KPPFSGMTGCGNTPI,56,0.040677,0.19682449698525886
3669,KSMKVTVAFNQFGPN,56,0.224021,0.5106993044625173
3670,KSTNGLRIKSYEDAK,56,0.598634,0.31566358966548985
3671,KTDCTKEVEEAWASA,56,0.534048,0.12799126693637214
3672,KTVSEGAVDIINKWQ,56,0.20811300000000002,0.334822863253561
3673,KYDAYVATLSEALRI,56,0.427624,0.6810966800536934
3674,KYKTFEAAFTVSSKR,56,0.569551,0.6430568136772972
3675,LDGNLLSSNDLAKYK,56,0.439025,0.43569523950741657
3676,LEAKATFYGSNPRGA,56,0.069506,0.3648210190569991
3677,LEKISNEIKIVATPD,56,0.713376,0.4860255868660782
3678,LFFNHHKVMLLGHDD,56,0.596701,0.28785343552533965
3679,LGAVYRYKKLKEMSA,56,0.31003400000000003,0.1450164785251138
3680,LHFSEALRIIAGTPE,56,0.9406899999999999,0.7401116037529302
3681,LKLATGMRNVPEKQT,56,0.401331,0.5318829148609837
3682,LKNCVDAKMTEEDKE,56,0.186059,0.23113470156641633
3683,LKTRPILSPLTKGIL,56,0.188005,0.35037301013823374
3684,LNIKLNMPLYIAGNK,56,0.650249,0.536705242371991
3685,LQFAKLTGFTLMGKG,56,0.780618,0.40348452946314206
3686,LQSLWANFYELLADA,56,0.184801,0.6768375843101736
3687,LRIAAKIYSEADEAW,56,0.461059,0.8166368777672132
3688,LRYRYGLFKQRIAKE,56,0.465859,0.24085603799724242
3689,LSFAAALNGLAGPLH,56,0.60624,0.7823737320914315
3690,LSSNDLAKYKANWIE,56,0.157551,0.31446812131645596
3691,LSYRSLQPETFAVVD,56,0.180591,0.3400437710617371
3692,LTGYSLFQKEKMVLN,56,0.347522,0.25836221708565527
3693,LVKFVAGDGDVVAVD,56,0.167052,0.30368938095588033
3694,LVKYEGDTMAEVELR,56,0.31525,0.37470963440886057
3695,LVSKLYEVVPGILTE,56,0.45664399999999994,0.26564461651043275
3696,MAFLRSVSRLAAAVF,56,0.832872,0.6949951674094047
3697,MASSSSVLLVVALFA,56,0.37595,0.669167819750948
3698,MASSSSVLLVVVLFA,56,0.180111,0.5372037499974032
3699,MGEAVQNTVEDLKLN,56,0.195046,0.6424945779253641
3700,MGRDIKVQFQSGGAN,56,0.499691,0.46909687957778745
3701,MHWVRQAPGKGLEWV,56,0.218164,0.2198640492207711
3702,MLLRKYGIAAENVID,56,0.534872,0.6015627327184647
3703,MPFVTTQPEALAAAA,56,0.20959899999999998,0.7774705904574575
3704,MSFVTTQPEALAAAA,56,0.21071399999999998,0.851087525214555
3705,MSQIMYNYPAMMAHA,56,0.655224,0.7975507442708718
3706,MSQIMYNYPAMRAHA,56,0.575226,0.6053982649962808
3707,MVVERLGDYLVEQGM,56,0.26157800000000003,0.4891109486874934
3708,NCVLKKSTNGLRIKS,56,0.17108099999999998,0.3328192431831237
3709,NDAIKASTGGAYESY,56,0.412329,0.7081208641189045
3710,NDFLKTGHYTQMVWA,56,0.554092,0.7153002480048961
3711,NFTVGRIIELFTAKG,56,0.624304,0.31169693808428106
3712,NHFFNHHKVMLLGHD,56,0.520409,0.3030874803722722
3713,NHFFNHHKVMLLGHS,56,0.643171,0.36538690437652666
3714,NIWADDLAASLSTLE,56,0.38242,0.6493526892351661
3715,NLNIKLNMPLYIAGN,56,0.264311,0.44958550776640277
3716,NMVVERLGDYLVEQG,56,0.35342199999999996,0.5346365199751111
3717,NNRIWLQFAKLTGFT,56,0.657876,0.34443015517982395
3718,NPRQAYANYRDIDLG,56,0.21284899999999998,0.2635256359393656
3719,NVSHIQSAVVCGRRH,56,0.389925,0.5501716794683408
3720,NYLALLVKFVAGDGD,56,0.20108900000000002,0.35780710438895974
3721,PAAAYATATPAAATA,56,0.499971,0.7261148563815356
3722,PAGVCPTIGVGGNFA,56,0.051127,0.28425341867046133
3723,PALLALLALPALLLL,56,0.06695,0.32297240191745935
3724,PASWKNNRIWLQFAK,56,0.8203090000000001,0.33266200345776653
3725,PCKGDSVTIKLDGNL,56,0.193751,0.1408392349931094
3726,PCRAGFETNVSHNVQ,56,0.34166199999999997,0.33651788904701463
3727,PDLPYDYGALEPAIS,56,0.446617,0.2628421466844022
3728,PEGLLWLLLTGKVPT,56,0.26473,0.384279636245423
3729,PEQIQLLKKAFDAFD,56,0.30494699999999997,0.3754660699506941
3730,PEVKYAVFEAALTKA,56,0.362246,0.7186995478010315
3731,PIIIDQKYCPNKICT,56,0.097227,0.11408543771759705
3732,PIYIVTPTNASHIQS,56,0.252531,0.424620227088395
3733,PKDSDEFIPMKSSWG,56,0.617404,0.20056510086869409
3734,PKGGAESSSKAALTS,56,0.37264,0.5935897714082246
3735,PLYKLVHVFINTQYA,56,0.521219,0.32615564013853027
3736,PPPPQLGASPYKLGP,56,0.583209,0.1282342766695169
3737,PQVKYAVFEAALTKA,56,0.464484,0.7371695014021143
3738,PSMGRDIKVQFQSGG,56,0.5844090000000001,0.2531365035969618
3739,PSPSMGRDIKVQFQS,56,0.547632,0.17805967615136037
3740,PTLAFPAGVCPTIGV,56,0.438042,0.34823263201451654
3741,PYGATISATPEWATP,56,0.716517,0.38833978479117054
3742,QAGGKLCPNNLCCSQ,56,0.011935,0.11604412000572537
3743,QDHQEEICEVVLAKS,56,0.48153199999999996,0.2528580694458036
3744,QEVFKAIQSLKTTEV,56,0.332125,0.3301649824790663
3745,QFRRVKCKYPEGTKV,56,0.0,0.08091940153968498
3746,QGEPGAVIRGKKGAG,56,0.24213400000000002,0.30438168791094916
3747,QGEPGRVIRGKKGAG,56,0.10130800000000001,0.15657090218850184
3748,QIHQYIMALREEYFD,56,0.37165,0.47494809761952844
3749,QIRMAKLLGRDPEQS,56,0.718966,0.48087981513230893
3750,QKLIEDINASFRAAM,56,0.38159899999999997,0.7822734069122393
3751,QKYCPNKICTSKGDS,56,0.351513,0.13869067556298326
3752,QLSALWARFPLPVIP,56,0.235603,0.4922002525910441
3753,QLYSKFLLKAEPLAF,56,0.267545,0.36977783362645766
3754,QPCNGVTMNDVKIEY,56,0.439338,0.5039756947655482
3755,QPNLKALREKVLGLP,56,0.06857100000000001,0.22321532709850103
3756,QPYVLSVASLTSAGQ,56,0.385988,0.8077974284589188
3757,QVPSASMGRDIKVQF,56,0.251754,0.35429660043195593
3758,RCALHWFPGSHLLAC,56,0.10423199999999999,0.46500400558333604
3759,RCALHWFPGSHLLHV,56,0.046232,0.3261184406981992
3760,RFTISRDNSKNTLYL,56,0.170184,0.1589344372668
3761,RGLLRRARGGPHHRR,56,0.314728,0.19976378482646961
3762,RIDTPDKLTGPFTVR,56,0.0,0.05638758304632479
3763,RIIAGTLEVHAVKPA,56,0.745567,0.3979842402134448
3764,RKHIEWNCDVCRHGD,56,0.083263,0.1087815242313506
3765,RLEFDEFVTLAAKFI,56,0.37122,0.4538966094669399
3766,RMFSSTLRAAVPWYA,56,0.7861090000000001,0.8020199254407023
3767,RSRPRRTTRRMDRRT,56,0.28313499999999997,0.24422325080662854
3768,RTATNIWIDHNSFSN,56,0.23849,0.26147382841656985
3769,RVIRGKKGAGGITIK,56,0.19717200000000001,0.1850369232413607
3770,RVWEQIFSTWLLKPG,56,0.44751599999999997,0.43016810732007627
3771,RVYCDPCRAGFETNV,56,0.385725,0.19187360614431115
3772,SADEVQRMMAEIDTD,56,0.426237,0.44529987445306696
3773,SAIRAAPEAARSLAS,56,0.353692,0.724600322542624
3774,SDDELPYIDPNMEPV,56,0.10816700000000001,0.08586294337189394
3775,SFGIVVAWQVKLLPV,56,0.605666,0.5393438341410705
3776,SGTVDFDEFMEMMTG,56,0.24283600000000002,0.2964293651290897
3777,SHIQSAVVCGRRHGV,56,0.345118,0.4772027329271849
3778,SRAEVSYVHVNGAKF,56,0.804478,0.41053139121901044
3779,SRSFLKHSLLRTQRL,56,0.734979,0.39053535816150453
3780,SSKAATAKAPGLVPK,56,0.346173,0.7928880824916827
3781,SSYAATEVANAAAAS,56,0.44277,0.8725186460053581
3782,SSYAATEVANAAAGQ,56,0.30233499999999996,0.8664923136965736
3783,STVVASVTIIDRSLP,56,0.41242,0.37576910747375025
3784,STWLLKPGAGIMIFD,56,0.426117,0.5264388670192104
3785,SVLLVVALFAVFLGS,56,0.21449200000000002,0.45906939389335394
3786,SVRIRVRSGGHDYEG,56,0.194258,0.16602167195228548
3787,SVTIKLDGNLLSSND,56,0.32615700000000003,0.31186441328818354
3788,SYVHVNGAKFIDTQN,56,0.39300100000000004,0.451217986328013
3789,TAAVELARALVRAVA,56,0.596595,0.7738660112539539
3790,TAKAPGLVPKLDAAY,56,0.16705599999999998,0.20073232962442264
3791,TANVPPADKYKTLEA,56,0.114829,0.13436732349278854
3792,TASDFWGGAGSAACQ,56,0.012745999999999999,0.3559160909213323
3793,TATSASAGWDTVLQS,56,0.588375,0.7928222577995471
3794,TDALRTLGSTSADEV,56,0.22037199999999998,0.6351997549935309
3795,TFYGSNPRGAAPDDH,56,0.29794699999999996,0.17149649996140634
3796,TGSRWCCWPVVPVAL,56,0.20216099999999998,0.37944202468294985
3797,TIAAMMTSPLSVASM,56,0.330683,0.7672512118465468
3798,TISNNLFFNHHKVML,56,0.36485700000000004,0.4063891463602798
3799,TKKFDEVVKANGGYL,56,0.042082,0.20465832972982054
3800,TKVTFHVVGVGPLLH,56,0.392025,0.2753418297976612
3801,TLGSTSADEVQRMMA,56,0.368958,0.42220217432541934
3802,TNFKYNYSVIEGGPI,56,0.404416,0.29290486899369467
3803,TPTNASHIQSAVVCG,56,0.5903970000000001,0.6876017464352983
3804,TSALIWMASPPEVHS,56,0.1824,0.8572389455004501
3805,TVAAAPQVKYAVFEA,56,0.552845,0.7385979174028516
3806,TVLAFPAGVCPTIGV,56,0.393291,0.34823263201451654
3807,TWQGGSGMASHIIYE,56,0.466642,0.41475194316387887
3808,VATLSEALRIIAGTL,56,0.8502799999999999,0.6709657844762328
3809,VDIKPKDSDEFIPMK,56,0.283841,0.05336316725835751
3810,VDLAKSLRIAAKIYS,56,0.454584,0.7593380204180139
3811,VEDEARRMWASAQNI,56,0.457428,0.6401514466307298
3812,VFGNCEGVKIIGISI,56,0.616213,0.36920882891148293
3813,VHAQTVEDEARRMWA,56,0.147484,0.13734935301517137
3814,VIPANWKPDTVYTSK,56,0.386929,0.0683863083366597
3815,VKGDPVGILYAVFKA,56,0.5077020000000001,0.5558327974954488
3816,VKIEYSGTNNKTMAV,56,0.44831099999999996,0.5996411520409344
3817,VKPLYIITPTNVSHI,56,0.148669,0.31615094901789653
3818,VKQNTLKLATGMRNV,56,0.294336,0.6645987565052688
3819,VLMEWLKTRPILSPL,56,0.359742,0.31747008120160114
3820,VNYWFAPGAAAAPLS,56,0.407199,0.7468441744584625
3821,VPPADKYKTFEAAFT,56,0.137978,0.2828388649556146
3822,VPQLQPQNPSQQQPQ,56,0.0,0.03737987907253795
3823,VQNTVEDLKLNTLGR,56,0.149819,0.1797322225705051
3824,VRILRRVHHRKYLTD,56,0.317101,0.12625367256045286
3825,VRSGGHDYEGLSYRS,56,0.11884600000000001,0.08183849126238824
3826,VRVPVPQLQPQNPSQ,56,0.274507,0.10356423916067578
3827,VSEALRIIAGTLEVH,56,0.577626,0.703395075186842
3828,VSTIVPYIGPALNIV,56,0.19901300000000002,0.30403176815439725
3829,VSVDCSEYPKPDCTA,56,0.044610000000000004,0.12985049204622126
3830,VTMNDVKIEYSGTNN,56,0.48718900000000004,0.2967656359765544
3831,VTVDAAVLAAIDADA,56,0.5384979999999999,0.5894715948604554
3832,VVLGLATSPTAEGGK,56,0.319715,0.5347685230243059
3833,VVSRLLIPVPFDPPA,56,0.1724,0.38137556441628984
3834,VWRIDTPDKLTGPFT,56,0.096626,0.062491484563848745
3835,WEQIFSTWLLKPGAG,56,0.46512700000000007,0.3863468238509859
3836,WGAIWRIDTPDKLTG,56,0.12445099999999999,0.19331985767892473
3837,WGAIWRIDTPEVLKG,56,0.135123,0.2681944875962234
3838,WIELKESWGAVWRID,56,0.404541,0.36778433325001475
3839,WKPDTVYTSKLQFGA,56,0.62192,0.315258603395675
3840,YANYRDIDLGRNEVV,56,0.203149,0.25955613303860353
3841,YGIAAENVIDVKLVD,56,0.496015,0.6011387458638562
3842,YGRIAECILGMNPSR,56,0.371313,0.6243807588376071
3843,YKDVDKPPFSGMTGC,56,0.0,0.14375392061703815
3844,YKKLRTSSFALNLPT,56,0.271581,0.590911185380506
3845,YLAILVKYVDGDGDV,56,0.324905,0.19868137821702966
3846,YPFIEQEGPEFFDQE,56,0.115061,0.29321429867309684
3847,YRKILRQRKIDRLID,56,0.03166,0.19113505407822914
3848,YTTEGGTKGEAKDVI,56,0.0,0.05475610406662074
3849,EEDKENALSLLDKIYT,56,0.265258,0.6358727714227407
3850,EKIQKAFDDIAKYFSK,56,0.40266599999999997,0.21348510313445407
3851,GKWYLKAMTADQEVPE,56,0.6517470000000001,0.7382551943887355
3852,LNKIVRMYSPVSILDI,56,0.472552,0.6098622349511509
3853,SPEVIPMFSALSEGAT,56,0.196515,0.6056913042998022
3854,CVDAKMTEEDKENALSL,56,0.234008,0.374113890005122
3855,YAHAAHAAHAAHAAHAA,56,0.611168,0.2787901956365674
3856,FESTGNLIAPEYGFKISY,56,0.7455890000000001,0.5595027931147879
3857,NVTENFNMWKNNMVEQMH,56,0.354784,0.4168703142670112
3858,SELYLYKVVKIEPLGVAP,56,0.22206900000000002,0.5017970718933921
3859,YVDRFYKTLRAEQASQEV,56,0.381904,0.5730254216084458
3860,GEIYKRWIILGLNKIVRMY,56,0.430712,0.5010652491323652
3861,KLPKPPKPVSKMRMATPLL,56,0.339742,0.7466466823282352
3862,VRVPVPQLQPQNPSQQQPQ,56,0.134818,0.14235372721600403
3863,WEALKYLWNLLQYWGQELK,56,0.193752,0.5263214498719411
3864,ARRRRASEAPPTSHRRASRQ,56,0.1293,0.4550831515304892
3865,DKISDVSTIVPYIGPALNIV,56,0.314393,0.245230112739544
3866,EAKYDAYVATLSEALRIIAG,56,0.757211,0.760891379317312
3867,EYLNKIQNSLSTEWSPCSVT,56,0.535759,0.7275489515918935
3868,GFGMLLRKYGIAAENVIDVK,56,0.464653,0.7150120946135305
3869,IEPIVATNWQKLEAFWHKHM,56,0.168012,0.7690772708063183
3870,KDKWIELKESWGAIWRIDTP,56,0.472113,0.31321121163446664
3871,KRWIILGLNKIVRMYSPTSI,56,0.590013,0.7089379735082688
3872,LYKYKVVKIEPLGVAPTKAK,56,0.11518099999999999,0.4513774451991567
3873,VATLSEALRIIAGTLEVHAV,56,0.790088,0.7310421345183188
3874,VLMEWLKTRPILSPLTKGIL,56,0.385938,0.5445371197100439
3875,WGAIWRIDTPDKLTGPFTVR,56,0.37389,0.1902995208110255
3876,YIITPTNVSHIQSAVVSGRR,56,0.656908,0.6621625884823593
3898,IMGAVLIWV,59,0.0,0.04726242013803662
3899,LLVSGWNSITV,59,0.407855,0.09780132361364482
3900,SPEVIPMFSALSE,59,0.757725,0.1502717596060646
3901,NTSYRLISCNTSVI,59,0.052235000000000004,0.17320398000113169
3902,AEMETESWIVDRQWA,59,0.0,0.23196601544845685
3903,AEMVIHHQHVQDCDE,59,0.0,0.09572482572468045
3904,ALRVIAGALEVHAVK,59,0.38816100000000003,0.3956467716855075
3905,AMTDTTPFGQQRVFK,59,0.0,0.09019828255636408
3906,AVFEAALTKAITAMS,59,0.037957,0.44296682433643075
3907,CGSYVTKTSGSAASM,59,0.517019,0.44652413560283566
3908,DLDDEQEILNYMSPH,59,0.0,0.11056371165972366
3909,DQGCSSALGSGPYGA,59,0.234062,0.16500100555328998
3910,DQRGSGQVVTYALNT,59,0.279424,0.35205265925843543
3911,EEPDDIDCWCYGVEN,59,0.0,0.09808508637590717
3912,ERIKSEYMTSWFYDN,59,0.172308,0.24932765274752125
3913,GCSSALGSGPYGALG,59,0.21967899999999999,0.1507988643784215
3914,GKCDSAGRSRRSRRA,59,0.0,0.05030308609762063
3915,GKTFSVGTGNCTTNI,59,0.28604,0.20731911684983512
3916,GLALSHLNAMSKVRK,59,0.310105,0.43954810517514276
3917,GLVPKLDAAYSVAYK,59,0.215002,0.39899457698095575
3918,GPLIEGNTSLLWNGP,59,0.359823,0.32061370023415847
3919,GRTTWSIHGKGEWMT,59,0.187926,0.12463091430471313
3920,IHHQHVQDCDESVLT,59,0.0,0.10077347704288385
3921,IHLVIHRIRTLIGQE,59,0.347289,0.12378399384651527
3922,IHRIRTLIGQEKYTD,59,0.22932399999999997,0.05788037721897347
3923,KNPVVDGNPTVDIEE,59,0.169558,0.08051643483586995
3924,KRVPMALQHFGWEVM,59,0.297777,0.38116979533184725
3925,KTKNKTNWKQTWTFK,59,0.0,0.13197757557368675
3926,MIPSWASVKEDLVAY,59,0.23651399999999997,0.2168579582227432
3927,MVLAGWLFHVRGARR,59,0.0,0.39394784493531343
3928,MYMWLGARYLEFEAL,59,0.0,0.39072504298834354
3929,NKTKNKTNWKQTWTF,59,0.156808,0.15874827146486856
3930,NSYIAEMETESWIVD,59,0.0,0.2593219337857057
3931,PSWASVKEDLVAYGG,59,0.16461099999999998,0.20338247005603594
3932,QRMFTREELIHFPEF,59,0.0,0.2697866249416595
3933,RTLIGQEKYTDYLTV,59,0.0,0.08149808836971266
3934,RVAYGKCDSAGRSRR,59,0.0,0.0730100449219733
3935,RYLEFEALGFLNEDH,59,0.0,0.31044793513880314
3936,SDQGCSSALGSGPYG,59,0.35133600000000004,0.163660678727122
3937,SNVTFTVNQTSRLLM,59,0.429591,0.6441462856746765
3938,SVGTGNCTTNILEAK,59,0.402377,0.21283343687721992
3939,SVKEDLVAYGGSWKL,59,0.284904,0.14048327244338588
3940,TESWIVDRQWAQDLT,59,0.0,0.16045542044282907
3941,TLTYRMLEPTRVVNW,59,0.0,0.5195067197278226
3942,VDFGNSYIAEMETES,59,0.286081,0.3224016593383338
3943,VEIALGGVMGGLWKY,59,0.0,0.1384485117397405
3944,VPTSWVPQGRTTWSI,59,0.49820200000000003,0.3622261992410352
3945,WGAIWRIDTPEVLKG,59,0.14389100000000002,0.17335558002386214
3946,WSIHGKGEWMTTEDM,59,0.0,0.13136054642896655
3947,WVPQGRTTWSIHGKG,59,0.471613,0.1834086082183289
3948,AALHPFALLLVLAGWK,59,0.0,0.40454456194611926
3949,DKGIPFMKMNISVIMK,59,0.22265300000000002,0.36193340870828644
3950,LNKIVRMYSPVSILDI,59,0.542607,0.3343423660969058
3951,QPFLGLCAFLATRIFK,59,0.0,0.4941762119459219
3952,SLLWNGPMAVSMTGVK,59,0.0,0.603316766901582
3953,SPEVIPMFSALSEGAT,59,0.814148,0.40386674083701235
3954,KKEGNTSLLWNGPMAVS,59,0.44624899999999995,0.5364566099870837
3955,KKGLNWITKVIMGAVLI,59,0.516031,0.3351245780390774
3956,KKITKVIMGAVLIWVGI,59,0.0,0.30742192427709136
3957,KKLVGGVVLLGAMLVGQ,59,0.499838,0.4198006130145855
3958,KKPFALLLVLAGWLFHV,59,0.0,0.3245165456664347
3959,KKSGARSNVTFTVNQTS,59,0.29625999999999997,0.3763745813354286
3960,KKTLLDLLKLTVAVGLH,59,0.30963,0.3008265000437451
3961,KKVGQVTLLDLLKLTVA,59,0.340275,0.2658192444338019
3962,NSYIAEMETESWIVDKK,59,0.0,0.29278027037287707
3963,SGQVVTYALNTITNLKK,59,0.347368,0.37469822427326904
3964,VLTLGAAMVEIALGGKK,59,0.598531,0.3260177189723884
3965,WLGARYLEFEALGFLKK,59,0.359823,0.36445802208094974
3966,NVTENFNMWKNNMVEQMH,59,0.607701,0.147769836789592
3967,SELYLYKVVKIEPLGVAP,59,0.21066,0.34335545343213214
3968,GEIYKRWIILGLNKIVRMY,59,0.9520879999999999,0.224592935258284
3969,WEALKYLWNLLQYWGQELK,59,0.404832,0.42442891811456
3970,FEERDAVLLGGSSDNEFVKL,59,0.186831,0.33480227156197917
3971,GSSDNEFVKLAWRREHKDLD,59,0.0,0.4324329006008325
3972,KRWIILGLNKIVRMYSPTSI,59,0.906316,0.5151798230087236
3973,LYKYKVVKIEPLGVAPTKAK,59,0.35082399999999997,0.22830241743084662
3974,EQEILNYMSPHHKKLHHHHHH,59,0.0,0.0945022867310111
3975,GAGKTRRFLPQILAEHHHHHH,59,0.0,0.18805967879244928
3976,GSRAIWYMWLGARYLHHHHHH,59,0.0,0.16273097230613423
3977,HTMWHVTRGAFLVRNHHHHHH,59,0.0,0.1597376084688613
3978,IWYMWLGARYLEFEAHHHHHH,59,0.0,0.21206243427619514
3979,MFFVKNPTDTGHGTVHHHHHH,59,0.2114,0.10366124901857393
3980,TRRFLPQILAECARRHHHHHH,59,0.0,0.183600204793945
3981,SPEVIPMFSALSE,60,0.168654,0.10362243229230213
3982,NTSYRLISCNTSVI,60,0.297052,0.08559037826853672
3983,AAAGLAAAAPLESRQ,60,0.500197,0.17158313697588903
3984,AAPLSWSKDIYNYME,60,0.545038,0.16813397362485155
3985,AASGADGTYDITKLG,60,0.051938,0.059666668574364874
3986,AFMLAWNYGVPRVMS,60,0.46165,0.3098881442751936
3987,AGALEVHAVKPVTEE,60,0.020472999999999998,0.08193023313745755
3988,AKPDGKTDCTKEVEE,60,0.057694,0.06890631308271622
3989,ALKESWGAIWRIDTP,60,0.172512,0.44143460996302264
3990,ALRVIAGALEVHAVK,60,0.30145700000000003,0.20490365255660212
3991,ALTKAITAMSEVQKV,60,0.23170500000000002,0.16373477259892075
3992,APGAAAAPLSWSKDI,60,0.175867,0.20851840050647
3993,ASAAILGHDGTVWAQ,60,0.079067,0.14290534515215392
3994,ATPPPPPPPQLGASP,60,0.0,0.008952168749663352
3995,ATSPTAEGGKATTEE,60,0.0,0.09189964391827116
3996,ATTANVPPADKYKTF,60,0.0,0.03581696078838468
3997,AVFEAALTKAITAMS,60,0.108351,0.22549873682298585
3998,AVIRGKKGAGGITIK,60,0.09413099999999999,0.02870433053078543
3999,AWASACGGTGKNTIV,60,0.13893599999999998,0.044074358168407976
4000,AYVATVSEALRIIAG,60,0.017717,0.10738855707136268
4001,CGGTGKNTIVIPKGD,60,0.075725,0.04799536484451411
4002,DGQGKAVWGKNSCAK,60,0.052614999999999995,0.04775044092728391
4003,DIDLGRNEVVNDVST,60,0.0,0.2329852746585839
4004,DINASFRAAMATTAN,60,0.571615,0.41648041643222194
4005,DITVKNCVLKKSTNG,60,0.034405,0.027904698369738072
4006,DKLTGPFTVRYTTEG,60,0.0,0.11462660824733753
4007,DLVANQPNLKALREK,60,0.051553999999999996,0.06805057820742169
4008,EAAFNKAIKESTGGA,60,0.026501999999999998,0.15143185802074136
4009,EEFVSLASRFLVEED,60,0.351707,0.2635500973768685
4010,EFVTLAAKFIIEEDS,60,0.556327,0.33660625775639236
4011,EGHHLASAAIFGHDG,60,0.164717,0.32996680021084807
4012,EGHHLASAAILGHDG,60,0.134555,0.3194206176622616
4013,EITGIMKDFDEPGHL,60,0.46724099999999996,0.10038674256562446
4014,ELKESWGAIWRIDTP,60,0.204263,0.44143460996302264
4015,ESTGGAYDTYKSIPS,60,0.198923,0.09914637472085296
4016,EVVKANGGYLAAGKL,60,0.34413499999999997,0.11353473190142403
4017,EYIEAAKWLLPPPKV,60,0.43618100000000004,0.21124047427774684
4018,FAVATITHAAELQRV,60,0.353225,0.17118431945290025
4019,FDPYGATISATPESA,60,0.673962,0.19023074748343086
4020,FEAAFNDAIKASTGG,60,0.637545,0.3994472765563266
4021,FLAVAVVLGLATSPT,60,0.390455,0.13141263766222147
4022,FTSLEYIEAAKWLLP,60,0.10246,0.2555272987356819
4023,FVVTGRVYCDPCRAG,60,0.176447,0.23413551089107187
4024,GAVDIINKWQVVAPQ,60,0.060698,0.3447991856593523
4025,GELEFEEFVSLASRF,60,0.342792,0.42568061855128714
4026,GEVEIQFRRVKCKYP,60,0.097322,0.06931904922223664
4027,GGACGYKDVDKPPFS,60,0.117878,0.06876109594388868
4028,GGGFGMLLRKYGIAA,60,0.085612,0.1251430053168612
4029,GGSILKISNKFHTKG,60,0.199007,0.13895460908962956
4030,GGSILKISNKYHTKG,60,0.347078,0.11039325273707012
4031,GKGTLDGQGKAVWGK,60,0.021365000000000002,0.0856168248378216
4032,GLSGEPKGGAESSSK,60,0.0,0.02440412841015836
4033,GLVPKLDAAYSVAYK,60,0.279005,0.1875936776034012
4034,GTKGEAKDVIPEGWK,60,0.115396,0.3122107904363689
4035,HDYEGLSYRSLQPET,60,0.067067,0.1849304493788225
4036,HMAKEDLVANQPNLK,60,0.116086,0.09377363704826798
4037,HSRNLINELSERMAG,60,0.108175,0.22841886726195487
4038,IASLFAAAGLAAAAP,60,0.178329,0.20770981570539296
4039,IEFRFYKEITNVFRG,60,0.22534,0.2230461368812321
4040,IHKASTVLAFPAGVC,60,0.19075999999999999,0.25742642140425687
4041,IITPTNVSHIQSAVV,60,0.11939000000000001,0.17926694244804253
4042,IMRIKKLTITGKGTL,60,0.020314,0.03489092984112046
4043,IPKGDFLTGPLNFTG,60,0.06387799999999999,0.1119692844509364
4044,ISATPEWATPFPHRK,60,0.09930499999999999,0.1392964966050559
4045,ISDFRAAIANYHYDA,60,0.6424300000000001,0.4214412750333219
4046,ITAMSEVQKVSQPAT,60,0.0,0.08165010425296834
4047,IVLNHMTGAQSGKGT,60,0.130878,0.16540583286783825
4048,KAIKESTGGAYDTYK,60,0.0,0.06109487723773943
4049,KASNPNYLAILVKYV,60,0.336201,0.07261729848980797
4050,KCKYPEGTKVTFHVE,60,0.0,0.03511353226472636
4051,KDKWIELKESWGAIW,60,0.12566,0.15908081126450724
4052,KEVEEAWASACGGTG,60,0.412893,0.23619867771305084
4053,KHLAVLVKYEGDTMA,60,0.075281,0.1481837544841139
4054,KIEIDQDHQEEICEV,60,0.257154,0.23571601620255322
4055,KKGAGGITIKKTGQA,60,0.064617,0.0779261342849343
4056,KLTITGKGTLDGQGK,60,0.0,0.061613115112242614
4057,KNTIVIPKGDFLTGP,60,0.0,0.08228089377020995
4058,KPPFSGMTGCGNTPI,60,0.0,0.02583763420472166
4059,KSTNGLRIKSYEDAK,60,0.34728000000000003,0.1172383791875123
4060,KTDCTKEVEEAWASA,60,0.019946000000000002,0.1288186633850988
4061,KTVSEGAVDIINKWQ,60,0.442054,0.48427978722148335
4062,KYDAYVATLSEALRI,60,0.172028,0.20122001429564035
4063,KYKTFEAAFTVSSKR,60,0.436403,0.33600228873067833
4064,LDGNLLSSNDLAKYK,60,0.343156,0.17762637527586353
4065,LEKISNEIKIVATPD,60,0.159591,0.24846904554888521
4066,LHFSEALRIIAGTPE,60,0.303772,0.5244820508515495
4067,LSSNDLAKYKANWIE,60,0.184826,0.12246361401874258
4068,LSYRSLQPETFAVVD,60,0.310917,0.17602939376164073
4069,LVKFVAGDGDVVAVD,60,0.570144,0.31956442028507703
4070,LVKYEGDTMAEVELR,60,0.08416900000000001,0.16883114661344858
4071,MASSSSVLLVVALFA,60,0.030195,0.15877387791192063
4072,MASSSSVLLVVVLFA,60,0.41351099999999996,0.11063028363756
4073,MLLRKYGIAAENVID,60,0.030868,0.20433074305363574
4074,MVVERLGDYLVEQGM,60,0.592437,0.25323956419057997
4075,NCVLKKSTNGLRIKS,60,0.075902,0.04372526987340253
4076,NDAIKASTGGAYESY,60,0.261418,0.15871953561088512
4077,NHFFNHHKVMLLGHD,60,0.22986199999999998,0.12840060884395188
4078,NHFFNHHKVMLLGHS,60,0.282269,0.11941283399568449
4079,NLNIKLNMPLYIAGN,60,0.142214,0.09344380108180789
4080,NMVVERLGDYLVEQG,60,0.41022600000000004,0.18829369774748042
4081,NPRQAYANYRDIDLG,60,0.379635,0.198845855595009
4082,NVSHIQSAVVCGRRH,60,0.0,0.16245827641853505
4083,NYLALLVKFVAGDGD,60,0.130589,0.192025945150104
4084,PAAAYATATPAAATA,60,0.31046999999999997,0.06033087017171347
4085,PAGVCPTIGVGGNFA,60,0.07596699999999999,0.05817797196355868
4086,PCKGDSVTIKLDGNL,60,0.0,0.07124267507277006
4087,PCRAGFETNVSHNVQ,60,0.741495,0.09263834895308626
4088,PEQIQLLKKAFDAFD,60,0.286077,0.17690344828453125
4089,PIIIDQKYCPNKICT,60,0.037682,0.0764180254652432
4090,PIYIVTPTNASHIQS,60,0.0,0.12613079338206917
4091,PKGGAESSSKAALTS,60,0.0,0.10697718928139181
4092,PLYKLVHVFINTQYA,60,0.460284,0.11026886552295048
4093,PPPPQLGASPYKLGP,60,0.0,0.03845927318175668
4094,PQVKYAVFEAALTKA,60,0.407982,0.30712830008653647
4095,PTLAFPAGVCPTIGV,60,0.181069,0.08278571504292717
4096,PYGATISATPEWATP,60,0.13560899999999998,0.1417605181041237
4097,QDHQEEICEVVLAKS,60,0.23110799999999998,0.24408433101114216
4098,QFRRVKCKYPEGTKV,60,0.0,0.03196435674203006
4099,QGEPGAVIRGKKGAG,60,0.048787,0.038451564798323824
4100,QGEPGRVIRGKKGAG,60,0.050619,0.02403417799615944
4101,QKLIEDINASFRAAM,60,0.29563,0.3735184955298933
4102,QKYCPNKICTSKGDS,60,0.043547,0.03976027402094701
4103,QPCNGVTMNDVKIEY,60,0.161531,0.16480022561390148
4104,QPNLKALREKVLGLP,60,0.0,0.04666841161322513
4105,RIDTPDKLTGPFTVR,60,0.0,0.04578584414306907
4106,RIIAGTLEVHAVKPA,60,0.15671600000000002,0.07596024565495559
4107,RLEFDEFVTLAAKFI,60,0.402607,0.24869708255290895
4108,RVIRGKKGAGGITIK,60,0.041939,0.02870433053078543
4109,RVWEQIFSTWLLKPG,60,0.21102800000000002,0.1832362583417741
4110,RVYCDPCRAGFETNV,60,0.398851,0.11566387403046226
4111,SADEVQRMMAEIDTD,60,0.284107,0.4872666497547884
4112,SFGIVVAWQVKLLPV,60,0.327524,0.2327910909077675
4113,SGTVDFDEFMEMMTG,60,0.302299,0.4646851403782689
4114,SHIQSAVVCGRRHGV,60,0.0,0.13460642384411953
4115,SSKAATAKAPGLVPK,60,0.0,0.10214410971576177
4116,STWLLKPGAGIMIFD,60,0.190111,0.1868704057854393
4117,SVLLVVALFAVFLGS,60,0.0,0.08555245718180246
4118,SVRIRVRSGGHDYEG,60,0.176628,0.050056388230040445
4119,SVTIKLDGNLLSSND,60,0.15391400000000002,0.19565809747630078
4120,TAKAPGLVPKLDAAY,60,0.104246,0.09480224494244985
4121,TANVPPADKYKTLEA,60,0.0,0.07084566516573844
4122,TDALRTLGSTSADEV,60,0.022251,0.22650610448703595
4123,TKKFDEVVKANGGYL,60,0.161299,0.09836024928284627
4124,TLGSTSADEVQRMMA,60,0.0,0.29219260041355827
4125,TPTNASHIQSAVVCG,60,0.0,0.16188161731309342
4126,TVAAAPQVKYAVFEA,60,0.066402,0.19350165453771953
4127,TVLAFPAGVCPTIGV,60,0.33029200000000003,0.07832561319881275
4128,VATLSEALRIIAGTL,60,0.430068,0.14008801378537372
4129,VKIEYSGTNNKTMAV,60,0.070256,0.08028424856225001
4130,VKPLYIITPTNVSHI,60,0.082432,0.09211988148406149
4131,VNYWFAPGAAAAPLS,60,0.034480000000000004,0.18958427174399126
4132,VPPADKYKTFEAAFT,60,0.057945,0.15041606125411122
4133,VRSGGHDYEGLSYRS,60,0.206139,0.10765878885993689
4134,VSEALRIIAGTLEVH,60,0.186605,0.1074033430136895
4135,VTMNDVKIEYSGTNN,60,0.036419,0.08242978002869143
4136,VVLGLATSPTAEGGK,60,0.141566,0.14935062501134477
4137,WEQIFSTWLLKPGAG,60,0.449028,0.1875700291443079
4138,WGAIWRIDTPDKLTG,60,0.168764,0.23589468072684938
4139,WGAIWRIDTPEVLKG,60,0.24159,0.32411632160068077
4140,YANYRDIDLGRNEVV,60,0.40700000000000003,0.2724981935272904
4141,YGIAAENVIDVKLVD,60,0.145474,0.107502926916868
4142,YKDVDKPPFSGMTGC,60,0.0,0.06889803026292185
4143,YTTEGGTKGEAKDVI,60,0.0,0.03198274449312008
4144,LNKIVRMYSPVSILDI,60,0.40268699999999996,0.28448305424312625
4145,SPEVIPMFSALSEGAT,60,0.192207,0.2585846301785692
4146,NVTENFNMWKNNMVEQMH,60,0.421757,0.09358221199005014
4147,SELYLYKVVKIEPLGVAP,60,0.334165,0.2529791043708139
4148,GEIYKRWIILGLNKIVRMY,60,0.210483,0.1987465542720108
4149,WEALKYLWNLLQYWGQELK,60,0.167785,0.30331242545717685
4150,KRWIILGLNKIVRMYSPTSI,60,0.543446,0.3189687262021122
4151,LYKYKVVKIEPLGVAPTKAK,60,0.06906699999999999,0.151745112089826
4154,FSQPQQQFPQPQ,62,0.26976300000000003,0.01636723220113932
4155,SPEVIPMFSALSE,62,0.205473,0.11679846177829978
4156,NTSYRLISCNTSVI,62,0.115951,0.1003697733796319
4157,AAAAPAAVGAAVGGT,62,0.0,0.09127418312263577
4158,AAAGLAAAAPLESRQ,62,0.0,0.21024894800947339
4159,AAGAQLLWQLPLLSI,62,0.199372,0.20538312230779693
4160,AAGVAAWSLIALMIP,62,0.256226,0.25737326646777176
4161,AALPLLFFALAGQRI,62,0.241556,0.09651236543835602
4162,AASGADGTYDITKLG,62,0.0,0.07876440140432088
4163,AELMILIATNLLGQN,62,0.220579,0.14268776508676254
4164,AFMLAWNYGVPRVMS,62,0.16526400000000002,0.19650160173228867
4165,AGALEVHAVKPVTEE,62,0.304438,0.13343656275388807
4166,AGWDTVLQSITTILA,62,0.483447,0.29513014484439026
4167,AHARSYQTLSTQAAA,62,0.451262,0.19518812683446088
4168,AKPDGKTDCTKEVEE,62,0.0,0.19162240794676194
4169,ALKESWGAIWRIDTP,62,0.0,0.4023718796660864
4170,ALLPRAGAAAAAALP,62,0.031564999999999996,0.049029530572500576
4171,ALQSHDDVALVSVMW,62,0.400914,0.3935438452932167
4172,ALRVIAGALEVHAVK,62,0.18740199999999999,0.24317698398834106
4173,ALTKAITAMSEVQKV,62,0.520718,0.26971477750280104
4174,AQAVYDFRSIVDYLR,62,0.340905,0.2378053247021588
4175,AQIYQAVSAQAAAIH,62,0.405114,0.2061467710429226
4176,ASAAILGHDGTVWAQ,62,0.255708,0.17897827988307052
4177,ATSPTAEGGKATTEE,62,0.21076999999999999,0.1985047932333945
4178,ATTANVPPADKYKTF,62,0.154783,0.05307064755096545
4179,AVFEAALTKAITAMS,62,0.12303900000000001,0.2789608582344604
4180,AVHVWLRLPAGRVEI,62,0.049857,0.10175641202467665
4181,AVIRGKKGAGGITIK,62,0.108699,0.027006022515656414
4182,AVMLTFDNAGMWNVR,62,0.290825,0.2515173074210143
4183,AWASACGGTGKNTIV,62,0.0,0.04494818389146528
4184,AWMSAAATQAEQAAT,62,0.5125970000000001,0.1656821667846624
4185,AYGSFVRTVSLPVGA,62,0.274293,0.33978777872412014
4186,AYVATVSEALRIIAG,62,0.54409,0.14366167609023517
4187,CDASILIDPLSNQSA,62,0.392102,0.28333848482238466
4188,CGGTGKNTIVIPKGD,62,0.0,0.04580145274889799
4189,DESWQQFRQELIPLL,62,0.32013,0.09694761211359354
4190,DGQGKAVWGKNSCAK,62,0.0,0.026329452890988415
4191,DIKVQFQSGGNNSPA,62,0.13639,0.06784241035259324
4192,DINASFRAAMATTAN,62,0.297695,0.28213177257935446
4193,DITVKNCVLKKSTNG,62,0.0,0.051163245700299106
4194,DKLTGPFTVRYTTEG,62,0.13054200000000002,0.23026218413016886
4195,DLVANQPNLKALREK,62,0.0,0.060944524833434814
4196,DVLSQPMLPHTWDGS,62,0.17394500000000002,0.09239395353892897
4197,EAAFNKAIKESTGGA,62,0.060383000000000006,0.14678800927268126
4198,EEFVSLASRFLVEED,62,0.347169,0.27151060091070806
4199,EFVTLAAKFIIEEDS,62,0.492221,0.28449951237643756
4200,EGHHLASAAIFGHDG,62,0.315486,0.2151732474710374
4201,EGHHLASAAILGHDG,62,0.351211,0.22962699095202754
4202,EHELYVAVLSNALHR,62,0.285881,0.31221833715566427
4203,EITGIMKDFDEPGHL,62,0.228573,0.17041894993388362
4204,ELKESWGAIWRIDTP,62,0.08911000000000001,0.4023718796660864
4205,ESTGGAYDTYKSIPS,62,0.267937,0.2006411436531025
4206,EVLGFRMVQDERVGR,62,0.365375,0.10996897420350903
4207,EVVKANGGYLAAGKL,62,0.242743,0.1012746161565507
4208,EYIEAAKWLLPPPKV,62,0.212846,0.20496600638421977
4209,FAVATITHAAELQRV,62,0.571581,0.3480186323191587
4210,FDHEFTFGWDELLSK,62,0.29746999999999996,0.5264225067354442
4211,FDPYGATISATPESA,62,0.154915,0.4439393670234369
4212,FDREFTFGWDELLSK,62,0.303848,0.41679246063457565
4213,FEAAFNDAIKASTGG,62,0.060534000000000004,0.3508736154536239
4214,FLAVAVVLGLATSPT,62,0.383331,0.16365856632579964
4215,FPPNGTHSWEYWGAQ,62,0.139389,0.14038054454833554
4216,FTSLEYIEAAKWLLP,62,0.26074200000000003,0.28834789117667486
4217,FVVTGRVYCDPCRAG,62,0.334629,0.2752983251618014
4218,GAVDIINKWQVVAPQ,62,0.0,0.21586703581622463
4219,GELEFEEFVSLASRF,62,0.300014,0.4737433228818868
4220,GEVEIQFRRVKCKYP,62,0.033211000000000004,0.05342899317756592
4221,GEVLNALAYDVPIPG,62,0.31064899999999995,0.18511356993405573
4222,GGACGYKDVDKPPFS,62,0.0,0.0734048070703218
4223,GGSILKISNKFHTKG,62,0.0,0.05777703972209522
4224,GGSILKISNKYHTKG,62,0.20611100000000002,0.059173373221679086
4225,GKGTLDGQGKAVWGK,62,0.0,0.059658998718817975
4226,GLVPKLDAAYSVAYK,62,0.21577800000000003,0.15905862551322725
4227,GRKRPIVRILRRVHH,62,0.090289,0.046868592010351186
4228,GTKGEAKDVIPEGWK,62,0.38194,0.24355177584279467
4229,GWIISNIFGAIPVLA,62,0.413012,0.12610433008714178
4230,GWIISNIFGAIPVLG,62,0.315345,0.09979546281996539
4231,HMAKEDLVANQPNLK,62,0.061041,0.12964269942882725
4232,HSRNLINELSERMAG,62,0.155344,0.22466511735644853
4233,IASLFAAAGLAAAAP,62,0.356628,0.14658490952858272
4234,IEFRFYKEITNVFRG,62,0.192907,0.1874505878490688
4235,IGPEAAEAAAAAPAA,62,0.074602,0.30411723270303226
4236,IIELFTAKGFTVQEM,62,0.355973,0.30137758550183447
4237,IMRIKKLTITGKGTL,62,0.0,0.03651136165303081
4238,INLIIHYVDRPGALG,62,0.33381500000000003,0.1028401141700202
4239,IPKGDFLTGPLNFTG,62,0.0,0.11562771085266833
4240,IPVMAYLVGLFAWVL,62,0.048825,0.19720695757470189
4241,ISATPEWATPFPHRK,62,0.143612,0.2489799639145777
4242,ISDFRAAIANYHYDA,62,0.284193,0.3346640165106967
4243,ITAMSEVQKVSQPAT,62,0.229871,0.146033423864138
4244,IVLNHMTGAQSGKGT,62,0.0,0.23251625256205477
4245,KAIKESTGGAYDTYK,62,0.124386,0.13188323894896248
4246,KASNPNYLAILVKYV,62,0.204965,0.044672143667322355
4247,KCKYPEGTKVTFHVE,62,0.0,0.0659669148201726
4248,KDKWIELKESWGAIW,62,0.05809500000000001,0.1430354227070298
4249,KEVEEAWASACGGTG,62,0.35904,0.33430643831186213
4250,KHLAVLVKYEGDTMA,62,0.0,0.190590897688076
4251,KIEIDQDHQEEICEV,62,0.300728,0.34917836404532737
4252,KKGAGGITIKKTGQA,62,0.149552,0.07114818013370525
4253,KLTITGKGTLDGQGK,62,0.0,0.0607860769221231
4254,KNTIVIPKGDFLTGP,62,0.0,0.09404849773422197
4255,KPPFSGMTGCGNTPI,62,0.0,0.033211382014552676
4256,KSTNGLRIKSYEDAK,62,0.14441700000000002,0.08274778911410707
4257,KTDCTKEVEEAWASA,62,0.011422,0.2885956677196492
4258,KTVSEGAVDIINKWQ,62,0.191197,0.3266504684234416
4259,KYKTFEAAFTVSSKR,62,0.24764,0.46650341720955435
4260,LDGNLLSSNDLAKYK,62,0.185125,0.12381830684966401
4261,LEKISNEIKIVATPD,62,0.161922,0.25752032942631586
4262,LHFSEALRIIAGTPE,62,0.20987399999999998,0.38070264541575977
4263,LQSLWANFYELLADA,62,0.41363599999999995,0.40711810817541516
4264,LRIAAKIYSEADEAW,62,0.5624859999999999,0.5745701523573564
4265,LSSNDLAKYKANWIE,62,0.02136,0.0943368000944885
4266,LVKFVAGDGDVVAVD,62,0.081334,0.3498372320771913
4267,LVKYEGDTMAEVELR,62,0.44714499999999996,0.3211729341483098
4268,LVSKLYEVVPGILTE,62,0.24401599999999998,0.11316321551331061
4269,MAFLRSVSRLAAAVF,62,0.109971,0.17203866616467145
4270,MASSSSVLLVVALFA,62,0.0,0.19087854039838004
4271,MASSSSVLLVVVLFA,62,0.18377000000000002,0.11535982556217361
4272,MGRDIKVQFQSGGAN,62,0.070399,0.0922575200956022
4273,MLLRKYGIAAENVID,62,0.328354,0.27200606526105603
4274,MPFVTTQPEALAAAA,62,0.43799799999999994,0.2865328673353195
4275,MSFVTTQPEALAAAA,62,0.44696,0.3381899191557355
4276,MSQIMYNYPAMMAHA,62,0.237769,0.35858928920768696
4277,MSQIMYNYPAMRAHA,62,0.07677300000000001,0.13660110627536773
4278,MVVERLGDYLVEQGM,62,0.326748,0.23644128806496514
4279,NCVLKKSTNGLRIKS,62,0.017224,0.03803597487001518
4280,NDAIKASTGGAYESY,62,0.279659,0.19924153324658872
4281,NFTVGRIIELFTAKG,62,0.268185,0.10678772706490758
4282,NHFFNHHKVMLLGHD,62,0.053203999999999994,0.07874533084452717
4283,NHFFNHHKVMLLGHS,62,0.164921,0.07874533084452717
4284,NLNIKLNMPLYIAGN,62,0.021259,0.048816744543918725
4285,NMVVERLGDYLVEQG,62,0.22795,0.16036481575275677
4286,NYLALLVKFVAGDGD,62,0.10858399999999999,0.16706761758917726
4287,PAAAYATATPAAATA,62,0.39737100000000003,0.07009507583197933
4288,PCKGDSVTIKLDGNL,62,0.0,0.09153311642263065
4289,PCRAGFETNVSHNVQ,62,0.47075500000000003,0.10509868869411919
4290,PEQIQLLKKAFDAFD,62,0.077193,0.1473014398717788
4291,PIIIDQKYCPNKICT,62,0.0,0.04727063084048026
4292,PLYKLVHVFINTQYA,62,0.595504,0.14632233064472872
4293,PQVKYAVFEAALTKA,62,0.378181,0.42379497204694166
4294,PSMGRDIKVQFQSGG,62,0.087994,0.05764713975038561
4295,PSPSMGRDIKVQFQS,62,0.072174,0.04993833580275389
4296,PYGATISATPEWATP,62,0.158269,0.22800848992997033
4297,QDHQEEICEVVLAKS,62,0.365227,0.32799713101072875
4298,QFRRVKCKYPEGTKV,62,0.0,0.03047272980892696
4299,QGEPGAVIRGKKGAG,62,0.0,0.039456883659090516
4300,QGEPGRVIRGKKGAG,62,0.0,0.023914017059236608
4301,QKLIEDINASFRAAM,62,0.272857,0.2418793890620389
4302,QKYCPNKICTSKGDS,62,0.033935,0.027447402609078304
4303,QLSALWARFPLPVIP,62,0.166291,0.1350051259953704
4304,QPCNGVTMNDVKIEY,62,0.152395,0.27342125242724924
4305,QPNLKALREKVLGLP,62,0.0,0.033332435904170336
4306,QVPSASMGRDIKVQF,62,0.11238599999999999,0.10040666087783699
4307,RCALHWFPGSHLLAC,62,0.302309,0.13006667060884336
4308,RCALHWFPGSHLLHV,62,0.16927899999999999,0.08143326773279935
4309,RIDTPDKLTGPFTVR,62,0.09538200000000001,0.10550837935509855
4310,RIIAGTLEVHAVKPA,62,0.320268,0.09585734238691965
4311,RLEFDEFVTLAAKFI,62,0.49111000000000005,0.44151674175780475
4312,RSRPRRTTRRMDRRT,62,0.10417699999999999,0.0897392431707871
4313,RVIRGKKGAGGITIK,62,0.108392,0.027006022515656414
4314,RVWEQIFSTWLLKPG,62,0.235603,0.17284963514794505
4315,RVYCDPCRAGFETNV,62,0.367602,0.14535654085206162
4316,SADEVQRMMAEIDTD,62,0.5789569999999999,0.5613910663955706
4317,SFGIVVAWQVKLLPV,62,0.125889,0.16232342679740186
4318,SGTVDFDEFMEMMTG,62,0.446788,0.5390847977275753
4319,SSYAATEVANAAAAS,62,0.298883,0.35356263360094303
4320,SSYAATEVANAAAGQ,62,0.266898,0.29370518603728774
4321,STWLLKPGAGIMIFD,62,0.0,0.1452288420037602
4322,SVLLVVALFAVFLGS,62,0.0,0.08562541351550366
4323,SVTIKLDGNLLSSND,62,0.153166,0.16707697562615853
4324,TANVPPADKYKTLEA,62,0.49912700000000004,0.11833522656516089
4325,TATSASAGWDTVLQS,62,0.302971,0.41130577584340844
4326,TDALRTLGSTSADEV,62,0.745933,0.5040858106274773
4327,TKKFDEVVKANGGYL,62,0.060704999999999995,0.12885146420712468
4328,TLGSTSADEVQRMMA,62,0.459958,0.3335266571933464
4329,TVAAAPQVKYAVFEA,62,0.27453099999999997,0.17017930540353765
4330,VDLAKSLRIAAKIYS,62,0.16954,0.17185862294652263
4331,VKIEYSGTNNKTMAV,62,0.040374,0.10842174457203058
4332,VPPADKYKTFEAAFT,62,0.3519,0.22187972026719086
4333,VRILRRVHHRKYLTD,62,0.201931,0.045503745950536995
4334,VSEALRIIAGTLEVH,62,0.39974,0.13362391004337532
4335,VTMNDVKIEYSGTNN,62,0.025800999999999998,0.20052835112793266
4336,VTVDAAVLAAIDADA,62,0.234873,0.5027106585146079
4337,VVLGLATSPTAEGGK,62,0.192958,0.18698181800936198
4338,VVSRLLIPVPFDPPA,62,0.071281,0.19776195509630062
4339,WEQIFSTWLLKPGAG,62,0.20374,0.12969440742037178
4340,WGAIWRIDTPDKLTG,62,0.29224,0.13127704465135778
4341,WGAIWRIDTPEVLKG,62,0.41303,0.27912065503258365
4342,YGIAAENVIDVKLVD,62,0.277204,0.162874114966357
4343,YKDVDKPPFSGMTGC,62,0.0,0.07704316464442854
4344,YTTEGGTKGEAKDVI,62,0.0,0.0743203181627907
4345,LNKIVRMYSPVSILDI,62,0.241148,0.30506694283506297
4346,SPEVIPMFSALSEGAT,62,0.312775,0.2440863006076343
4347,NVTENFNMWKNNMVEQMH,62,0.19073099999999998,0.07479506855704798
4348,SELYLYKVVKIEPLGVAP,62,0.22544099999999997,0.1930376770895803
4349,GEIYKRWIILGLNKIVRMY,62,0.06515599999999999,0.10746534555273532
4350,WEALKYLWNLLQYWGQELK,62,0.078124,0.2997584434546175
4351,KRWIILGLNKIVRMYSPTSI,62,0.11843699999999999,0.16057904668735454
4352,LYKYKVVKIEPLGVAPTKAK,62,0.11658199999999999,0.11861329720853311
4353,IMGAVLIWV,63,0.5210819999999999,0.1262165226187537
4354,LLVSGWNSITV,63,0.576242,0.3099835043114785
4355,AEMETESWIVDRQWA,63,0.24041700000000002,0.5763700288326522
4356,AEMVIHHQHVQDCDE,63,0.0,0.24096522916202387
4357,AGWLFHVRGARRSGD,63,0.47100699999999995,0.6032584439483314
4358,AMTDTTPFGQQRVFK,63,0.0,0.5530451306839768
4359,ATPPGTSDEFPHSNG,63,0.0,0.5850919145573422
4360,CEHLEDGIYGIFQST,63,0.33824299999999996,0.6880782854620885
4361,CGSYVTKTSGSAASM,63,0.820152,0.9445899125025259
4362,DCRTAFKPVLVDEGR,63,0.46458999999999995,0.7261436941956897
4363,DGGGFYADDTAGWDT,63,0.0,0.632872422920651
4364,DLDDEQEILNYMSPH,63,0.0,0.1975345408312048
4365,DQGCSSALGSGPYGA,63,0.50803,0.8585133483309314
4366,DQRGSGQVVTYALNT,63,0.688783,0.9110533311422614
4367,EEPDDIDCWCYGVEN,63,0.0,0.13185392567124546
4368,EHEILNDSGETVKCR,63,0.512652,0.6285383586213952
4369,EQEILNYMSPHHKKL,63,0.336043,0.27207016110334287
4370,ERIKSEYMTSWFYDN,63,0.472837,0.5726001856675192
4371,FEALGFLNEDHWASR,63,0.349048,0.36234134307210814
4372,FHVRGARRSGDVLWD,63,0.407702,0.4747455338997168
4373,FSSAGGFFTSVGKGI,63,0.8718739999999999,0.9247115202764777
4374,FTQTMKGVERLAVMG,63,0.425996,0.7357281562222142
4375,FYADDTAGWDTRITE,63,0.0,0.5124866042861695
4376,GAMLVGQVTLLDLLK,63,0.45676000000000005,0.9064649942869966
4377,GDSYYYSEPTSENNA,63,0.295669,0.6199555696482993
4378,GETVKCRAPGGAKKP,63,0.15350999999999998,0.7173856024062635
4379,GGVFHTMWHVTRGAF,63,0.440863,0.8703786768526852
4380,GKCDSAGRSRRSRRA,63,0.48326199999999997,0.369661287304802
4381,GKEFIRCLALPFRGY,63,0.0,0.5714287116998602
4382,GKNLVFSPGRKNGSF,63,0.262396,0.5001601192229383
4383,GKTFSVGTGNCTTNI,63,0.654552,0.8123855162713313
4384,GLALSHLNAMSKVRK,63,0.244259,0.8243899636296913
4385,GLCAFLATRIFGRRS,63,0.0,0.8039972865832407
4386,GLFGGLNWITKVIMG,63,0.319755,0.5434587645034901
4387,GLRTLWSPRERLVLT,63,0.265482,0.6271253421429823
4388,GPLDKEAIEERVERI,63,0.0,0.28779052179886605
4389,GPLIEGNTSLLWNGP,63,0.626328,0.7120261587712776
4390,GPLRISASSAAQRRG,63,0.688783,0.898025965014372
4391,GRWDGEEEVQLIAAV,63,0.31133099999999997,0.7857567393627962
4392,GSRAIWYMWLGARYL,63,0.0,0.7579170831729292
4393,GTSDEFPHSNGEIED,63,0.271386,0.4335625390109584
4394,HGVAKNPVVDGNPTV,63,0.0,0.17391448208547933
4395,HTMWHVTRGAFLVRN,63,0.554493,0.8647095081866472
4396,IEEAPEMPALYEKKL,63,0.0,0.4256729650449088
4397,IGKLFTQTMKGVERL,63,0.394264,0.6289000786275247
4398,IHHQHVQDCDESVLT,63,0.33000300000000005,0.21022389566926902
4399,IHLVIHRIRTLIGQE,63,0.254698,0.37858797957359436
4400,IHRIRTLIGQEKYTD,63,0.38138099999999997,0.23063218183625203
4401,INKGILVTVNPIAST,63,0.698876,0.8319766858919007
4402,ISGSSARYDVALSEQ,63,0.6034609999999999,0.6930801649077133
4403,ISRRDQRGSGQVVTY,63,0.585145,0.8328695440282116
4404,KEAIEERVERIKSEY,63,0.0,0.3091912614440835
4405,KEFIRCLALPFRGYL,63,0.0,0.5512561910152651
4406,KGIHTVFGSAFQGLF,63,0.648176,0.9397835100036135
4407,KNPTDTGHGTVVMQV,63,0.723124,0.7117167980835613
4408,KNPVVDGNPTVDIEE,63,0.29481199999999996,0.403250769709403
4409,KRVPMALQHFGWEVM,63,0.43913599999999997,0.5886538936544935
4410,KTKNKTNWKQTWTFK,63,0.0,0.37565927135229416
4411,LAEGIVLASAALGPL,63,0.8718739999999999,0.947207135672603
4412,LDKRQFELYKRTDIV,63,0.406342,0.10194706977054395
4413,LGLTQPFLGLCAFLA,63,0.46862200000000004,0.835410856012326
4414,LLVLAGWLFHVRGAR,63,0.0,0.5606878708239882
4415,LNDSGETVKCRAPGG,63,0.48326199999999997,0.6643031936699362
4416,LNYMSPHHKKLAQAV,63,0.21468,0.33619807028487664
4417,LPQILAECARRRLRT,63,0.347368,0.6779171868094676
4418,LQEIPTMLKKGMTTV,63,0.0,0.42598174374134185
4419,LQYGWKTWGKNLVFS,63,0.29993400000000003,0.38819788777900294
4420,LRLGKEFIRCLALPF,63,0.49043100000000006,0.5433077196868741
4421,LRTLVLAPTRVVLSE,63,0.706274,0.9433083911624612
4422,LSEEKVPWDQVVMTS,63,0.30525599999999997,0.6646660975212715
4423,LSFMDKGIPFMKMNI,63,0.46072700000000005,0.40839299343714525
4424,LVDEERKLHQQGRCR,63,0.0,0.046891207618123334
4425,LWSPRERLVLTLGAA,63,0.455987,0.846701274442545
4426,MFFVKNPTDTGHGTV,63,0.323965,0.5183129399912435
4427,MIPSWASVKEDLVAY,63,0.41032799999999997,0.6082326816481429
4428,MKGVERLAVMGDTAW,63,0.31601,0.8153970321011555
4429,MLGARYLEFEALGFL,63,0.456502,0.6228629849630447
4430,MSIHGKGEWMTTEDM,63,0.392181,0.7048860258508278
4431,MVLAGWLFHVRGARR,63,0.732862,0.6288979226517285
4432,MYMWLGARYLEFEAL,63,0.366498,0.723905768307027
4433,NKTKNKTNWKQTWTF,63,0.321356,0.4352662761672738
4434,NLWKMKTGRRGSANG,63,0.562265,0.39964651705185467
4435,NSYIAEMETESWIVD,63,0.33321100000000003,0.7268636664245984
4436,PFSRIRDGLQYGWKT,63,0.335414,0.4328870715453801
4437,PSWASVKEDLVAYGG,63,0.258315,0.5305786483499525
4438,PTMLKKGMTTVLDFH,63,0.43913599999999997,0.5492748743699072
4439,PTSENNAHHVCWLEA,63,0.399826,0.5063452047320355
4440,PTVDIEEAPEMPALY,63,0.306165,0.5829909657698941
4441,QRMFTREELIHFPEF,63,0.0,0.299256343802946
4442,RERLVLTLGAAMVEI,63,0.695388,0.9256678675194525
4443,RGTHPFSRIRDGLQY,63,0.244571,0.5228817667843351
4444,RLGKEFIRCLALPFR,63,0.0,0.5838378757637666
4445,RMLEPTRVVNWEVII,63,0.377019,0.4821573411502169
4446,RTLIGQEKYTDYLTV,63,0.286943,0.41319032456688753
4447,RVAYGKCDSAGRSRR,63,0.29585,0.3409720244974934
4448,RYLEFEALGFLNEDH,63,0.0,0.6212879244266399
4449,SDQGCSSALGSGPYG,63,0.617078,0.8305388658038692
4450,SEYMTSWFYDNDNPY,63,0.6231399999999999,0.3648930038139731
4451,SGARSNVTFTVNQTS,63,0.504491,0.8276437742518599
4452,SGSAASMVNGVIKIL,63,0.723124,0.8438661018708946
4453,SHLNAMSKVRKDISE,63,0.385359,0.3983255110569763
4454,SNVTFTVNQTSRLLM,63,0.531515,0.868666689434637
4455,SVGTGNCTTNILEAK,63,0.513127,0.7785824727965083
4456,SVKEDLVAYGGSWKL,63,0.0,0.5866158790987294
4457,TARRHLAEGKVDTGV,63,0.293387,0.7758876612849714
4458,TESWIVDRQWAQDLT,63,0.281461,0.45772564804767774
4459,TLTYRMLEPTRVVNW,63,0.387048,0.8292201657917633
4460,TPFSLAEGIVLASAA,63,0.8718739999999999,0.9654311877930188
4461,TRRFLPQILAECARR,63,0.22154899999999997,0.5979887127830916
4462,TRVVLSEMKEAFHGL,63,0.430172,0.544872898051006
4463,VADDLTAAINKGILV,63,0.626328,0.7533937207460168
4464,VAIKGPLRISASSAA,63,0.5647300000000001,0.8949639774419678
4465,VDFGNSYIAEMETES,63,0.0,0.8006612644169203
4466,VDGNPTVDIEEAPEM,63,0.0,0.4672455705006635
4467,VDRDTARRHLAEGKV,63,0.279462,0.5789013117370889
4468,VEIALGGVMGGLWKY,63,0.698876,0.7836444096899077
4469,VLAPTRVVLSEMKEA,63,0.505363,0.8887545169730895
4470,VLAPYMPDVLEKLEL,63,0.688783,0.6154637536226979
4471,VLEKLELLQRRFGGT,63,0.35225100000000004,0.344873990826019
4472,VPTSWVPQGRTTWSI,63,0.706274,0.88746772038723
4473,VTKTSGSAASMVNGV,63,0.820152,0.9102454676780617
4474,VTRMAMTDTTPFGQQ,63,0.405298,0.6215273561491991
4475,WKTWGKNLVFSPGRK,63,0.160334,0.3920952485939605
4476,WSIHGKGEWMTTEDM,63,0.321117,0.6896072255343988
4477,WVPQGRTTWSIHGKG,63,0.617078,0.7158168888779605
4478,YMPDVLEKLELLQRR,63,0.26776500000000003,0.2631907612685773
4479,YYSEPTSENNAHHVC,63,0.309946,0.3889829348926157
4480,AALHPFALLLVLAGWK,63,0.449542,0.8169979529656634
4481,DKGIPFMKMNISVIMK,63,0.253513,0.65065902565412
4482,MYYVSGARSNVTFTVK,63,0.749713,0.8970806253249227
4483,PKQMLVGGVVLLGAMK,63,0.85125,0.8376341940202613
4484,QPFLGLCAFLATRIFK,63,0.5362859999999999,0.8169392804446308
4485,SLLWNGPMAVSMTGVK,63,0.626328,0.9290954257100906
4486,KKEGNTSLLWNGPMAVS,63,0.7102069999999999,0.7807610922486763
4487,KKGLNWITKVIMGAVLI,63,0.7381449999999999,0.8662721143342124
4488,KKITKVIMGAVLIWVGI,63,0.46921199999999996,0.7936759064939625
4489,KKLVGGVVLLGAMLVGQ,63,0.626328,0.8516924966480829
4490,KKPFALLLVLAGWLFHV,63,0.0,0.6200499585190078
4491,KKSGARSNVTFTVNQTS,63,0.500667,0.8940843723121912
4492,KKTLLDLLKLTVAVGLH,63,0.412708,0.7099919893849298
4493,KKVGQVTLLDLLKLTVA,63,0.374753,0.7198887519665396
4494,SGQVVTYALNTITNLKK,63,0.718615,0.9143879297812013
4495,TVFGSAFQGLFGGLNKK,63,0.527533,0.9309416992248861
4496,VLTLGAAMVEIALGGKK,63,0.787187,0.8721298348157435
4497,WLGARYLEFEALGFLKK,63,0.424889,0.6729607007688898
4498,EQEILNYMSPHHKKLHHHHHH,63,0.0,0.09869785024375474
4499,GAGKTRRFLPQILAEHHHHHH,63,0.0,0.2425945844447308
4500,GSRAIWYMWLGARYLHHHHHH,63,0.0,0.4179848476473701
4501,HTMWHVTRGAFLVRNHHHHHH,63,0.445329,0.3755853647728265
4502,IWYMWLGARYLEFEAHHHHHH,63,0.0,0.25559199278847267
4503,MFFVKNPTDTGHGTVHHHHHH,63,0.378228,0.297530072114119
4504,TRRFLPQILAECARRHHHHHH,63,0.0,0.2785791576761937
4505,AEMETESWIVDRQWA,64,0.0,0.35932715354448647
4506,AEMVIHHQHVQDCDE,64,0.3664,0.19674713790773293
4507,AGWLFHVRGARRSGD,64,0.41222700000000007,0.3758306930008695
4508,AMTDTTPFGQQRVFK,64,0.234062,0.4870115872981368
4509,ATPPGTSDEFPHSNG,64,0.258831,0.26783076121146393
4510,CEHLEDGIYGIFQST,64,0.290901,0.3717536724990727
4511,CGSYVTKTSGSAASM,64,0.590489,0.8570443502501967
4512,CTDKMFFVKNPTDTG,64,0.296214,0.19188711307970988
4513,DCRTAFKPVLVDEGR,64,0.602204,0.5591335743051719
4514,DGGGFYADDTAGWDT,64,0.0,0.35789366381658066
4515,DLDDEQEILNYMSPH,64,0.0,0.1852769116910767
4516,DQGCSSALGSGPYGA,64,0.5015029999999999,0.49558998453863035
4517,DQRGSGQVVTYALNT,64,0.356177,0.781606088626034
4518,EEPDDIDCWCYGVEN,64,0.0,0.06877902588860312
4519,EERVERIKSEYMTSW,64,0.331928,0.20483239700782127
4520,EHEILNDSGETVKCR,64,0.31567199999999995,0.24008022387908598
4521,EQEILNYMSPHHKKL,64,0.31555900000000003,0.2833352364691663
4522,ERIKSEYMTSWFYDN,64,0.32754,0.5031956741007103
4523,ERKLHQQGRCRTCVY,64,0.0,0.11589863667430064
4524,FEALGFLNEDHWASR,64,0.0,0.18561219897585782
4525,FHVRGARRSGDVLWD,64,0.21735900000000002,0.2366559972308297
4526,FSSAGGFFTSVGKGI,64,0.617078,0.7957456212652638
4527,FTQTMKGVERLAVMG,64,0.511709,0.3633336879441548
4528,GAAMVEIALGGVMGG,64,0.464309,0.5412189657984094
4529,GAGKTRRFLPQILAE,64,0.407702,0.38550235019633206
4530,GAMLVGQVTLLDLLK,64,0.47253,0.7772240373751007
4531,GCSSALGSGPYGALG,64,0.572545,0.4706517830448639
4532,GDSYYYSEPTSENNA,64,0.21191100000000002,0.3871966674484501
4533,GETVKCRAPGGAKKP,64,0.0,0.35574155908554617
4534,GGVFHTMWHVTRGAF,64,0.5205649999999999,0.8012222431410843
4535,GKCDSAGRSRRSRRA,64,0.0,0.26461226103386665
4536,GKEFIRCLALPFRGY,64,0.432134,0.4076597138277396
4537,GKGEWMTTEDMLEVW,64,0.324211,0.2107767892589832
4538,GKNLVFSPGRKNGSF,64,0.0,0.3747355329692468
4539,GKTFSVGTGNCTTNI,64,0.45420699999999997,0.5451112135317112
4540,GLALSHLNAMSKVRK,64,0.46072700000000005,0.7516877000632067
4541,GLFGGLNWITKVIMG,64,0.0,0.37218225694374807
4542,GPLDKEAIEERVERI,64,0.0,0.08583218682071062
4543,GPLIEGNTSLLWNGP,64,0.40223400000000004,0.42798106688362125
4544,GPLRISASSAAQRRG,64,0.519538,0.8200252924102027
4545,GRTTWSIHGKGEWMT,64,0.278479,0.4349242638056427
4546,GRWDGEEEVQLIAAV,64,0.350512,0.5078691742108398
4547,HGVAKNPVVDGNPTV,64,0.0,0.11584579169150086
4548,HTMWHVTRGAFLVRN,64,0.629629,0.8258893072746724
4549,HVTRGAFLVRNGKKL,64,0.448826,0.5177209025541739
4550,IEEAPEMPALYEKKL,64,0.0,0.3071583761305982
4551,IGKLFTQTMKGVERL,64,0.426554,0.32367282408153253
4552,IHHQHVQDCDESVLT,64,0.160975,0.07549546081137863
4553,IHLVIHRIRTLIGQE,64,0.48535500000000004,0.21998989476614564
4554,IHRIRTLIGQEKYTD,64,0.362398,0.10930531597348972
4555,INKGILVTVNPIAST,64,0.503628,0.7969344114032164
4556,ISGSSARYDVALSEQ,64,0.435569,0.4872834743582371
4557,ISRRDQRGSGQVVTY,64,0.283901,0.5767126894639665
4558,KEFIRCLALPFRGYL,64,0.399407,0.3708372322701247
4559,KGIHTVFGSAFQGLF,64,0.461815,0.8672542551203694
4560,KKGMTTVLDFHPGAG,64,0.43134399999999995,0.35781764657887044
4561,KNPTDTGHGTVVMQV,64,0.45521999999999996,0.5457827233764398
4562,KTKNKTNWKQTWTFK,64,0.0,0.326840334545972
4563,KYSYYPEDPVKLASI,64,0.0,0.3144005197165663
4564,LAEGIVLASAALGPL,64,0.671403,0.920253897593588
4565,LDKRQFELYKRTDIV,64,0.0,0.05087458765531937
4566,LGLTQPFLGLCAFLA,64,0.618556,0.6405242380008375
4567,LLVLAGWLFHVRGAR,64,0.0,0.4353205677160461
4568,LNDSGETVKCRAPGG,64,0.3116,0.27422362737369926
4569,LNYMSPHHKKLAQAV,64,0.261704,0.2671385912411155
4570,LPQILAECARRRLRT,64,0.46291499999999997,0.4233914703797715
4571,LQEIPTMLKKGMTTV,64,0.333416,0.42584472111668226
4572,LQYGWKTWGKNLVFS,64,0.0,0.24604977055642704
4573,LRLGKEFIRCLALPF,64,0.297038,0.4063378754961093
4574,LRTLVLAPTRVVLSE,64,0.642211,0.9296682725244435
4575,LSEEKVPWDQVVMTS,64,0.31149299999999996,0.4395436284972027
4576,LSFMDKGIPFMKMNI,64,0.183879,0.18123057624556582
4577,LTAAINKGILVTVNP,64,0.471918,0.5213813257383715
4578,LVDEERKLHQQGRCR,64,0.0,0.032469584886121804
4579,LWSPRERLVLTLGAA,64,0.334306,0.702451163601235
4580,MFFVKNPTDTGHGTV,64,0.280456,0.2588685205008858
4581,MKGVERLAVMGDTAW,64,0.231267,0.4134961667196726
4582,MLGARYLEFEALGFL,64,0.297084,0.4191850837366939
4583,MSIHGKGEWMTTEDM,64,0.292114,0.4285954892774436
4584,NLWKMKTGRRGSANG,64,0.0,0.2793460689459243
4585,NVYQRGTHPFSRIRD,64,0.418684,0.4221086903164399
4586,PFSRIRDGLQYGWKT,64,0.0,0.1893217035218281
4587,PSWASVKEDLVAYGG,64,0.31754699999999997,0.2097584196545474
4588,PTMLKKGMTTVLDFH,64,0.456244,0.5649123049306262
4589,PTSENNAHHVCWLEA,64,0.27198,0.3298318000390273
4590,PTVDIEEAPEMPALY,64,0.20726999999999998,0.3565430376990542
4591,QRMFTREELIHFPEF,64,0.0,0.2154920356641832
4592,RERLVLTLGAAMVEI,64,0.6127779999999999,0.8095628457565622
4593,RLGKEFIRCLALPFR,64,0.0,0.3547400690949524
4594,RMLEPTRVVNWEVII,64,0.378228,0.4696846118114815
4595,RTLIGQEKYTDYLTV,64,0.248348,0.1594065220329112
4596,RVAYGKCDSAGRSRR,64,0.0,0.15999331041907686
4597,RYLEFEALGFLNEDH,64,0.0,0.4031486065417148
4598,SAFQGLFGGLNWITK,64,0.172069,0.42325859612412986
4599,SEYMTSWFYDNDNPY,64,0.45753999999999995,0.2568596394812441
4600,SGARSNVTFTVNQTS,64,0.55084,0.751840621016805
4601,SGSAASMVNGVIKIL,64,0.5689890000000001,0.7501969336797701
4602,SNVTFTVNQTSRLLM,64,0.557524,0.8898778691854115
4603,SVGTGNCTTNILEAK,64,0.384171,0.5299953716200129
4604,SVKEDLVAYGGSWKL,64,0.319052,0.3290198877058269
4605,TARRHLAEGKVDTGV,64,0.0,0.2161193562261716
4606,TESWIVDRQWAQDLT,64,0.0,0.25560033033865565
4607,TLTYRMLEPTRVVNW,64,0.579116,0.8703270781307525
4608,TPFSLAEGIVLASAA,64,0.574375,0.8744281755979011
4609,TRVVLSEMKEAFHGL,64,0.389142,0.37530103342647253
4610,VADDLTAAINKGILV,64,0.26392600000000005,0.48284430821332036
4611,VAIKGPLRISASSAA,64,0.618556,0.7821093055619079
4612,VDFGNSYIAEMETES,64,0.41902700000000004,0.6011654724701417
4613,VDGNPTVDIEEAPEM,64,0.0,0.19510491930277707
4614,VDRDTARRHLAEGKV,64,0.0,0.2625823817755829
4615,VLAPTRVVLSEMKEA,64,0.5205649999999999,0.8453792516245194
4616,VLAPYMPDVLEKLEL,64,0.43056099999999997,0.43876008246058495
4617,VLEKLELLQRRFGGT,64,0.263669,0.1345712882491389
4618,VPTSWVPQGRTTWSI,64,0.496197,0.837528565183994
4619,VTKTSGSAASMVNGV,64,0.5647300000000001,0.8274892308116341
4620,VTRMAMTDTTPFGQQ,64,0.397206,0.661709499212008
4621,WSIHGKGEWMTTEDM,64,0.298709,0.44093696736089866
4622,WVPQGRTTWSIHGKG,64,0.418,0.6303515583639897
4623,YMPDVLEKLELLQRR,64,0.0,0.12785962862816097
4624,YYSEPTSENNAHHVC,64,0.267999,0.2016158865938469
4625,AALHPFALLLVLAGWK,64,0.0,0.7689505007719487
4626,MYYVSGARSNVTFTVK,64,0.600963,0.8942278995407711
4627,PKQMLVGGVVLLGAMK,64,0.5820810000000001,0.8203707083707109
4628,SLLWNGPMAVSMTGVK,64,0.600963,0.9251875057694777
4629,IWYMWLGARYLEFEAKK,64,0.0,0.4668013769582729
4630,KKGLNWITKVIMGAVLI,64,0.541966,0.7615741630984032
4631,KKITKVIMGAVLIWVGI,64,0.38926700000000003,0.7274301746394609
4632,KKLVGGVVLLGAMLVGQ,64,0.548018,0.833412407783941
4633,KKPFALLLVLAGWLFHV,64,0.33219699999999996,0.4702372750116372
4634,KKPFMKMNISVIMLLVS,64,0.437021,0.6302636236742766
4635,KKTLLDLLKLTVAVGLH,64,0.419892,0.5170275090799566
4636,KKVGQVTLLDLLKLTVA,64,0.0,0.4677828252696528
4637,SGQVVTYALNTITNLKK,64,0.45992,0.8007253865747153
4638,TVFGSAFQGLFGGLNKK,64,0.34618699999999997,0.8183576235360756
4639,VLTLGAAMVEIALGGKK,64,0.541966,0.7889233567105598
4640,WLGARYLEFEALGFLKK,64,0.351419,0.3902025381906972
4641,LLVSGWNSITV,65,0.0,0.13744938459345876
4642,AEMETESWIVDRQWA,65,0.0,0.36228860865916496
4643,AEMVIHHQHVQDCDE,65,0.0,0.26236743739061685
4644,AGWLFHVRGARRSGD,65,0.614189,0.36783738542964073
4645,AMTDTTPFGQQRVFK,65,0.185763,0.4751380587399329
4646,ATPPGTSDEFPHSNG,65,0.0,0.2389242591549581
4647,CEHLEDGIYGIFQST,65,0.0,0.3110903720994795
4648,CGSYVTKTSGSAASM,65,0.490804,0.7466095716952573
4649,CTDKMFFVKNPTDTG,65,0.414821,0.15767079615238322
4650,DCRTAFKPVLVDEGR,65,0.6384380000000001,0.5491780215293356
4651,DGGGFYADDTAGWDT,65,0.0,0.32082631029865954
4652,DLDDEQEILNYMSPH,65,0.0,0.1362198596888131
4653,DQGCSSALGSGPYGA,65,0.0,0.3208844348372869
4654,DQRGSGQVVTYALNT,65,0.24691999999999997,0.5862439486646303
4655,EEPDDIDCWCYGVEN,65,0.0,0.0846855287995143
4656,EERVERIKSEYMTSW,65,0.301852,0.2196399090328782
4657,EQEILNYMSPHHKKL,65,0.5210819999999999,0.36382759655833213
4658,ERIKSEYMTSWFYDN,65,0.343792,0.486532246612112
4659,ERKLHQQGRCRTCVY,65,0.0,0.1802196137353827
4660,FEALGFLNEDHWASR,65,0.205546,0.18094507567713172
4661,FHVRGARRSGDVLWD,65,0.5393979999999999,0.303393670881933
4662,FSSAGGFFTSVGKGI,65,0.5019239999999999,0.7355517107121674
4663,FTQTMKGVERLAVMG,65,0.7703369999999999,0.33793355285383914
4664,FYADDTAGWDTRITE,65,0.45521999999999996,0.2215588679882415
4665,GAAMVEIALGGVMGG,65,0.0,0.31884741313045756
4666,GAGKTRRFLPQILAE,65,0.7381449999999999,0.36486166188374664
4667,GAMLVGQVTLLDLLK,65,0.45676000000000005,0.6259398448644444
4668,GDSYYYSEPTSENNA,65,0.0,0.27917096101912336
4669,GETVKCRAPGGAKKP,65,0.327989,0.2924330469349044
4670,GGVFHTMWHVTRGAF,65,0.8984629999999999,0.7739790296087222
4671,GKCDSAGRSRRSRRA,65,0.412708,0.27635652533897254
4672,GKEFIRCLALPFRGY,65,0.43598100000000006,0.41114148657874905
4673,GKGEWMTTEDMLEVW,65,0.166821,0.17782632899943096
4674,GKNLVFSPGRKNGSF,65,0.28835500000000003,0.2733150337360761
4675,GKTFSVGTGNCTTNI,65,0.395857,0.43729093624203946
4676,GLALSHLNAMSKVRK,65,0.528091,0.6197166659601858
4677,GLCAFLATRIFGRRS,65,0.688783,0.8142562475566717
4678,GLFGGLNWITKVIMG,65,0.0,0.4388500188905975
4679,GLRTLWSPRERLVLT,65,0.636608,0.621417119389686
4680,GPLDKEAIEERVERI,65,0.0,0.10087406454121897
4681,GPLRISASSAAQRRG,65,0.48895200000000005,0.6819180957545578
4682,GRTTWSIHGKGEWMT,65,0.706274,0.4388098211179827
4683,GRWDGEEEVQLIAAV,65,0.0,0.31340230056183827
4684,GSRAIWYMWLGARYL,65,0.0,0.5745231936551323
4685,GTSDEFPHSNGEIED,65,0.15471400000000002,0.08455514963996683
4686,HGVAKNPVVDGNPTV,65,0.0,0.10193370346871228
4687,HTMWHVTRGAFLVRN,65,0.718615,0.7959244281592583
4688,HVTRGAFLVRNGKKL,65,0.8344,0.46785892596396267
4689,IEEAPEMPALYEKKL,65,0.0,0.28382372728219724
4690,IGKLFTQTMKGVERL,65,0.48500299999999996,0.3092011400256115
4691,IHHQHVQDCDESVLT,65,0.0,0.07940813532628302
4692,IHLVIHRIRTLIGQE,65,0.7102069999999999,0.40144428619019007
4693,IHRIRTLIGQEKYTD,65,0.405893,0.136630109146632
4694,INKGILVTVNPIAST,65,0.31085,0.5825593168667276
4695,ISGSSARYDVALSEQ,65,0.344866,0.34149827364641455
4696,ISRRDQRGSGQVVTY,65,0.18201900000000001,0.4385956429957739
4697,KEFIRCLALPFRGYL,65,0.502772,0.4576059628281189
4698,KGIHTVFGSAFQGLF,65,0.354108,0.806299609496447
4699,KKGMTTVLDFHPGAG,65,0.330069,0.31484208437176264
4700,KNPTDTGHGTVVMQV,65,0.224334,0.5074082479134127
4701,KNPVVDGNPTVDIEE,65,0.0,0.11426226856317452
4702,KRVPMALQHFGWEVM,65,0.371712,0.46188282017916077
4703,KTKNKTNWKQTWTFK,65,0.33119299999999996,0.2558608723392853
4704,KYSYYPEDPVKLASI,65,0.292551,0.18249228558888902
4705,LAEGIVLASAALGPL,65,0.373587,0.7601290096677025
4706,LDKRQFELYKRTDIV,65,0.247915,0.048566808696963
4707,LGLTQPFLGLCAFLA,65,0.0,0.5991298794681814
4708,LLVLAGWLFHVRGAR,65,0.807811,0.3977148437668309
4709,LNDSGETVKCRAPGG,65,0.362211,0.2245582818050252
4710,LNYMSPHHKKLAQAV,65,0.326523,0.3356378565581879
4711,LPQILAECARRRLRT,65,0.41351499999999997,0.36940073905144644
4712,LQEIPTMLKKGMTTV,65,0.276765,0.39836148386545284
4713,LQYGWKTWGKNLVFS,65,0.650253,0.2563821504912616
4714,LRLGKEFIRCLALPF,65,0.0,0.3731588138059329
4715,LRTLVLAPTRVVLSE,65,0.606029,0.908024591437534
4716,LSEEKVPWDQVVMTS,65,0.364187,0.41668566062989804
4717,LSFMDKGIPFMKMNI,65,0.0,0.2172204665894721
4718,LVDEERKLHQQGRCR,65,0.0,0.0536704632379381
4719,LWSPRERLVLTLGAA,65,0.365239,0.5028417197494818
4720,MFFVKNPTDTGHGTV,65,0.269865,0.2520012975054993
4721,MKGVERLAVMGDTAW,65,0.0,0.30798450454118675
4722,MLGARYLEFEALGFL,65,0.0,0.3408662506918721
4723,MSIHGKGEWMTTEDM,65,0.0,0.48377336663854226
4724,NLWKMKTGRRGSANG,65,0.332399,0.3172476459372879
4725,NVYQRGTHPFSRIRD,65,0.0,0.46023687776628563
4726,PFSRIRDGLQYGWKT,65,0.272825,0.17020204949310572
4727,PSWASVKEDLVAYGG,65,0.21361100000000002,0.17458308330622122
4728,PTMLKKGMTTVLDFH,65,0.373798,0.4931129403937088
4729,PTSENNAHHVCWLEA,65,0.347527,0.38397180880389037
4730,PTVDIEEAPEMPALY,65,0.0,0.25672831009597197
4731,QRMFTREELIHFPEF,65,0.245567,0.2588021444773823
4732,RERLVLTLGAAMVEI,65,0.510312,0.5905134620286385
4733,RGTHPFSRIRDGLQY,65,0.366888,0.34569081222041254
4734,RLGKEFIRCLALPFR,65,0.0,0.41134540475789
4735,RMLEPTRVVNWEVII,65,0.33939899999999995,0.5019871598839035
4736,RTLIGQEKYTDYLTV,65,0.26571100000000003,0.11499771756191585
4737,RVAYGKCDSAGRSRR,65,0.0,0.1248868666976707
4738,RYLEFEALGFLNEDH,65,0.0,0.3751619341078104
4739,SAFQGLFGGLNWITK,65,0.23718499999999998,0.3244825018423475
4740,SARYDVALSEQGEFK,65,0.0,0.30308861570997264
4741,SEYMTSWFYDNDNPY,65,0.329872,0.25456356238869887
4742,SGARSNVTFTVNQTS,65,0.541966,0.7081657055020714
4743,SGSAASMVNGVIKIL,65,0.43913599999999997,0.4483555203505356
4744,SHLNAMSKVRKDISE,65,0.28881599999999996,0.2070456901108131
4745,SNVTFTVNQTSRLLM,65,0.663802,0.8899507609011477
4746,SVGTGNCTTNILEAK,65,0.0,0.5022220708675689
4747,SVKEDLVAYGGSWKL,65,0.40679299999999996,0.23091125479281094
4748,TARRHLAEGKVDTGV,65,0.0,0.16910349229696858
4749,TESWIVDRQWAQDLT,65,0.26086,0.28934365757538844
4750,TLTYRMLEPTRVVNW,65,0.663802,0.874868859633412
4751,TPFSLAEGIVLASAA,65,0.0,0.6997089644762592
4752,TRRFLPQILAECARR,65,0.648176,0.36158377871425884
4753,TRVVLSEMKEAFHGL,65,0.213928,0.3758194224617095
4754,VADDLTAAINKGILV,65,0.314276,0.2878638905752298
4755,VAIKGPLRISASSAA,65,0.5530149999999999,0.6588207960018743
4756,VDFGNSYIAEMETES,65,0.26564499999999996,0.5328096250998201
4757,VDGNPTVDIEEAPEM,65,0.0,0.2007364423301345
4758,VDRDTARRHLAEGKV,65,0.0,0.15132674144056213
4759,VLAPTRVVLSEMKEA,65,0.394264,0.7876782478473459
4760,VLAPYMPDVLEKLEL,65,0.283742,0.41534389889377116
4761,VLEKLELLQRRFGGT,65,0.49942600000000004,0.1362868908626677
4762,VPTSWVPQGRTTWSI,65,0.5530149999999999,0.7879399751560017
4763,VTKTSGSAASMVNGV,65,0.41351499999999997,0.6029624152118092
4764,VTRMAMTDTTPFGQQ,65,0.22259099999999998,0.687045357630015
4765,WKTWGKNLVFSPGRK,65,0.589395,0.35469320211748956
4766,WSIHGKGEWMTTEDM,65,0.151279,0.49305374642908767
4767,WVPQGRTTWSIHGKG,65,0.718615,0.6077116563587397
4768,YMPDVLEKLELLQRR,65,0.0,0.09933959614178928
4769,YYSEPTSENNAHHVC,65,0.22473200000000002,0.24818257715348893
4770,AALHPFALLLVLAGWK,65,0.0,0.59506675540645
4771,MYYVSGARSNVTFTVK,65,0.5820810000000001,0.8677388340500438
4772,PKQMLVGGVVLLGAMK,65,0.0,0.6407528234255764
4773,QPFLGLCAFLATRIFK,65,0.58619,0.5893932842767028
4774,SLLWNGPMAVSMTGVK,65,0.339036,0.8927438489660249
4775,IWYMWLGARYLEFEAKK,65,0.679685,0.4598449591687997
4776,KKGLNWITKVIMGAVLI,65,0.5226529999999999,0.6254792852203607
4777,KKLVGGVVLLGAMLVGQ,65,0.0,0.6994519148440427
4778,KKPFALLLVLAGWLFHV,65,0.0,0.3536369968145799
4779,KKPFMKMNISVIMLLVS,65,0.0,0.5927064047008955
4780,KKTLLDLLKLTVAVGLH,65,0.387048,0.4123359411857343
4781,KKVGQVTLLDLLKLTVA,65,0.33853,0.3841068936567047
4782,NSYIAEMETESWIVDKK,65,0.226174,0.44235030072630227
4783,SGQVVTYALNTITNLKK,65,0.45420699999999997,0.6335348973865774
4784,TVFGSAFQGLFGGLNKK,65,0.0,0.7527917668806022
4785,VLTLGAAMVEIALGGKK,65,0.473146,0.5030540108726796
4786,WLGARYLEFEALGFLKK,65,0.276066,0.3386565003516518
4791,AAAAAVAAEAY,67,0.778379,0.2994289837324299
4792,MSSGSFINISV,67,0.6140770000000001,0.06203525613954411
4793,GVTYEIDLTNKN,67,0.0,0.04733676486973114
4794,DMTPADALDDFDL,67,0.0,0.25983518128371524
4795,SPEVIPMFSALSE,67,0.42435900000000004,0.24626330619871617
4796,NTSYRLISCNTSVI,67,0.348429,0.2028289370476159
4797,YARFQRQTTLKAAA,67,0.0,0.47070064408373147
4798,ALRVIAGALEVHAVK,67,0.608835,0.5749201781620117
4799,AVFEAALTKAITAMS,67,0.529667,0.7465276734665124
4800,CDGERPTLAFLQDVM,67,0.0,0.3906273323905408
4801,DIKVQFQSGGNNSPA,67,0.0,0.6068346826726646
4802,DLVANQPNLKALREK,67,0.15322,0.21393803018655297
4803,EEDIEIIPPIQEEEY,67,0.0,0.41614905473552627
4804,EEFVSLASRFLVEED,67,0.466314,0.43524371262158534
4805,EFVTLAAKFIIEEDS,67,0.525555,0.5651725506373769
4806,EVVKANGGYLAAGKL,67,0.916243,0.3356144499842424
4807,FAVATITHAAELQRV,67,0.749414,0.7813307872190284
4808,FPPNGTHSWEYWGAQ,67,0.159652,0.48628017699423687
4809,FVNQHLCGSHLVEAL,67,0.174528,0.3811607884872965
4810,GELEFEEFVSLASRF,67,0.17123,0.5041233052305558
4811,GLVPKLDAAYSVAYK,67,0.43126400000000004,0.5835578955176082
4812,HMAKEDLVANQPNLK,67,0.032108,0.08915577938852925
4813,ISDFRAAIANYHYDA,67,0.757135,0.6071140301613482
4814,KDILEDERAAVDTYC,67,0.239558,0.1537209528285875
4815,MGRDIKVQFQSGGAN,67,0.090212,0.6335442910713743
4816,PEQIQLLKKAFDAFD,67,0.154327,0.10004848360245458
4817,PLYKLVHVFINTQYA,67,0.389464,0.26876450073304436
4818,PSMGRDIKVQFQSGG,67,0.11377000000000001,0.4176687399932556
4819,QPNLKALREKVLGLP,67,0.08884600000000001,0.05844348204666902
4820,RLEFDEFVTLAAKFI,67,0.356433,0.45398212237503643
4821,SGTVDFDEFMEMMTG,67,0.14267,0.31074831231750527
4822,TKKFDEVVKANGGYL,67,0.18471400000000002,0.14777199799609916
4823,WGAIWRIDTPEVLKG,67,0.408954,0.2194542572204723
4824,YPFIEQEGPEFFDQE,67,0.179741,0.43466583562680494
4825,LNKIVRMYSPVSILDI,67,0.368848,0.6787272677644863
4826,SPEVIPMFSALSEGAT,67,0.5966130000000001,0.7406108822685062
4827,YAHAAHAAHAAHAAHAA,67,0.702501,0.11931714322218584
4828,AAREAEQWRAYLEGLCVE,67,0.10379000000000001,0.47492479496601153
4829,FESTGNLIAPEYGFKISY,67,0.0,0.5594788617299586
4830,NVTENFNMWKNNMVEQMH,67,0.395298,0.17765797392697297
4831,SELYLYKVVKIEPLGVAP,67,0.28821199999999997,0.4611693237160513
4832,GEIYKRWIILGLNKIVRMY,67,0.374823,0.35682575707613834
4833,KLPKPPKPVSKMRMATPLL,67,0.0,0.7277371860435025
4834,WEALKYLWNLLQYWGQELK,67,0.395624,0.4198290389417386
4835,KRWIILGLNKIVRMYSPTSI,67,0.421695,0.517616469624275
4836,LYKYKVVKIEPLGVAPTKAK,67,0.657226,0.46345450476146915
4837,EALYLVCGE,68,0.543277,0.03007679164050984
4838,DMTPADALDD,68,0.198278,0.08830394397954593
4839,EIVDLMCHAT,68,0.0,0.018305374300246233
4840,EVDMTPADAL,68,0.091794,0.054097095313263024
4841,AAAAAVAAEAY,68,0.505106,0.13150056358422574
4842,KMMGVPLQCSA,68,0.200741,0.023905961226890093
4843,LVEALYLVCGE,68,0.43639700000000003,0.1423189886381668
4844,MSSGSFINISV,68,0.251843,0.021853499076562075
4845,DPEDSALLEDPA,68,0.566948,0.4028199598956265
4846,EDPEDSALLEDP,68,0.387644,0.4152004645577353
4847,EDSALLEDPAGT,68,0.387488,0.23221948074467075
4848,ELVPEDPEDSAL,68,0.36646100000000004,0.17329200450217297
4849,GVTYEIDLTNKN,68,0.039791,0.04783924265081995
4850,LVPEDPEDSALL,68,0.586681,0.1494524152561057
4851,NPGLIIGALAGS,68,0.297102,0.05092286453501616
4852,PEDPEDSALLED,68,0.574512,0.4533948994965413
4853,PEDSALLEDPAG,68,0.21986399999999998,0.18757844566808524
4854,PELVPEDPEDSA,68,0.576256,0.1071999714928014
4855,PGLIIGALAGST,68,0.279565,0.04026473198283135
4856,VPEDPEDSALLE,68,0.363677,0.23821053060744687
4857,DMTPADALDDFDL,68,0.432658,0.5416051175738242
4858,LVEALYLVCGEEG,68,0.9565610000000001,0.283485392048788
4859,LVEALYLVCGERG,68,0.783562,0.1689514022766232
4860,SPEVIPMFSALSE,68,0.36333200000000004,0.2947888195428706
4861,EAMSQANSAILMQR,68,0.32309899999999997,0.24039706580968734
4862,EEDIEIKPIQEEEY,68,0.775979,0.9350082217454211
4863,KPLLIIAEDVEGEY,68,0.5171479999999999,0.5090944342879855
4864,LDHILEPSIPYKSK,68,0.049051,0.0770554237674468
4865,MLFRILSLNLIKIK,68,0.258036,0.06273423935666159
4866,NTSYRLISCNTSVI,68,0.0,0.04917442266727796
4867,PLYRYLGGCFACSL,68,0.183028,0.0817287284541547
4868,YARFQRQTTLKAAA,68,0.0,0.05198731510653634
4869,YIPPSLRTLEDNEE,68,0.0,0.14451991570204148
4870,AAAAPAAVGAAVGGT,68,0.176945,0.12418769763118342
4871,AAAGLAAAAPLESRQ,68,0.44778199999999996,0.358749024591198
4872,AAGAQLLWQLPLLSI,68,0.362439,0.143022799728733
4873,AAGDFWGGAGSAACQ,68,0.299867,0.09509113707157825
4874,AAGVAAWSLIALMIP,68,0.195832,0.3668352909150782
4875,AAIVNKLKAILVDLE,68,0.119342,0.20275205715363787
4876,AALPLLFFALAGQRI,68,0.27565,0.195428719466237
4877,AAPEAARSLASSLPG,68,0.502754,0.33581384785195073
4878,AAPLSWSKDIYNYME,68,0.08236900000000001,0.07057321577956266
4879,AASDFWGGAGSAACQ,68,0.336706,0.1157709356070948
4880,AASGADGTYDITKLG,68,0.100356,0.10665068263559269
4881,AAVELARALVRAVAE,68,0.46755399999999997,0.44440137397881596
4882,ADNSLDYAANFSHML,68,0.12448800000000002,0.20288938909801232
4883,ADVQYDLYLNVANRR,68,0.199104,0.18460804660190816
4884,AELMILIATNLLGQN,68,0.23297199999999998,0.2276076458399766
4885,AFEGVFGHLAATAVP,68,0.252919,0.36194064318623076
4886,AFMLAWNYGVPRVMS,68,0.27781300000000003,0.24820483516132716
4887,AGALEVHAVKPVTEE,68,0.352962,0.13293051397840958
4888,AGAWRTAAVELARAL,68,0.539111,0.5072459905645351
4889,AGRFEVHAQTVEDEA,68,0.47310699999999994,0.38112113521899904
4890,AGWDTVLQSITTILA,68,0.140514,0.1639315118669617
4891,AHARSYQTLSTQAAA,68,0.221446,0.12272237478485262
4892,AINIFNVEKYGAVGD,68,0.23164099999999999,0.26950947995116836
4893,AKPDGKTDCTKEVEE,68,0.085824,0.14005084578402344
4894,ALKESWGAIWRIDTP,68,0.14665799999999998,0.17472709830613437
4895,ALLPRAGAAAAAALP,68,0.373094,0.08604944310386131
4896,ALQSHDDVALVSVMW,68,0.477854,0.2633689204450602
4897,ALRVIAGALEVHAVK,68,0.23369499999999999,0.3362718264227763
4898,ALSDADWHFIADPAS,68,0.241458,0.2872973639738255
4899,ALSDPYLSFAAALNG,68,0.384858,0.2742681102676307
4900,ALTKAITAMSEVQKV,68,0.295856,0.4287863782528414
4901,APGAAAAPLSWSKDI,68,0.37655,0.19630210257459482
4902,AQAVYDFRSIVDYLR,68,0.328534,0.14327140327842622
4903,AQIYQAVSAQAAAIH,68,0.151838,0.20716184199488752
4904,AQVRADRILALDADP,68,0.404979,0.1654940608694642
4905,ARRRRASEAPPTSHR,68,0.0,0.19988515361496223
4906,ARWVYFLTRMRNPTG,68,0.0,0.0802037822823831
4907,ASAAILGHDGTVWAQ,68,0.21548699999999998,0.17544841587682045
4908,ASEAPPTSHRRASRQ,68,0.10631199999999999,0.25271701226476767
4909,ASNPNYLAILVKYVD,68,0.347919,0.10488714673798444
4910,ATPPPPPPPQLGASP,68,0.250184,0.006180165454149907
4911,ATSPTAEGGKATTEE,68,0.355665,0.32113378773715695
4912,ATTANVPPADKYKTF,68,0.200169,0.05890166806524821
4913,AVFEAALTKAITAMS,68,0.23284699999999997,0.27284489638655307
4914,AVFEAALTKAITAMT,68,0.08728999999999999,0.2559420707255566
4915,AVHVWLRLPAGRVEI,68,0.21561599999999997,0.16339698042444872
4916,AVIRGKKGAGGITIK,68,0.0135,0.012365875373369476
4917,AVMLTFDNAGMWNVR,68,0.276542,0.21059217968870672
4918,AWASACGGTGKNTIV,68,0.027082,0.10344217054331996
4919,AWMSAAATQAEQAAT,68,0.198897,0.4548498835432371
4920,AYGSFVRTVSLPVGA,68,0.135392,0.23683264779752447
4921,AYSDDKSMKVTVAFN,68,0.361256,0.07120970433093797
4922,AYVATVSEALRIIAG,68,0.316632,0.34807614939957016
4923,CADILAIASRVLVTM,68,0.242522,0.5398644088325559
4924,CDASILIDPLSNQSA,68,0.429037,0.30075110695918456
4925,CDGERPTLAFLQDVM,68,0.580458,0.23045523828071432
4926,CFWYIPPSLRTLEDN,68,0.0,0.12890914453490937
4927,CGGTGKNTIVIPKGD,68,0.024587,0.03191742744070705
4928,CGYKDVDKPPFDGMT,68,0.049172,0.060503497259004974
4929,CIEYVTLNASQYANC,68,0.387002,0.23726205575774612
4930,DALTLRTATNIWIDH,68,0.5981920000000001,0.11765761230577733
4931,DCSEYPKPDCTAEDR,68,0.138766,0.09386105944512207
4932,DDRITKARWVYFLTR,68,0.208668,0.060590082221292335
4933,DEARRMWASAQNISG,68,0.12153399999999999,0.23742055749264038
4934,DEPMVQVEAGKVNHS,68,0.0,0.08394633301865849
4935,DESWQQFRQELIPLL,68,0.258405,0.13598121727335108
4936,DGQGKAVWGKNSCAK,68,0.0,0.04005504086163739
4937,DHTNFKYNYSVIEGG,68,0.265994,0.15605066815622173
4938,DIDLGRNEVVNDVST,68,0.445655,0.2479758014686105
4939,DIFTNSRGKRASKGN,68,0.0,0.07814111831804636
4940,DIKVQFQSGGNNSPA,68,0.133786,0.12981400421745468
4941,DINASFRAAMATTAN,68,0.364644,0.31868057182011883
4942,DITVKNCVLKKSTNG,68,0.0,0.020809540258188618
4943,DKISDVSTIVPYIGP,68,0.43373199999999995,0.14995507183944334
4944,DKKCIEWEKAQHGAC,68,0.37911100000000003,0.15811194216466348
4945,DKLTGPFTVRYTTEG,68,0.094925,0.10829849076638993
4946,DKVYEILKINSVKYY,68,0.175173,0.06357812606467692
4947,DLVANQPNLKALREK,68,0.24863400000000002,0.060406676623280586
4948,DRASYRAHWQDDDVT,68,0.234981,0.12230167312604072
4949,DVFYNGAYFVSSGKY,68,0.386536,0.17061142435795135
4950,DVLSQPMLPHTWDGS,68,0.0,0.04366032403858437
4951,EAAFNKAIKESTGGA,68,0.279115,0.15993175020488834
4952,EDPLFQLVSKLYEVV,68,0.203575,0.16119981433961061
4953,EEDIEIIPPIQEEEY,68,0.718615,0.92946595189839
4954,EEFVSLASRFLVEED,68,0.452842,0.3838778755051343
4955,EEVDMTPADALDDFD,68,0.566487,0.4323924281442009
4956,EFIPMKSSWGAIWRI,68,0.067094,0.18413367254922616
4957,EFVTLAAKFIIEEDS,68,0.19125799999999998,0.37981367935255206
4958,EGHHLASAAIFGHDG,68,0.422046,0.24969187846745705
4959,EGHHLASAAILGHDG,68,0.262561,0.21957773346984397
4960,EHELYVAVLSNALHR,68,0.350238,0.3539763528863502
4961,EITGIMKDFDEPGHL,68,0.166904,0.07879766393810955
4962,EKKYFAAFQFEPLAA,68,0.23035799999999998,0.5954550219360517
4963,EKKYFAALQFEPLAA,68,0.422378,0.4912910109474957
4964,EKKYFAARQFEPLAA,68,0.23101100000000002,0.2585082341372049
4965,EKKYFAATEFEPLAA,68,0.526094,0.5183863136891836
4966,EKKYFAATKFEPLAA,68,0.250734,0.3170104420757442
4967,EKKYFAATQAEPLAA,68,0.413042,0.46982440676251797
4968,EKKYFAATQCEPLAA,68,0.393227,0.286250359215999
4969,EKKYFAATQDEPLAA,68,0.304294,0.4188923427204918
4970,EKKYFAATQEEPLAA,68,0.36885,0.5240807706636482
4971,EKKYFAATQGEPLAA,68,0.29472,0.2864145184855933
4972,EKKYFAATQHEPLAA,68,0.177749,0.2396871571354903
4973,EKKYFAATQIEPLAA,68,0.379173,0.5121669869312704
4974,EKKYFAATQKEPLAA,68,0.29590500000000003,0.18802337985109727
4975,EKKYFAATQLEPLAA,68,0.363254,0.40215714330353397
4976,EKKYFAATQMEPLAA,68,0.356617,0.36242080463550624
4977,EKKYFAATQNEPLAA,68,0.271204,0.28480385290807403
4978,EKKYFAATQPEPLAA,68,0.326131,0.3169772172467978
4979,EKKYFAATQQEPLAA,68,0.299252,0.2817199545556751
4980,EKKYFAATQREPLAA,68,0.23439899999999997,0.28183035289960046
4981,EKKYFAATQSEPLAA,68,0.449504,0.33101210373361406
4982,EKKYFAATQTEPLAA,68,0.37246,0.3115180798432395
4983,EKKYFAATQVEPLAA,68,0.43890100000000004,0.4915677590002512
4984,EKKYFAATQWEPLAA,68,0.380148,0.28181422219037683
4985,EKKYFAATQYEPLAA,68,0.361148,0.2715001762757629
4986,EKKYFAATWFEPLAA,68,0.387438,0.5391375162122849
4987,EKKYFACTQFEPLAA,68,0.308725,0.5255019502012587
4988,EKKYFAHTQFEPLAA,68,0.303109,0.24411721380599982
4989,EKKYFANTQFEPLAA,68,0.295245,0.29806298008631826
4990,EKKYFATTQFEPLAA,68,0.370327,0.27974821960215557
4991,ELAAVSVDCSEYPKP,68,0.285637,0.6395529146013423
4992,ELKESWGAIWRIDTP,68,0.296819,0.17472709830613437
4993,ELYKYKVVKIEPLGV,68,0.22198099999999998,0.06276835649714334
4994,EPAYFATAESVRDHL,68,0.40975,0.5599360574187712
4995,EQCGRQAGGKLCPNN,68,0.0,0.0461955958177463
4996,ERMSRLSKVAPVIKA,68,0.0,0.11117799580171057
4997,ESLHNPYPDYHWLRT,68,0.010974,0.03603423711572457
4998,ESTGGAYDTYKSIPS,68,0.172046,0.1426457624929895
4999,ESWGAVWRIDTPDKL,68,0.193987,0.19839214893995324
5000,EVDMTPADALDDFDL,68,0.758699,0.4024308124985908
5001,EVLGFRMVQDERVGR,68,0.17769300000000002,0.1335739976083671
5002,EVVKANGGYLAAGKL,68,0.14498,0.10404266985510119
5003,EVYEARLTKFKYLAG,68,0.12324,0.041653083609366
5004,EYIEAAKWLLPPPKV,68,0.30822,0.1706165309348045
5005,EYLNKIQNSLSTEWS,68,0.311965,0.17969593244068718
5006,FAVATITHAAELQRV,68,0.386991,0.42593363588301614
5007,FDHEFTFGWDELLSK,68,0.41529499999999997,0.45695297831546894
5008,FDKYGATISATPESA,68,0.567358,0.7795190741190234
5009,FDPKGATISATPESA,68,0.532601,0.6876822476437515
5010,FDPYGATIKATPESA,68,0.49684799999999996,0.5186646114200567
5011,FDPYGATISATKESA,68,0.426914,0.5873538854253832
5012,FDPYGATISATPEKA,68,0.657501,0.663661673806444
5013,FDPYGATISATPESA,68,0.659107,0.7932369802042954
5014,FDPYGATISATPESK,68,0.566271,0.6644334706430812
5015,FDPYGATISATPKSA,68,0.361865,0.48081429438676804
5016,FDREFTFGWDELLSK,68,0.37539,0.2653407027543229
5017,FEAAFNDAIKASTGG,68,0.22190100000000001,0.39957710158147497
5018,FKPYGATISATPESA,68,0.546355,0.7932369802042954
5019,FLAVAVVLGLATSPT,68,0.376609,0.12325078560623487
5020,FLFQRAVAREAIIAL,68,0.18650899999999998,0.34732805251512594
5021,FPPNGTHSWEYWGAQ,68,0.140296,0.12545102534974603
5022,FQQDKHYDLSYDTGD,68,0.0,0.07962850212669066
5023,FTSLEYIEAAKWLLP,68,0.18676700000000002,0.2861860308188291
5024,FVNQHLCGSHLVEAL,68,0.06364199999999999,0.08311677745138564
5025,FVVTGRVYCDPCRAG,68,0.07764800000000001,0.10625389075174359
5026,GAVDIINKWQVVAPQ,68,0.102559,0.17075680931334336
5027,GAYFVSSGKYEGGNI,68,0.016114,0.16898057414764245
5028,GELEFEEFVSLASRF,68,0.20260899999999998,0.5401245635177183
5029,GEVEIQFRRVKCKYP,68,0.10416600000000001,0.0916400626260568
5030,GEVLNALAYDVPIPG,68,0.41372,0.29778679815566095
5031,GGACGYKDVDKPPFS,68,0.052722000000000005,0.040926425252466335
5032,GGGFGMLLRKYGIAA,68,0.037181,0.06617615075566523
5033,GGSILKISNKFHTKG,68,0.043312,0.02963114293702883
5034,GGSILKISNKYHTKG,68,0.050098000000000004,0.03336771429301451
5035,GHAYLLLPNTESARK,68,0.369343,0.1472774767909213
5036,GKGTLDGQGKAVWGK,68,0.0,0.03048827595142938
5037,GKIDFLNNYALFLSP,68,0.8384149999999999,0.13772078027444729
5038,GLSGEPKGGAESSSK,68,0.26321700000000003,0.04483281455338912
5039,GLVPKLDAAYSVAYK,68,0.283511,0.2657074740847999
5040,GMTGMLWETSLLDPE,68,0.252777,0.5745556474448251
5041,GNIVAVDIKPKDSDE,68,0.144563,0.09308531164128137
5042,GPPVEASAAALAGDA,68,0.49577,0.5173750277286359
5043,GRKRPIVRILRRVHH,68,0.18015799999999998,0.03297787031839204
5044,GTKGEAKDVIPEGWK,68,0.087461,0.11440436201490074
5045,GVLKNEFMSLAFDYW,68,0.415549,0.20672201178556038
5046,GWIISNIFGAIPVLA,68,0.37365,0.2030033572884254
5047,GWIISNIFGAIPVLG,68,0.213473,0.17823539062075008
5048,HAYYLQYKNVRPDYL,68,0.142124,0.05600026078547379
5049,HDYEGLSYRSLQPET,68,0.28223000000000004,0.23019825106905234
5050,HFSNVFRSVMAPFTM,68,0.324355,0.23663987916153117
5051,HGRQIRMAKLLGRDP,68,0.174309,0.03491351598501284
5052,HMAKEDLVANQPNLK,68,0.044829,0.054380574527152635
5053,HSLLRTQRLHKFLVC,68,0.135974,0.043656049284015994
5054,HSRNLINELSERMAG,68,0.143262,0.19169183019955596
5055,IAAMMTSPLSVASMT,68,0.138222,0.30178558399336963
5056,IAIAFLSVSNNYEYI,68,0.385575,0.21105834595354772
5057,IASLFAAAGLAAAAP,68,0.259713,0.23978194972149336
5058,IEFRFYKEITNVFRG,68,0.268394,0.19155913526755225
5059,IGPEAAEAAAAAPAA,68,0.210601,0.7350074028344351
5060,IGRIAETILGYNPSA,68,0.14385699999999998,0.22563700394453376
5061,IGSYVAFLSQTFAFI,68,0.016122,0.2477924430280233
5062,IHKASTVLAFPAGVC,68,0.284982,0.19873329170592596
5063,IIELFTAKGFTVQEM,68,0.512936,0.14570378968051753
5064,IITPTNVSHIQSAVV,68,0.11678499999999999,0.15397720599406295
5065,IMRIKKLTITGKGTL,68,0.0,0.02307863815833256
5066,INLIIHYVDRPGALG,68,0.070484,0.09622133374036196
5067,IPKGDFLTGPLNFTG,68,0.103065,0.11424119276654204
5068,IPVMAYLVGLFAWVL,68,0.1416,0.27458890001821895
5069,IQNSLSTEWSPCSVT,68,0.174674,0.22422742208525434
5070,ISATPEWATPFPHRK,68,0.42144799999999993,0.40451043610293547
5071,ISDFRAAIANYHYDA,68,0.395464,0.37434286627439023
5072,ISGLKPGVDYTITVY,68,0.25156799999999996,0.07227154087202177
5073,ITAMSEVQKVSQPAT,68,0.23726399999999997,0.16592819677103865
5074,IVLNHMTGAQSGKGT,68,0.165404,0.10334505228972696
5075,KAIKESTGGAYDTYK,68,0.192436,0.10652249627194518
5076,KASNPNYLAILVKYV,68,0.198304,0.03412352930494989
5077,KCKYPEGTKVTFHVE,68,0.279007,0.06870729834392295
5078,KDILEDERAAVDTYC,68,0.599039,0.20967308879279584
5079,KDKWIELKESWGAIW,68,0.060359,0.0670874323996022
5080,KDPYGATISATPESA,68,0.558487,0.7932369802042954
5081,KEVEEAWASACGGTG,68,0.292126,0.5181617022812418
5082,KEYTFPITLSSTSNP,68,0.0,0.2985231144387258
5083,KFTQFAGKDLESIKG,68,0.049803,0.13322159837635797
5084,KFVDSTVVASVTIID,68,0.18153,0.32501446602284795
5085,KGKDKWIELKESWGA,68,0.065482,0.09517037710508064
5086,KGSNDHYLALLVKYA,68,0.188255,0.14302770912351065
5087,KHLAVLVKYEGDTMA,68,0.24603899999999998,0.10488921992335412
5088,KIEIDQDHQEEICEV,68,0.319888,0.26899916031704724
5089,KKGAGGITIKKTGQA,68,0.047021,0.049360625510151204
5090,KLCPNNLCCSQWGWC,68,0.0,0.06436893947813627
5091,KLKIQNVIIDECYGA,68,0.230712,0.09885156819906092
5092,KLPWKNESSIKVIKQ,68,0.07831,0.04281469773028216
5093,KLTITGKGTLDGQGK,68,0.0,0.03641718541498167
5094,KMPMYIAGYKTFDGR,68,0.166911,0.06415316826739004
5095,KNTIVIPKGDFLTGP,68,0.087033,0.042485826841749126
5096,KPPFSGMTGCGNTPI,68,0.042275,0.022452383365695716
5097,KSIIKARVVWKAIIE,68,0.154673,0.06624542694936005
5098,KSMKVTVAFNQFGPN,68,0.363883,0.10644007887652232
5099,KSTNGLRIKSYEDAK,68,0.037620999999999995,0.0422796034791806
5100,KTDCTKEVEEAWASA,68,0.36995,0.4619120440937543
5101,KTVSEGAVDIINKWQ,68,0.304832,0.1857828810454699
5102,KYDAYVATLSEALRI,68,0.44564799999999993,0.5156998846268105
5103,KYKTFEAAFTVSSKR,68,0.17723,0.4745508548066347
5104,LAARADERAAFPDVG,68,0.11765199999999999,0.33516575241595026
5105,LDGNLLSSNDLAKYK,68,0.0,0.14620569548387674
5106,LEAKATFYGSNPRGA,68,0.179848,0.1978025824067351
5107,LEKISNEIKIVATPD,68,0.386508,0.17784728862105034
5108,LFFNHHKVMLLGHDD,68,0.11672300000000001,0.11650168647733249
5109,LGAVYRYKKLKEMSA,68,0.0,0.02338647408175765
5110,LHFSEALRIIAGTPE,68,0.39419099999999996,0.38267174359245026
5111,LKLATGMRNVPEKQT,68,0.305746,0.08257057851499984
5112,LKNCVDAKMTEEDKE,68,0.390065,0.07681165513762644
5113,LKTRPILSPLTKGIL,68,0.04274,0.03785473195589546
5114,LNIKLNMPLYIAGNK,68,0.0,0.07290658990943431
5115,LQFAKLTGFTLMGKG,68,0.40231100000000003,0.06816695943971396
5116,LQSLWANFYELLADA,68,0.34379299999999996,0.446307875459699
5117,LRIAAKIYSEADEAW,68,0.416775,0.5107232441594086
5118,LRYRYGLFKQRIAKE,68,0.098111,0.08537760203468514
5119,LSFAAALNGLAGPLH,68,0.17654,0.21173952960067408
5120,LSSNDLAKYKANWIE,68,0.12344300000000001,0.06126291265638031
5121,LSYRSLQPETFAVVD,68,0.263865,0.19820682603508508
5122,LTGYSLFQKEKMVLN,68,0.148747,0.045291808336528204
5123,LVKFVAGDGDVVAVD,68,0.278619,0.259338746523971
5124,LVKYEGDTMAEVELR,68,0.495539,0.275777795634576
5125,LVSKLYEVVPGILTE,68,0.246637,0.17072333736767112
5126,MAFLRSVSRLAAAVF,68,0.3154,0.135905558605736
5127,MASSSSVLLVVALFA,68,0.265572,0.17655572471057246
5128,MASSSSVLLVVVLFA,68,0.274242,0.10959274827368394
5129,MGEAVQNTVEDLKLN,68,0.191996,0.3038663897005637
5130,MGRDIKVQFQSGGAN,68,0.210265,0.13568240114766877
5131,MHCQTTLKYAIKTGH,68,0.0,0.024945030280929065
5132,MLLRKYGIAAENVID,68,0.480943,0.28863829485271436
5133,MPFVTTQPEALAAAA,68,0.18071800000000002,0.45231672225388514
5134,MSFVTTQPEALAAAA,68,0.22965,0.5062960238177362
5135,MSQIMYNYPAMMAHA,68,0.376692,0.35559045186619054
5136,MSQIMYNYPAMRAHA,68,0.095634,0.14556689231631
5137,MVVERLGDYLVEQGM,68,0.22336399999999998,0.199240116602264
5138,NCVLKKSTNGLRIKS,68,0.0,0.01583008454766383
5139,NDAIKASTGGAYESY,68,0.275924,0.3021301448201581
5140,NDFLKTGHYTQMVWA,68,0.389025,0.17123065059396902
5141,NFTVGRIIELFTAKG,68,0.272427,0.1606640150095214
5142,NHFFNHHKVMLLGHD,68,0.046814,0.08814322505967406
5143,NHFFNHHKVMLLGHS,68,0.14663199999999998,0.09133041388762471
5144,NIWADDLAASLSTLE,68,0.607634,0.5727756216824634
5145,NLNIKLNMPLYIAGN,68,0.0,0.050280378112569336
5146,NMVVERLGDYLVEQG,68,0.288563,0.192854747235931
5147,NNRIWLQFAKLTGFT,68,0.3738,0.07483253570117282
5148,NPRQAYANYRDIDLG,68,0.146837,0.11985380467275565
5149,NRIMADGGSIQNTNL,68,0.07257100000000001,0.046745577341950985
5150,NVSHIQSAVVCGRRH,68,0.147464,0.1846120424693827
5151,NYLALLVKFVAGDGD,68,0.12684700000000002,0.16553452575222855
5152,PAAAYATATPAAATA,68,0.39459099999999997,0.13577633864547364
5153,PAGVCPTIGVGGNFA,68,0.130997,0.049882543958459084
5154,PALLALLALPALLLL,68,0.405972,0.043528046249228174
5155,PASWKNNRIWLQFAK,68,0.391807,0.060069097568791384
5156,PCKGDSVTIKLDGNL,68,0.0,0.03642343573501972
5157,PCRAGFETNVSHNVQ,68,0.122454,0.15628594763642925
5158,PDLPYDYGALEPAIS,68,0.5160359999999999,0.29422135526249266
5159,PEGLLWLLLTGKVPT,68,0.227579,0.06493604036366296
5160,PEQIQLLKKAFDAFD,68,0.036470999999999996,0.09950925132055215
5161,PEVKYAVFEAALTKA,68,0.24348499999999998,0.3942590696901704
5162,PIIIDQKYCPNKICT,68,0.0,0.02597425057490263
5163,PIYIVTPTNASHIQS,68,0.149538,0.10776450109456037
5164,PKDSDEFIPMKSSWG,68,0.138963,0.14301918166462455
5165,PKGGAESSSKAALTS,68,0.266881,0.14592539871875645
5166,PLYKLVHVFINTQYA,68,0.28339200000000003,0.051480792626872635
5167,PPPPQLGASPYKLGP,68,0.138226,0.019208820286560548
5168,PQVKYAVFEAALTKA,68,0.289246,0.3780609199797985
5169,PSMGRDIKVQFQSGG,68,0.21147600000000003,0.0770509767256686
5170,PSPSMGRDIKVQFQS,68,0.261872,0.0497243827445781
5171,PTLAFPAGVCPTIGV,68,0.27118000000000003,0.06015235870416453
5172,PYGATISATPEWATP,68,0.541697,0.4548953227973459
5173,QAGGKLCPNNLCCSQ,68,0.0,0.03634265178996628
5174,QDHQEEICEVVLAKS,68,0.29987199999999997,0.16320724946172468
5175,QEVFKAIQSLKTTEV,68,0.27844800000000003,0.16859660376033128
5176,QFRRVKCKYPEGTKV,68,0.033119,0.010957106952350134
5177,QGEPGAVIRGKKGAG,68,0.027280000000000002,0.040614890521669715
5178,QGEPGRVIRGKKGAG,68,0.009742,0.023464671035828777
5179,QIHQYIMALREEYFD,68,0.73127,0.2949500384959905
5180,QIRMAKLLGRDPEQS,68,0.10131699999999999,0.06516937336248028
5181,QKLIEDINASFRAAM,68,0.33876799999999996,0.2527968737674262
5182,QKYCPNKICTSKGDS,68,0.0,0.017526944933463198
5183,QLSALWARFPLPVIP,68,0.174566,0.10807213881401387
5184,QLYSKFLLKAEPLAF,68,0.41623699999999997,0.1378115698300089
5185,QPCNGVTMNDVKIEY,68,0.24962399999999998,0.08602578488940958
5186,QPNLKALREKVLGLP,68,0.089233,0.030211746387122356
5187,QPYVLSVASLTSAGQ,68,0.28826799999999997,0.1804968907731235
5188,QVPSASMGRDIKVQF,68,0.28022199999999997,0.06178031752795942
5189,RCALHWFPGSHLLAC,68,0.084963,0.11634642284447864
5190,RCALHWFPGSHLLHV,68,0.079778,0.072668852844026
5191,RDCLIAHGAANTITE,68,0.282851,0.3807246717010497
5192,RGLLRRARGGPHHRR,68,0.075864,0.062079566076137634
5193,RIDTPDKLTGPFTVR,68,0.080454,0.033668285482931305
5194,RIIAGTLEVHAVKPA,68,0.26875,0.12414443345765576
5195,RKHIEWNCDVCRHGD,68,0.0,0.05746664662471231
5196,RLEFDEFVTLAAKFI,68,0.224367,0.3351185997262317
5197,RMFSSTLRAAVPWYA,68,0.23829499999999998,0.29096024390067704
5198,RSRPRRTTRRMDRRT,68,0.23483800000000002,0.11492179640071919
5199,RTATNIWIDHNSFSN,68,0.386694,0.11037543954536395
5200,RVIRGKKGAGGITIK,68,0.019671,0.012365875373369476
5201,RVWEQIFSTWLLKPG,68,0.142467,0.11529939834409006
5202,RVYCDPCRAGFETNV,68,0.053341999999999994,0.10825869928650281
5203,SADEVQRMMAEIDTD,68,0.347952,0.3394097803941492
5204,SAIRAAPEAARSLAS,68,0.309725,0.39777662373703804
5205,SDDELPYIDPNMEPV,68,0.614506,0.13870032247601555
5206,SFGIVVAWQVKLLPV,68,0.616522,0.31077266284700444
5207,SGTVDFDEFMEMMTG,68,0.300879,0.4732958478881992
5208,SHIQSAVVCGRRHGV,68,0.177459,0.07587082869547025
5209,SPNLTDERAAQAGVT,68,0.11765199999999999,0.23811789350616036
5210,SRAEVSYVHVNGAKF,68,0.397471,0.16497399424218867
5211,SRSFLKHSLLRTQRL,68,0.0,0.0747375198846072
5212,SSKAATAKAPGLVPK,68,0.12878399999999998,0.11699252583035877
5213,SSRASDERAAHLPTS,68,0.11765199999999999,0.2784099909803151
5214,SSYAATEVANAAAAS,68,0.35949000000000003,0.5682625547435185
5215,SSYAATEVANAAAGQ,68,0.311488,0.5822767859034861
5216,STVVASVTIIDRSLP,68,0.619807,0.20368951964838863
5217,STWLLKPGAGIMIFD,68,0.376886,0.0907961228502054
5218,SVLLVVALFAVFLGS,68,0.20214100000000002,0.17430233002078097
5219,SVRIRVRSGGHDYEG,68,0.154756,0.039567537216982904
5220,SVTIKLDGNLLSSND,68,0.19428900000000002,0.1129462127677004
5221,SYVHVNGAKFIDTQN,68,0.18857100000000002,0.10262024634059833
5222,TAAVELARALVRAVA,68,0.21270999999999998,0.5215909967578698
5223,TAKAPGLVPKLDAAY,68,0.20172,0.060789109921901056
5224,TANVPPADKYKTLEA,68,0.16997,0.04499282492962642
5225,TASDFWGGAGSAACQ,68,0.3896,0.12565376862877098
5226,TATSASAGWDTVLQS,68,0.216788,0.31953609070542716
5227,TDALRTLGSTSADEV,68,0.498529,0.31695991866261775
5228,TFYGSNPRGAAPDDH,68,0.20954299999999998,0.10156303527436157
5229,TGSRWCCWPVVPVAL,68,0.164992,0.20392254987182024
5230,TIAAMMTSPLSVASM,68,0.127745,0.24135264640431298
5231,TISNNLFFNHHKVML,68,0.184177,0.08226549067864826
5232,TKKFDEVVKANGGYL,68,0.192638,0.09633654666870219
5233,TKVTFHVVGVGPLLH,68,0.369952,0.07731634500975078
5234,TLGSTSADEVQRMMA,68,0.400029,0.2186508984541899
5235,TNFKYNYSVIEGGPI,68,0.376889,0.15434056809629076
5236,TPTNASHIQSAVVCG,68,0.259668,0.22106133033165445
5237,TSALIWMASPPEVHS,68,0.460772,0.3241751386609783
5238,TVAAAPQVKYAVFEA,68,0.255963,0.3243946753916699
5239,TVLAFPAGVCPTIGV,68,0.356863,0.08593099582268665
5240,TWQGGSGMASHIIYE,68,0.403546,0.2276104080461248
5241,VATLSEALRIIAGTL,68,0.21974200000000002,0.2579257006024778
5242,VDIKPKDSDEFIPMK,68,0.0,0.07320971971321444
5243,VDLAKSLRIAAKIYS,68,0.158627,0.13428897019424904
5244,VEDEARRMWASAQNI,68,0.288364,0.26992443626195756
5245,VFGNCEGVKIIGISI,68,0.593705,0.10689618738530506
5246,VGNVAWMHVLAAKYI,68,0.157638,0.18984479291377623
5247,VHAQTVEDEARRMWA,68,0.28541500000000003,0.1662990565528045
5248,VIPANWKPDTVYTSK,68,0.396629,0.04229033351755034
5249,VKGDPVGILYAVFKA,68,0.161552,0.15618267584597956
5250,VKIEYSGTNNKTMAV,68,0.038641,0.1314820520146744
5251,VKPLYIITPTNVSHI,68,0.048132,0.07905090698177064
5252,VKQNTLKLATGMRNV,68,0.057787,0.07557482996889273
5253,VLMEWLKTRPILSPL,68,0.374631,0.0725149474510666
5254,VNYWFAPGAAAAPLS,68,0.627827,0.4338530174791029
5255,VPPADKYKTFEAAFT,68,0.3065,0.14920514608952454
5256,VPQLQPQNPSQQQPQ,68,0.0,0.009675393615986063
5257,VQNTVEDLKLNTLGR,68,0.384282,0.05181884384788353
5258,VRILRRVHHRKYLTD,68,0.097468,0.03415507432667835
5259,VRSGGHDYEGLSYRS,68,0.046682999999999995,0.08275747224470018
5260,VRVPVPQLQPQNPSQ,68,0.111478,0.022691349632749942
5261,VSEALRIIAGTLEVH,68,0.23035799999999998,0.2265224372766337
5262,VSTIVPYIGPALNIV,68,0.30525,0.08710610521023676
5263,VSVDCSEYPKPDCTA,68,0.16493,0.10733873820573542
5264,VTMNDVKIEYSGTNN,68,0.230467,0.06293511731219237
5265,VTVDAAVLAAIDADA,68,0.247729,0.4617126615541183
5266,VVLGLATSPTAEGGK,68,0.353169,0.19039913895304916
5267,VVSRLLIPVPFDPPA,68,0.130145,0.1570177372788047
5268,VWRIDTPDKLTGPFT,68,0.139158,0.03569507369801346
5269,WEQIFSTWLLKPGAG,68,0.0672,0.08041580147036932
5270,WGAIWRIDTPDKLTG,68,0.136735,0.09321418547571315
5271,WGAIWRIDTPEVLKG,68,0.214482,0.16056825706403655
5272,WIELKESWGAVWRID,68,0.11120899999999999,0.1905528048773171
5273,WKPDTVYTSKLQFGA,68,0.061497,0.08758330244864196
5274,YANYRDIDLGRNEVV,68,0.264345,0.16803920295279826
5275,YDGERPTLAFLQDVM,68,0.6605260000000001,0.28991388465864165
5276,YGIAAENVIDVKLVD,68,0.43878100000000003,0.291394044828781
5277,YGRIAECILGMNPSR,68,0.24634699999999998,0.09935067336219655
5278,YKDVDKPPFSGMTGC,68,0.028548,0.05046588000817941
5279,YKKLRTSSFALNLPT,68,0.24354499999999998,0.1185515479243751
5280,YLAILVKYVDGDGDV,68,0.41474099999999997,0.10784312751332725
5281,YPFIEQEGPEFFDQE,68,0.229446,0.576484857260081
5282,YRKILRQRKIDRLID,68,0.0,0.08747782541205537
5283,YTTEGGTKGEAKDVI,68,0.097795,0.07275705479517741
5284,EEDKENALSLLDKIYT,68,0.585757,0.25281196159388997
5285,EKIQKAFDDIAKYFSK,68,0.15767799999999998,0.22029793162823177
5286,GKWYLKAMTADQEVPE,68,0.822823,0.2283645120103971
5287,KFDSQLAHRHMARELH,68,0.380279,0.10887030789880826
5288,LNKIVRMYSPVSILDI,68,0.0,0.2535906694151469
5289,PRGERGFPGERGSPGA,68,0.0,0.09900050133202741
5290,SPEVIPMFSALSEGAT,68,0.402037,0.6054553746298462
5291,SQDLELSANLNGLQAY,68,0.585102,0.5836971098832601
5292,SQDLELSGNLNGLQAY,68,0.340307,0.6106454545685381
5293,SQDLELSMNLNGLQAY,68,0.46173800000000004,0.7929081452534709
5294,SQDLELSSNLNGLQAY,68,0.388386,0.5835650372043045
5295,SQDLELSWDLNGLQAY,68,0.553556,0.8189291387698854
5296,SQDLELSWILNGLQAY,68,0.48008500000000004,0.9527549801056312
5297,SQDLELSWQLNGLQAY,68,0.426791,0.8914129378542103
5298,SQDLELSWWLNGLQAY,68,0.47901099999999996,0.7363223825996166
5299,CVDAKMTEEDKENALSL,68,0.40116,0.23101054585485342
5300,EHREVLWKFDSQLAHRH,68,0.32301199999999997,0.1314016650944961
5301,ENGSPGPMGPRGERGRT,68,0.0,0.028030926955266083
5302,YAHAAHAAHAAHAAHAA,68,0.270586,0.03339197001241081
5303,AAREAEQWRAYLEGLCVE,68,0.14607,0.6073031192662899
5304,FESTGNLIAPEYGFKISY,68,0.491045,0.5414723157024676
5305,LRAEQASQEVKNWMTETL,68,0.316417,0.09432214352556222
5306,NVTENFNMWKNNMVEQMH,68,0.20944200000000002,0.07738467978488393
5307,PVGDIYKRWIILGLNKIV,68,0.077267,0.05132396941949701
5308,SELYLYKVVKIEPLGVAP,68,0.044502999999999994,0.2136107384451594
5309,WVKVVEEKGFNPEVIPMF,68,0.5538810000000001,0.20858642262705107
5310,YVDRFYKTLRAEQASQEV,68,0.46107299999999996,0.2719854400444062
5311,EAGAPGLVGPRGERGFPGE,68,0.0,0.08533470269218507
5312,GEIYKRWIILGLNKIVRMY,68,0.12450599999999999,0.06536003938485711
5313,IAGAPGFPGPRGPPDPQGA,68,0.0,0.030613928335120933
5314,KLPKPPKPVSKMRMATPLL,68,0.052144,0.09825977122017909
5315,LGVLLLIGCWYCRRRNGYR,68,0.0,0.39748976400973485
5316,VRVPVPQLQPQNPSQQQPQ,68,0.266857,0.04684167026845136
5317,WEALKYLWNLLQYWGQELK,68,0.069303,0.4397761205074456
5318,YLPKPPKPVSKMRMATPLL,68,0.034161000000000004,0.08823566698072738
5319,AIQFIDRRTQVRYSLDMLVT,68,0.152523,0.05098501272287778
5320,ARRRRASEAPPTSHRRASRQ,68,0.060075,0.18538658514387213
5321,CDGERPTLAFLQDVMNILLQ,68,0.0,0.09698029756938677
5322,DKISDVSTIVPYIGPALNIV,68,0.451452,0.05074126824267834
5323,DQPQNLEEILMHCQTTLKYA,68,0.0,0.10658989648436197
5324,EAKRVFSLEKKMSNYIQFKS,68,0.139941,0.049749932762086654
5325,EAKYDAYVATLSEALRIIAG,68,0.41112200000000004,0.48026199432706135
5326,EEGLMQNCNQMHASYLFQQD,68,0.0,0.0488329092209188
5327,EYLNKIQNSLSTEWSPCSVT,68,0.31090100000000004,0.1269152656209571
5328,FEERDAVLLGGSSDNEFVKL,68,0.304107,0.23349345933606494
5329,GDKVNFFRMVISNPAATHQD,68,0.0,0.06234251796728581
5330,GFGMLLRKYGIAAENVIDVK,68,0.302625,0.2337600450003537
5331,GSSDNEFVKLAWRREHKDLD,68,0.0,0.1822146610476841
5332,GTTMVSYQPLGDKVNFFRMV,68,0.0,0.06257520237849488
5333,HAPAAPANPGLIIGALAGST,68,0.842885,0.11640290174914954
5334,IEPIVATNWQKLEAFWHKHM,68,0.214252,0.21265382999717075
5335,ISNPAATHQDIDFLIEEIER,68,0.0,0.2087005729420003
5336,KDKWIELKESWGAIWRIDTP,68,0.236771,0.08746876356727296
5337,KHYDLSYDTGDKALQCGRHV,68,0.0,0.04942002906412426
5338,KIIGGIGGFVKVRQYDQIPI,68,0.217475,0.03826940546985378
5339,KMIGGIGGFVKVRQYDQIPI,68,0.168434,0.018969848147688255
5340,KRWIILGLNKIVRMYSPTSI,68,0.073744,0.03825802706640877
5341,KYAPLYAAEAKRVFSLEKKM,68,0.0,0.41095435396334634
5342,LAADWLTSTANTNMFTYEIA,68,0.0,0.29194621144785027
5343,LYKYKVVKIEPLGVAPTKAK,68,0.09285299999999999,0.12958500084630467
5344,MLVTEMFREYNHRHSVGATL,68,0.0,0.054170926727984715
5345,PLQCSALLVREEGLMQNCNQ,68,0.0,0.07782880836342532
5346,PSLRTLEDNEERMSRLSKVA,68,0.0,0.08391713934208488
5347,QEQLFSNVQYFAHYCRKYAP,68,0.16709100000000002,0.0780014423595264
5348,QLSTGLDMVGLAADWLTSTA,68,0.0,0.23817357182126564
5349,QYFAHYCRKYAPLYAAEAKR,68,0.0,0.46477320152477275
5350,TQVRYSLDMLVTEMFREYNH,68,0.15349000000000002,0.12061046456150362
5351,TWNPHKMMGVPLQCSALLVR,68,0.0,0.014869833004974083
5352,VATLSEALRIIAGTLEVHAV,68,0.348108,0.17627312280767174
5353,VLMEWLKTRPILSPLTKGIL,68,0.263687,0.046953235910791216
5354,WGAIWRIDTPDKLTGPFTVR,68,0.282157,0.06350794345199696
5355,YIITPTNVSHIQSAVVSGRR,68,0.202779,0.07300693350375867
5360,AEMVIHHQHVQDCDE,71,0.22831300000000002,0.18247400954397405
5361,AGWLFHVRGARRSGD,71,0.8344,0.21411004990742685
5362,AMTDTTPFGQQRVFK,71,0.0,0.2493275667776035
5363,CEHLEDGIYGIFQST,71,0.18118800000000002,0.15205921119287616
5364,CGSYVTKTSGSAASM,71,0.368269,0.39596418542662687
5365,CTDKMFFVKNPTDTG,71,0.469509,0.08623200234958883
5366,DGGGFYADDTAGWDT,71,0.0,0.2428617963140368
5367,DLDDEQEILNYMSPH,71,0.461542,0.15063782783682236
5368,DQRGSGQVVTYALNT,71,0.0,0.21764556570988783
5369,EERVERIKSEYMTSW,71,0.0,0.20155545089109703
5370,EQEILNYMSPHHKKL,71,0.438072,0.13089760263882602
5371,ERKLHQQGRCRTCVY,71,0.240044,0.08360081907680421
5372,FEALGFLNEDHWASR,71,0.229368,0.2385323384709142
5373,FHVRGARRSGDVLWD,71,0.474391,0.29888840133658345
5374,FSSAGGFFTSVGKGI,71,0.435569,0.32087927875728817
5375,FTQTMKGVERLAVMG,71,0.290045,0.14143153853247822
5376,FYADDTAGWDTRITE,71,0.361562,0.1252839376141586
5377,GAGKTRRFLPQILAE,71,0.663802,0.23569130040710162
5378,GETVKCRAPGGAKKP,71,0.0,0.1219144711426177
5379,GGVFHTMWHVTRGAF,71,0.6920270000000001,0.3033361349644142
5380,GKGEWMTTEDMLEVW,71,0.0,0.1541468904592674
5381,GKNLVFSPGRKNGSF,71,0.258437,0.13779901813933446
5382,GLALSHLNAMSKVRK,71,0.271875,0.3070658366493456
5383,GLCAFLATRIFGRRS,71,0.6034609999999999,0.4356626468342899
5384,GLFGGLNWITKVIMG,71,0.397615,0.18347314303776985
5385,GPLDKEAIEERVERI,71,0.0,0.18017094006359716
5386,GRTTWSIHGKGEWMT,71,0.305155,0.18262593980029793
5387,GRWDGEEEVQLIAAV,71,0.0,0.39527995398993754
5388,HGVAKNPVVDGNPTV,71,0.0,0.07719021271038401
5389,HTMWHVTRGAFLVRN,71,0.676841,0.3763443355102426
5390,IEEAPEMPALYEKKL,71,0.0,0.2908322956718573
5391,IGKLFTQTMKGVERL,71,0.0,0.1371285584174129
5392,IHHQHVQDCDESVLT,71,0.0,0.1005199114741613
5393,IHLVIHRIRTLIGQE,71,0.706274,0.2663492630223437
5394,IHRIRTLIGQEKYTD,71,0.372125,0.10496876474690353
5395,INKGILVTVNPIAST,71,0.0,0.15320044312901118
5396,ISGSSARYDVALSEQ,71,0.348725,0.2155171187077687
5397,ISRRDQRGSGQVVTY,71,0.0,0.1321741678370157
5398,KEAIEERVERIKSEY,71,0.299272,0.27062085611866066
5399,KGIHTVFGSAFQGLF,71,0.0,0.6250486741212865
5400,KKGMTTVLDFHPGAG,71,0.2735,0.10454902237950478
5401,KNPTDTGHGTVVMQV,71,0.375933,0.16937884616134197
5402,KNPVVDGNPTVDIEE,71,0.0,0.14672374842885105
5403,KTKNKTNWKQTWTFK,71,0.154223,0.08005817187879681
5404,KYSYYPEDPVKLASI,71,0.0,0.18217713270769684
5405,LAEGIVLASAALGPL,71,0.448589,0.4728527363563319
5406,LDKRQFELYKRTDIV,71,0.305861,0.04976255823163343
5407,LGLTQPFLGLCAFLA,71,0.15851800000000002,0.3092919040165883
5408,LLVLAGWLFHVRGAR,71,0.6247199999999999,0.26086203435144834
5409,LNYMSPHHKKLAQAV,71,0.420066,0.11639486696842453
5410,LPQILAECARRRLRT,71,0.40209,0.24662423580950754
5411,LQEIPTMLKKGMTTV,71,0.46862200000000004,0.06686556026144827
5412,LQYGWKTWGKNLVFS,71,0.50758,0.10101716809650572
5413,LRLGKEFIRCLALPF,71,0.272507,0.25057757865022695
5414,LRTLVLAPTRVVLSE,71,0.413191,0.6204174764791479
5415,LSEEKVPWDQVVMTS,71,0.29383000000000004,0.27287149544412814
5416,LSFMDKGIPFMKMNI,71,0.548715,0.07942582601552382
5417,LVDEERKLHQQGRCR,71,0.24668,0.04452976072396342
5418,LWSPRERLVLTLGAA,71,0.437021,0.28494556969548496
5419,MFFVKNPTDTGHGTV,71,0.0,0.10257488691514094
5420,MKGVERLAVMGDTAW,71,0.0,0.2153165765457876
5421,MLGARYLEFEALGFL,71,0.0,0.26576354748944614
5422,MSIHGKGEWMTTEDM,71,0.0,0.31484710602461297
5423,NLWKMKTGRRGSANG,71,0.545956,0.13600263060969045
5424,NVYQRGTHPFSRIRD,71,0.0,0.31949339231931445
5425,PFSRIRDGLQYGWKT,71,0.343868,0.14412614842188662
5426,PTMLKKGMTTVLDFH,71,0.0,0.11624928788027024
5427,PTVDIEEAPEMPALY,71,0.0,0.30713176713186674
5428,QRMFTREELIHFPEF,71,0.0,0.3121854171853171
5429,RERLVLTLGAAMVEI,71,0.41664799999999996,0.37249413371654594
5430,RGTHPFSRIRDGLQY,71,0.365431,0.21048604512500457
5431,RTLIGQEKYTDYLTV,71,0.0,0.060610028631729505
5432,SAFQGLFGGLNWITK,71,0.0,0.16636450308183637
5433,SARYDVALSEQGEFK,71,0.0,0.25657990349070187
5434,SEYMTSWFYDNDNPY,71,0.0,0.2257718224490603
5435,SGARSNVTFTVNQTS,71,0.286613,0.16786374915259003
5436,SGSAASMVNGVIKIL,71,0.0,0.13150898547057527
5437,SHLNAMSKVRKDISE,71,0.176018,0.05168319516150974
5438,SNVTFTVNQTSRLLM,71,0.369772,0.4174243973091173
5439,SVKEDLVAYGGSWKL,71,0.0,0.13399078924250554
5440,TARRHLAEGKVDTGV,71,0.0,0.13186582383639667
5441,TPFSLAEGIVLASAA,71,0.18995399999999998,0.6432947353102338
5442,TRRFLPQILAECARR,71,0.6523770000000001,0.2542639217740283
5443,TRVVLSEMKEAFHGL,71,0.0,0.10279720005639145
5444,VADDLTAAINKGILV,71,0.0,0.21777999123870376
5445,VAIKGPLRISASSAA,71,0.418,0.24536153321845638
5446,VDGNPTVDIEEAPEM,71,0.0,0.33050898905323584
5447,VDRDTARRHLAEGKV,71,0.339326,0.2053081222980893
5448,VEIALGGVMGGLWKY,71,0.0,0.13646147928457877
5449,VLAPTRVVLSEMKEA,71,0.288901,0.30884452699075643
5450,VLAPYMPDVLEKLEL,71,0.0,0.30808910936556166
5451,VLEKLELLQRRFGGT,71,0.337884,0.10325282123713775
5452,VPTSWVPQGRTTWSI,71,0.396125,0.2853771004201347
5453,VTKTSGSAASMVNGV,71,0.0,0.25976388149775653
5454,VTRMAMTDTTPFGQQ,71,0.0,0.25680187954988637
5455,WKTWGKNLVFSPGRK,71,0.292858,0.27915327931198475
5456,WSIHGKGEWMTTEDM,71,0.0,0.32718493080697036
5457,WVPQGRTTWSIHGKG,71,0.446945,0.2091418880708879
5458,YMPDVLEKLELLQRR,71,0.0,0.09715337648404573
5459,DKGIPFMKMNISVIMK,71,0.395323,0.2625481408821904
5460,MYYVSGARSNVTFTVK,71,0.43313100000000004,0.3917782072424086
5461,PKQMLVGGVVLLGAMK,71,0.0,0.19357086247834368
5462,KKVGQVTLLDLLKLTVA,71,0.0,0.12242352368487466
5463,NSYIAEMETESWIVDKK,71,0.0,0.37710391344060923
5464,SGQVVTYALNTITNLKK,71,0.229346,0.06637234735736927
5465,TVFGSAFQGLFGGLNKK,71,0.355916,0.1977088026364521
5466,VLTLGAAMVEIALGGKK,71,0.0,0.3948160586350005
5467,WLGARYLEFEALGFLKK,71,0.0,0.37060842172363595
5468,DMTPADALDD,72,0.277882,0.10880634444892043
5469,EIVDLMCHAT,72,0.065374,0.031631740083337724
5470,EVDMTPADAL,72,0.170827,0.06642083725232277
5471,KMMGVPLQCSA,72,0.255415,0.022616268632105908
5472,LVEALYLVCGE,72,0.487666,0.18192725271395666
5473,MSSGSFINISV,72,0.21436999999999998,0.02107671073302283
5474,GVTYEIDLTNKN,72,0.018937,0.07126835206664103
5475,YMSSGSFINISV,72,0.24944499999999997,0.03701885066241085
5476,AAFPSDSWCYFAA,72,0.404806,0.2167685358522085
5477,SPEVIPMFSALSE,72,0.45425600000000005,0.3600178274029793
5478,EAMSQANSAILMQR,72,0.219669,0.2790142919486379
5479,EEDIEIKPIQEEEY,72,0.862348,0.9567286046434463
5480,KPLLIIAEDVEGEY,72,0.42073900000000003,0.6014722500761402
5481,LDHILEPSIPYKSK,72,0.156459,0.09760336704922652
5482,MLFRILSLNLIKIK,72,0.0,0.06771118441377041
5483,NTSYRLISCNTSVI,72,0.0,0.06409805427877174
5484,PLYRYLGGCFACSL,72,0.252388,0.1029782973744157
5485,AAAAPAAVGAAVGGT,72,0.31856999999999996,0.21466621127355445
5486,AAAGLAAAAPLESRQ,72,0.55919,0.4941622168907656
5487,AAATAGDTVYGAFAA,72,0.43394099999999997,0.7967265343183505
5488,AAATAGITVYGAFAA,72,0.453305,0.9213719777619265
5489,AAATAGPTVYGAFAA,72,0.503468,0.7302025577008082
5490,AAATAGTCVYGAFAA,72,0.44116400000000006,0.8575138534477416
5491,AAATAGTHVYGAFAA,72,0.489839,0.8449345103625335
5492,AAATAGTNVYGAFAA,72,0.431036,0.8374347333333715
5493,AAATAGTTAYGAFAA,72,0.405624,0.5285031255489964
5494,AAATAGTTGYGAFAA,72,0.207758,0.3144757704958199
5495,AAATAGTTMYGAFAA,72,0.46858900000000003,0.6224401353242426
5496,AAATAGTTSYGAFAA,72,0.293405,0.6151213725942158
5497,AAATAGTVVYGAFAA,72,0.509128,0.9483729268011206
5498,AAATAGYTVYGAFAA,72,0.465075,0.9553844310474134
5499,AAPEAARSLASSLPG,72,0.393239,0.43815209821700385
5500,AAPLSWSKDIYNYME,72,0.022816,0.0906382304475696
5501,AASGADGTYDITKLG,72,0.079751,0.1062651327792586
5502,AAVELARALVRAVAE,72,0.608784,0.5979758990485847
5503,ADNSLDYAANFSHML,72,0.258457,0.24862844011835078
5504,ADVQYDLYLNVANRR,72,0.258538,0.2556642230063642
5505,AFMLAWNYGVPRVMS,72,0.41936999999999997,0.23995284883006734
5506,AGALEVHAVKPVTEE,72,0.439954,0.1602275965445957
5507,AGAWRTAAVELARAL,72,0.73837,0.6982270352419737
5508,AGRFEVHAQTVEDEA,72,0.391855,0.38706216940339583
5509,AGWDTVLQSITTILA,72,0.098065,0.16802374507587095
5510,AHARSYQTLSTQAAA,72,0.264129,0.21785173760950496
5511,AINIFNVEKYGAVGD,72,0.16389,0.29923536314053656
5512,AKPDGKTDCTKEVEE,72,0.11090499999999999,0.16430328299441324
5513,ALKESWGAIWRIDTP,72,0.29221199999999997,0.2594881515399335
5514,ALRVIAGALEVHAVK,72,0.281986,0.4287200867763821
5515,ALSDPYLSFAAALNG,72,0.278857,0.3768029613417559
5516,ALTKAITAMSEVQKV,72,0.251996,0.5830535429829293
5517,APGAAAAPLSWSKDI,72,0.236276,0.294364000338632
5518,AQIYQAVSAQAAAIH,72,0.353043,0.46652142720402423
5519,ARRRRASEAPPTSHR,72,0.190394,0.2542749049285669
5520,ASAAILGHDGTVWAQ,72,0.255254,0.19410417253558354
5521,ASEAPPTSHRRASRQ,72,0.200665,0.29299593355320375
5522,ASNPNYLAILVKYVD,72,0.41739499999999996,0.1050452982655805
5523,ATPPPPPPPQLGASP,72,0.174968,0.009263241064500195
5524,ATSPTAEGGKATTEE,72,0.34236,0.3450068965988775
5525,ATTANVPPADKYKTF,72,0.114455,0.07400791092729969
5526,AVFEAALTKAITAMS,72,0.200652,0.33236664862599197
5527,AVFEAALTKAITAMT,72,0.15671400000000002,0.36442472758986505
5528,AVIRGKKGAGGITIK,72,0.060621,0.018622288515980388
5529,AVMLTFDNAGMWNVR,72,0.19739500000000001,0.19794252885007732
5530,AWASACGGTGKNTIV,72,0.007965,0.10177593548762158
5531,AWMSAAATQAEQAAT,72,0.245493,0.6323265860192572
5532,AYGSFVRTVSLPVGA,72,0.246961,0.2614566920112307
5533,AYSDDKSMKVTVAFN,72,0.16170199999999998,0.07339837156327218
5534,AYVATVSEALRIIAG,72,0.188175,0.5242437045611859
5535,CADILAIASRVLVTM,72,0.262509,0.6833476703384651
5536,CDASILIDPLSNQSA,72,0.382371,0.33003394056152285
5537,CDGERPTLAFLQDVM,72,0.612736,0.3763477157080866
5538,CGGTGKNTIVIPKGD,72,0.0,0.05237191735659885
5539,CGYKDVDKPPFDGMT,72,0.074537,0.06547389524849456
5540,CIEYVTLNASQYANC,72,0.547673,0.37598919702235034
5541,DALTLRTATNIWIDH,72,0.26605300000000004,0.20622252853173104
5542,DCSEYPKPDCTAEDR,72,0.1174,0.09548887328765386
5543,DEARRMWASAQNISG,72,0.182006,0.3293871645997828
5544,DEPMVQVEAGKVNHS,72,0.266416,0.10332092625733058
5545,DGQGKAVWGKNSCAK,72,0.0,0.03519993237664873
5546,DHTNFKYNYSVIEGG,72,0.21509499999999998,0.17321697499468675
5547,DIDLGRNEVVNDVST,72,0.355469,0.2625486903089479
5548,DIFTNSRGKRASKGN,72,0.044976999999999996,0.10208819493334385
5549,DIKVQFQSGGNNSPA,72,0.050248,0.12642815532404353
5550,DINASFRAAMATTAN,72,0.370623,0.4217464528162456
5551,DITVKNCVLKKSTNG,72,0.0,0.030938458496343687
5552,DKISDVSTIVPYIGP,72,0.40250199999999997,0.1468814948774571
5553,DKKCIEWEKAQHGAC,72,0.0,0.11864901201143378
5554,DKLTGPFTVRYTTEG,72,0.0,0.14922868063261835
5555,DKVYEILKINSVKYY,72,0.09483,0.05720990426249003
5556,DLVANQPNLKALREK,72,0.357714,0.06893229302726904
5557,DVFYNGAYFVSSGKY,72,0.167732,0.1643100651121462
5558,DVLSQPMLPHTWDGS,72,0.163114,0.04485062926403222
5559,EAAFNKAIKESTGGA,72,0.165292,0.23359567097651998
5560,EDPLFQLVSKLYEVV,72,0.241982,0.15461990981290144
5561,EEFVSLASRFLVEED,72,0.601966,0.5748681586908081
5562,EEVDMTPADALDDFD,72,0.5413899999999999,0.5260595522294809
5563,EFIPMKSSWGAIWRI,72,0.131751,0.16951447811631618
5564,EFVTLAAKFIIEEDS,72,0.804554,0.5437645887482953
5565,EGHHLASAAIFGHDG,72,0.414654,0.34936763872240884
5566,EGHHLASAAILGHDG,72,0.274321,0.2777943038585011
5567,EITGIMKDFDEPGHL,72,0.181457,0.1572718744664443
5568,EKKYFAAFQFEPLAA,72,0.28975300000000004,0.8056342902737037
5569,EKKYFAALQFEPLAA,72,0.531393,0.8621640940592652
5570,EKKYFAARQFEPLAA,72,0.286229,0.6277262463132981
5571,EKKYFAATEFEPLAA,72,0.44212799999999997,0.8087383531030339
5572,EKKYFAATKFEPLAA,72,0.384711,0.5801314725997754
5573,EKKYFAATQAEPLAA,72,0.593464,0.8044283907846544
5574,EKKYFAATQCEPLAA,72,0.47101899999999997,0.7221972219563566
5575,EKKYFAATQDEPLAA,72,0.427019,0.7209347553631851
5576,EKKYFAATQEEPLAA,72,0.537637,0.7657985110042307
5577,EKKYFAATQGEPLAA,72,0.418009,0.6913917295638213
5578,EKKYFAATQHEPLAA,72,0.369272,0.6373439880888292
5579,EKKYFAATQIEPLAA,72,0.616955,0.8328460114714259
5580,EKKYFAATQKEPLAA,72,0.37945100000000004,0.5919960933153429
5581,EKKYFAATQLEPLAA,72,0.590133,0.7736705844032751
5582,EKKYFAATQMEPLAA,72,0.530479,0.6841736082035492
5583,EKKYFAATQNEPLAA,72,0.38065,0.6839957076626364
5584,EKKYFAATQPEPLAA,72,0.513912,0.7240876594712699
5585,EKKYFAATQQEPLAA,72,0.433284,0.7108780370410165
5586,EKKYFAATQREPLAA,72,0.43400500000000003,0.6912057266864478
5587,EKKYFAATQSEPLAA,72,0.501976,0.7923383527412668
5588,EKKYFAATQTEPLAA,72,0.381554,0.7075148540507997
5589,EKKYFAATQVEPLAA,72,0.56333,0.824054819403966
5590,EKKYFAATQWEPLAA,72,0.43704899999999997,0.7155637781951176
5591,EKKYFAATQYEPLAA,72,0.513958,0.7785928014814111
5592,EKKYFAATWFEPLAA,72,0.5353,0.8558660289777807
5593,EKKYFACTQFEPLAA,72,0.402246,0.8572086730021423
5594,EKKYFAHTQFEPLAA,72,0.5993850000000001,0.5985288382163708
5595,EKKYFANTQFEPLAA,72,0.46730299999999997,0.7494016085552779
5596,EKKYFATTQFEPLAA,72,0.5238729999999999,0.7579710441600108
5597,ELAAVSVDCSEYPKP,72,0.26531,0.5821412735136631
5598,ELKESWGAIWRIDTP,72,0.327187,0.2594881515399335
5599,ELYKYKVVKIEPLGV,72,0.164708,0.07423381336216436
5600,EPAYFATAESVRDHL,72,0.362171,0.8152982870358355
5601,EQCGRQAGGKLCPNN,72,0.0,0.04165935744855397
5602,ESLHNPYPDYHWLRT,72,0.0,0.032474469492433246
5603,ESTGGAYDTYKSIPS,72,0.219741,0.14951198359867185
5604,ESWGAVWRIDTPDKL,72,0.299944,0.24838286609107557
5605,EVDMTPADALDDFDL,72,0.777872,0.45836241780910264
5606,EVLGFRMVQDERVGR,72,0.314492,0.10655190577011606
5607,EVVKANGGYLAAGKL,72,0.262391,0.11391656604863361
5608,EVYEARLTKFKYLAG,72,0.083744,0.0687484346319048
5609,EYIEAAKWLLPPPKV,72,0.29133400000000004,0.19679839839850322
5610,EYLNKIQNSLSTEWS,72,0.352141,0.14589365664459095
5611,FAVATITHAAELQRV,72,0.564037,0.5442877053378411
5612,FDKYGATISATPESA,72,0.7051470000000001,0.8486991732035624
5613,FDPKGATISATPESA,72,0.573122,0.7492907435489948
5614,FDPYGATIKATPESA,72,0.552834,0.6815325663120804
5615,FDPYGATISATKESA,72,0.669491,0.7158193310546851
5616,FDPYGATISATPEKA,72,0.767983,0.8159486271351516
5617,FDPYGATISATPESA,72,0.7192850000000001,0.8384604771409386
5618,FDPYGATISATPESK,72,0.654304,0.8159486271351516
5619,FDPYGATISATPKSA,72,0.45699300000000004,0.6097797803377041
5620,FEAAFNDAIKASTGG,72,0.20225,0.5074361961756725
5621,FKPYGATISATPESA,72,0.659188,0.8355387604226873
5622,FLAVAVVLGLATSPT,72,0.29372,0.17508545841509388
5623,FLFQRAVAREAIIAL,72,0.27562,0.5234978149249919
5624,FPPNGTHSWEYWGAQ,72,0.0,0.1366292298132642
5625,FTSLEYIEAAKWLLP,72,0.276084,0.38225040396858834
5626,FVNQHLCGSHLVEAL,72,0.129608,0.10598652357563491
5627,FVVTGRVYCDPCRAG,72,0.10921900000000001,0.11854846111161257
5628,GAVDIINKWQVVAPQ,72,0.082819,0.2211200390654836
5629,GAYFVSSGKYEGGNI,72,0.01211,0.14898187002789
5630,GELEFEEFVSLASRF,72,0.306245,0.5523028677160883
5631,GEVEIQFRRVKCKYP,72,0.0,0.14254609229361445
5632,GEVLNALAYDVPIPG,72,0.24579299999999998,0.31297514715197994
5633,GGACGYKDVDKPPFS,72,0.028419,0.04558318891466915
5634,GGGFGMLLRKYGIAA,72,0.0,0.0943768867895965
5635,GGSILKISNKFHTKG,72,0.0,0.03617117621758138
5636,GGSILKISNKYHTKG,72,0.056001,0.03486753997681381
5637,GKGTLDGQGKAVWGK,72,0.02136,0.0299100838735963
5638,GKIDFLNNYALFLSP,72,0.432911,0.19251562733053354
5639,GLSGEPKGGAESSSK,72,0.34579899999999997,0.06288007324392796
5640,GLVPKLDAAYSVAYK,72,0.325289,0.3015694219836005
5641,GMTGMLWETSLLDPE,72,0.388123,0.6236250890986228
5642,GNIVAVDIKPKDSDE,72,0.09679700000000001,0.10966175461367117
5643,GPPVEASAAALAGDA,72,0.5461600000000001,0.6274704759691656
5644,GRKRPIVRILRRVHH,72,0.259653,0.04691410491250137
5645,GTKGEAKDVIPEGWK,72,0.034341,0.15804392992530253
5646,GVLKNEFMSLAFDYW,72,0.426806,0.3371440738024017
5647,GWIISNIFGAIPVLA,72,0.40419,0.3286839275653259
5648,GWIISNIFGAIPVLG,72,0.195027,0.22608918026620262
5649,HAYYLQYKNVRPDYL,72,0.187244,0.07136648391674855
5650,HDYEGLSYRSLQPET,72,0.330995,0.29798347440134093
5651,HFSNVFRSVMAPFTM,72,0.279183,0.21283478847565146
5652,HGRQIRMAKLLGRDP,72,0.028419,0.051314225029453674
5653,HMAKEDLVANQPNLK,72,0.09396399999999999,0.06472211240160375
5654,HSLLRTQRLHKFLVC,72,0.094651,0.05678080487471963
5655,HSRNLINELSERMAG,72,0.158269,0.177148448319817
5656,IAAMMTSPLSVASMT,72,0.25476,0.37982007986684607
5657,IAIAFLSVSNNYEYI,72,0.35346,0.24784479310253812
5658,IASLFAAAGLAAAAP,72,0.280582,0.46897286286377576
5659,IEFRFYKEITNVFRG,72,0.276698,0.2210585250704794
5660,IGPEAAEAAAAAPAA,72,0.273973,0.7771296577349414
5661,IGRIAETILGYNPSA,72,0.23613699999999999,0.31900673522131334
5662,IHKASTVLAFPAGVC,72,0.253139,0.29816473246104885
5663,IIELFTAKGFTVQEM,72,0.441121,0.2199839044398007
5664,IITPTNVSHIQSAVV,72,0.16389,0.21273734722478108
5665,IMRIKKLTITGKGTL,72,0.0,0.03614239550446475
5666,INEPTAAAAAYGLDR,72,0.355209,0.8601191321289942
5667,INEPTAAAGAYGLDR,72,0.383635,0.786918602904993
5668,INEPTAAAMAYGLDR,72,0.499958,0.9038858579997973
5669,INEPTAAASAYGLDR,72,0.442247,0.8718824242711345
5670,INEPTAACIAYGLDR,72,0.520867,0.7476454661807923
5671,INEPTAAHIAYGLDR,72,0.495672,0.6180228347400928
5672,INEPTAANIAYGLDR,72,0.371975,0.7209991765481297
5673,INEPTAATIAYGLDR,72,0.552547,0.8174406843888093
5674,INEPTADAIAYGLDR,72,0.314079,0.36589763117844243
5675,INEPTAIAIAYGLDR,72,0.21503899999999998,0.8618375840256108
5676,INEPTAPAIAYGLDR,72,0.323419,0.55669451962182
5677,INEPTAVAIAYGLDR,72,0.569789,0.8906302850245076
5678,INLIIHYVDRPGALG,72,0.162998,0.10921512891602807
5679,IPKGDFLTGPLNFTG,72,0.22771799999999998,0.11205241523200017
5680,IQNSLSTEWSPCSVT,72,0.245152,0.27923930925312435
5681,ISATPEWATPFPHRK,72,0.358575,0.4912868068455756
5682,ISDFRAAIANYHYDA,72,0.587448,0.49649402021335426
5683,ISGLKPGVDYTITVY,72,0.232467,0.09602498951596011
5684,ITAMSEVQKVSQPAT,72,0.263258,0.12726076676159978
5685,IVLNHMTGAQSGKGT,72,0.254527,0.1474472926460773
5686,KAIKESTGGAYDTYK,72,0.0,0.14527200567201803
5687,KASNPNYLAILVKYV,72,0.306716,0.04410847349017836
5688,KCKYPEGTKVTFHVE,72,0.208169,0.09722460923971402
5689,KDILEDERAAVDTYA,72,0.417838,0.5072656759855082
5690,KDILEDERAAVDTYC,72,0.649189,0.2913548761379932
5691,KDILEDERAAVDTYI,72,0.36280999999999997,0.32813338651781815
5692,KDKWIELKESWGAIW,72,0.035607,0.07143177977656018
5693,KDPYGATISATPESA,72,0.734116,0.8384604771409386
5694,KEVEEAWASACGGTG,72,0.29126799999999997,0.5769000818138624
5695,KEYTFPITLSSTSNP,72,0.032888,0.3240099868371448
5696,KFTQFAGKDLESIKG,72,0.088301,0.1794855514142014
5697,KFVDSTVVASVTIID,72,0.26558400000000004,0.35349513029587587
5698,KGKDKWIELKESWGA,72,0.086154,0.11410540307611516
5699,KGSNDHYLALLVKYA,72,0.336513,0.10038507097076317
5700,KHLAVLVKYEGDTMA,72,0.239655,0.13891763399243262
5701,KIEIDQDHQEEICEV,72,0.295594,0.3259230530312577
5702,KKGAGGITIKKTGQA,72,0.066608,0.08401287589911594
5703,KLCPNNLCCSQWGWC,72,0.228345,0.05071901957601838
5704,KLKIQNVIIDECYGA,72,0.32601199999999997,0.16184634217011434
5705,KLPWKNESSIKVIKQ,72,0.22328699999999999,0.03138380164416384
5706,KLTITGKGTLDGQGK,72,0.0,0.05297882618566546
5707,KMPMYIAGYKTFDGR,72,0.0,0.08446852771693832
5708,KNTIVIPKGDFLTGP,72,0.065893,0.06436806992483309
5709,KPPFSGMTGCGNTPI,72,0.0,0.02413364018447053
5710,KSIIKARVVWKAIIE,72,0.0,0.09716193140605217
5711,KSMKVTVAFNQFGPN,72,0.206006,0.10823357402022486
5712,KSTNGLRIKSYEDAK,72,0.0,0.0639631331405704
5713,KTDCTKEVEEAWASA,72,0.372267,0.5241046787447068
5714,KTVSEGAVDIINKWQ,72,0.374415,0.2231562243775066
5715,KYDAYVATLSEALRI,72,0.397646,0.7034293028949357
5716,KYKTFEAAFTVSSKR,72,0.088904,0.6714161836326391
5717,LDGNLLSSNDLAKYK,72,0.075789,0.14280020106343608
5718,LEAKATFYGSNPRGA,72,0.11201199999999999,0.32650787265169545
5719,LEKISNEIKIVATPD,72,0.151082,0.1874469623250317
5720,LFFNHHKVMLLGHDD,72,0.18937400000000001,0.1280580152910754
5721,LGAVYRYKKLKEMSA,72,0.117503,0.029911954804160184
5722,LHFSEALRIIAGTPE,72,0.38593,0.4590828682621212
5723,LKLATGMRNVPEKQT,72,0.070737,0.1160104027823695
5724,LKNCVDAKMTEEDKE,72,0.064524,0.08428133475260749
5725,LKTRPILSPLTKGIL,72,0.197269,0.06100218155849412
5726,LNIKLNMPLYIAGNK,72,0.16134500000000002,0.098733853782685
5727,LQFAKLTGFTLMGKG,72,0.034341,0.09429272099899945
5728,LRYRYGLFKQRIAKE,72,0.062834,0.10996733245550588
5729,LSFAAALNGLAGPLH,72,0.191875,0.29162063156800594
5730,LSSNDLAKYKANWIE,72,0.15395999999999999,0.06940748126274683
5731,LSYRSLQPETFAVVD,72,0.25567199999999995,0.40374836729985464
5732,LTGYSLFQKEKMVLN,72,0.31466,0.06103200481454678
5733,LVKFVAGDGDVVAVD,72,0.273965,0.2801392491490588
5734,LVKYEGDTMAEVELR,72,0.360503,0.3043410179134507
5735,LVSKLYEVVPGILTE,72,0.16247799999999998,0.2259879720211146
5736,MASSSSVLLVVALFA,72,0.26299,0.23704310018745167
5737,MASSSSVLLVVVLFA,72,0.38065,0.1543078446618172
5738,MGEAVQNTVEDLKLN,72,0.0,0.33886586372013566
5739,MGRDIKVQFQSGGAN,72,0.022626,0.18606713405430683
5740,MLLRKYGIAAENVID,72,0.37842800000000004,0.41567664307435087
5741,MPFVTTQPEALAAAA,72,0.276375,0.7108396391731203
5742,MSFVTTQPEALAAAA,72,0.21260500000000002,0.6831388288060676
5743,MVVERLGDYLVEQGM,72,0.200773,0.1955536211941717
5744,NCVLKKSTNGLRIKS,72,0.0,0.019546163190845654
5745,NDAIKASTGGAYESY,72,0.281868,0.30138868129714
5746,NDFLKTGHYTQMVWA,72,0.027737,0.2313871491269398
5747,NFTVGRIIELFTAKG,72,0.23134899999999997,0.2207096722638984
5748,NHFFNHHKVMLLGHD,72,0.03281,0.09039904587644236
5749,NHFFNHHKVMLLGHS,72,0.09511599999999999,0.09620205733172699
5750,NIWADDLAASLSTLE,72,0.565569,0.7227009187734601
5751,NLNIKLNMPLYIAGN,72,0.045866000000000004,0.06574497714024329
5752,NMVVERLGDYLVEQG,72,0.296968,0.19545816940698227
5753,NNRIWLQFAKLTGFT,72,0.017618,0.08675160425250013
5754,NPRQAYANYRDIDLG,72,0.056357000000000004,0.18541417256358456
5755,NRIMADGGSIQNTNL,72,0.341008,0.06952658783234042
5756,NVSHIQSAVVCGRRH,72,0.113105,0.15647412057315274
5757,NYLALLVKFVAGDGD,72,0.154909,0.15971967328008238
5758,PAAAYATATPAAATA,72,0.572345,0.17774091788083737
5759,PAGVCPTIGVGGNFA,72,0.081298,0.05301533050937699
5760,PALLALLALPALLLL,72,0.405947,0.05966261112311116
5761,PASWKNNRIWLQFAK,72,0.226769,0.0808259333147645
5762,PCKGDSVTIKLDGNL,72,0.11006600000000001,0.05443338420956178
5763,PCRAGFETNVSHNVQ,72,0.10779100000000001,0.17490829702863134
5764,PDLPYDYGALEPAIS,72,0.40779699999999997,0.3451235128557726
5765,PEGLLWLLLTGKVPT,72,0.218923,0.08756228192131303
5766,PEQIQLLKKAFDAFD,72,0.242986,0.1103265862988422
5767,PEVKYAVFEAALTKA,72,0.257114,0.7082460112531568
5768,PIIIDQKYCPNKICT,72,0.0,0.04580316300600196
5769,PIYIVTPTNASHIQS,72,0.08795499999999999,0.11106154483503712
5770,PKDSDEFIPMKSSWG,72,0.11283299999999999,0.12464204485053157
5771,PKGGAESSSKAALTS,72,0.202766,0.17266537775175517
5772,PLYKLVHVFINTQYA,72,0.519547,0.08646053407031777
5773,PPPPQLGASPYKLGP,72,0.233436,0.020026917155887745
5774,PQVKYAVFEAALTKA,72,0.225649,0.6506387606985533
5775,PSMGRDIKVQFQSGG,72,0.127054,0.07673636253012238
5776,PTLAFPAGVCPTIGV,72,0.191609,0.07888679379606407
5777,PYGATISATPEWATP,72,0.594938,0.5373182950576012
5778,QAGGKLCPNNLCCSQ,72,0.0,0.03331824995454656
5779,QDHQEEICEVVLAKS,72,0.327455,0.18247533347487133
5780,QEVFKAIQSLKTTEV,72,0.292616,0.20842322207360342
5781,QFRRVKCKYPEGTKV,72,0.0,0.011070396575664793
5782,QGEPGAVIRGKKGAG,72,0.0,0.050394163303187973
5783,QGEPGRVIRGKKGAG,72,0.0,0.028294684853919557
5784,QIHQYIMALREEYFD,72,0.617711,0.44057281650591096
5785,QIRMAKLLGRDPEQS,72,0.07936,0.08328585636735707
5786,QKLIEDINASFRAAM,72,0.261036,0.3649523928311371
5787,QKYCPNKICTSKGDS,72,0.0,0.018368232055282884
5788,QLYSKFLLKAEPLAF,72,0.400688,0.22941172420755518
5789,QPCNGVTMNDVKIEY,72,0.325373,0.09665728438770818
5790,QPNLKALREKVLGLP,72,0.177732,0.03576867791432376
5791,RDCLIAHGAANTITE,72,0.502158,0.6324170894673362
5792,RGLLRRARGGPHHRR,72,0.090169,0.1056192522480715
5793,RIDTPDKLTGPFTVR,72,0.072028,0.036972055533545066
5794,RIIAGTLEVHAVKPA,72,0.27467800000000003,0.1858493276306435
5795,RKHIEWNCDVCRHGD,72,0.028985000000000004,0.06611995060207715
5796,RLEFDEFVTLAAKFI,72,0.422883,0.4837597659440953
5797,RMFSSTLRAAVPWYA,72,0.422913,0.44308305813047455
5798,RTATNIWIDHNSFSN,72,0.155691,0.1598720603957228
5799,RVIRGKKGAGGITIK,72,0.022408,0.018622288515980388
5800,RVWEQIFSTWLLKPG,72,0.15603399999999998,0.12614004577551655
5801,RVYCDPCRAGFETNV,72,0.074124,0.1766079093339424
5802,SADEVQRMMAEIDTD,72,0.337495,0.4330957891221562
5803,SAIRAAPEAARSLAS,72,0.288008,0.5556590041085523
5804,SDDELPYIDPNMEPV,72,0.591713,0.18690831653480833
5805,SFGIVVAWQVKLLPV,72,0.431721,0.2963078469183296
5806,SGTVDFDEFMEMMTG,72,0.5126649999999999,0.5331131099715838
5807,SHIQSAVVCGRRHGV,72,0.19008599999999998,0.06354964441326055
5808,SRAEVSYVHVNGAKF,72,0.10397,0.14818879662834325
5809,SRSFLKHSLLRTQRL,72,0.146181,0.08281984184988547
5810,SSKAATAKAPGLVPK,72,0.064983,0.18669549313279804
5811,STVVASVTIIDRSLP,72,0.520094,0.21200264181067568
5812,STWLLKPGAGIMIFD,72,0.375056,0.1992878145369446
5813,SVLLVVALFAVFLGS,72,0.24190799999999998,0.20273333013101377
5814,SVRIRVRSGGHDYEG,72,0.14669400000000002,0.047881617267212566
5815,SVTIKLDGNLLSSND,72,0.23907399999999998,0.11886252205062521
5816,SYVHVNGAKFIDTQN,72,0.0,0.10085105227308554
5817,TAAVELARALVRAVA,72,0.47796000000000005,0.6845096563566052
5818,TAKAPGLVPKLDAAY,72,0.22889,0.05408718080146639
5819,TANVPPADKYKTLEA,72,0.060289999999999996,0.03814403778332129
5820,TATSASAGWDTVLQS,72,0.195278,0.33194562601664296
5821,TDALRTLGSTSADEV,72,0.5066510000000001,0.3486210493391333
5822,TFYGSNPRGAAPDDH,72,0.15552,0.1332687996553908
5823,TIAAMMTSPLSVASM,72,0.21583000000000002,0.30316064469681686
5824,TISNNLFFNHHKVML,72,0.0,0.08563980954935325
5825,TKKFDEVVKANGGYL,72,0.292973,0.0760364915208557
5826,TKVTFHVVGVGPLLH,72,0.357442,0.08469820868231667
5827,TLGSTSADEVQRMMA,72,0.40134899999999996,0.233186081063389
5828,TNFKYNYSVIEGGPI,72,0.0,0.14826434730765264
5829,TPTNASHIQSAVVCG,72,0.20010899999999998,0.1653263925000569
5830,TVAAAPQVKYAVFEA,72,0.303752,0.6126032016583206
5831,TVLAFPAGVCPTIGV,72,0.277978,0.10753034531647698
5832,TWQGGSGMASHIIYE,72,0.254855,0.23362454238948097
5833,VATLSEALRIIAGTL,72,0.11631099999999998,0.45674813905740375
5834,VDIKPKDSDEFIPMK,72,0.043439,0.08993352925763602
5835,VEDEARRMWASAQNI,72,0.42153599999999997,0.36393579360617945
5836,VFGNCEGVKIIGISI,72,0.072872,0.09479815008734739
5837,VGNVAWMHVLAAKYI,72,0.403546,0.21812060517699727
5838,VHAQTVEDEARRMWA,72,0.31404699999999997,0.17548655371202113
5839,VIPANWKPDTVYTSK,72,0.30651,0.042661129733415126
5840,VKGDPVGILYAVFKA,72,0.0,0.1740907455768718
5841,VKIEYSGTNNKTMAV,72,0.08795499999999999,0.12619653358341995
5842,VKPLYIITPTNVSHI,72,0.0,0.0998313369440193
5843,VKQNTLKLATGMRNV,72,0.194259,0.07970361903776177
5844,VLMEWLKTRPILSPL,72,0.42954899999999996,0.08271382692384749
5845,VNYWFAPGAAAAPLS,72,0.636777,0.5386384899282474
5846,VPPADKYKTFEAAFT,72,0.076173,0.3463295650103824
5847,VPQLQPQNPSQQQPQ,72,0.13955399999999998,0.025606508933994403
5848,VQNTVEDLKLNTLGR,72,0.05834400000000001,0.051017696826222196
5849,VRILRRVHHRKYLTD,72,0.12104000000000001,0.03224581809461866
5850,VRSGGHDYEGLSYRS,72,0.0,0.07551216547055749
5851,VRVPVPQLQPQNPSQ,72,0.21616799999999997,0.03657239197709135
5852,VSEALRIIAGTLEVH,72,0.369747,0.3576106823158934
5853,VSTIVPYIGPALNIV,72,0.342904,0.12672608404101346
5854,VSVDCSEYPKPDCTA,72,0.14455,0.10250330388521824
5855,VTMNDVKIEYSGTNN,72,0.22320399999999999,0.06871084066215832
5856,VVLGLATSPTAEGGK,72,0.267189,0.3345132381933993
5857,VVSRLLIPVPFDPPA,72,0.130572,0.2212769343206421
5858,VWRIDTPDKLTGPFT,72,0.07778,0.03647574059280969
5859,WEQIFSTWLLKPGAG,72,0.032409,0.08749764527637126
5860,WGAIWRIDTPDKLTG,72,0.125549,0.15297284424793764
5861,WGAIWRIDTPEVLKG,72,0.274931,0.27290541233399185
5862,WIELKESWGAVWRID,72,0.26652,0.2140411070800482
5863,WKPDTVYTSKLQFGA,72,0.157053,0.10488071806192749
5864,YANYRDIDLGRNEVV,72,0.303406,0.19267747357622608
5865,YGIAAENVIDVKLVD,72,0.37849,0.34788296573335553
5866,YGRIAECILGMNPSR,72,0.149027,0.1418233389259214
5867,YKDVDKPPFSGMTGC,72,0.0,0.047957454529961745
5868,YKKLRTSSFALNLPT,72,0.0,0.1612527829692899
5869,YLAILVKYVDGDGDV,72,0.431965,0.1211687177172748
5870,YPFIEQEGPEFFDQE,72,0.19926300000000002,0.6801853538319893
5871,YRKILRQRKIDRLID,72,0.0,0.13349594091155745
5872,YTTEGGTKGEAKDVI,72,0.022091,0.08438928085237744
5873,EEDKENALSLLDKIYT,72,0.253556,0.19101311692167197
5874,EKIQKAFDDIAKYFSK,72,0.174463,0.1905594142419755
5875,GKWYLKAMTADQEVPE,72,0.404596,0.32919608823855134
5876,KFDSQLAHRHMARELH,72,0.24177300000000002,0.08429063760483851
5877,LNKIVRMYSPVSILDI,72,0.138265,0.1922683743941919
5878,SPEVIPMFSALSEGAT,72,0.430775,0.605623162515348
5879,CVDAKMTEEDKENALSL,72,0.186101,0.20625817396807367
5880,EHREVLWKFDSQLAHRH,72,0.10516199999999999,0.08218542836608664
5881,YAHAAHAAHAAHAAHAA,72,0.26210100000000003,0.020926382949530888
5882,FESTGNLIAPEYGFKISY,72,0.5818760000000001,0.49744979090673047
5883,LRAEQASQEVKNWMTETL,72,0.12972899999999998,0.09207165790494218
5884,NVTENFNMWKNNMVEQMH,72,0.47197100000000003,0.06550603948224018
5885,PVGDIYKRWIILGLNKIV,72,0.11283299999999999,0.04436875696633359
5886,SELYLYKVVKIEPLGVAP,72,0.18901600000000002,0.1769646198848875
5887,WVKVVEEKGFNPEVIPMF,72,0.45828100000000005,0.19633782305450131
5888,YVDRFYKTLRAEQASQEV,72,0.497112,0.2819737579722897
5889,GEIYKRWIILGLNKIVRMY,72,0.132448,0.06782366102280783
5890,KLPKPPKPVSKMRMATPLL,72,0.138692,0.11630783975468241
5891,LGVLLLIGCWYCRRRNGYR,72,0.0,0.4087438316843208
5892,VRVPVPQLQPQNPSQQQPQ,72,0.316871,0.042190986304652914
5893,WEALKYLWNLLQYWGQELK,72,0.168146,0.48118859212603193
5894,ARRRRASEAPPTSHRRASRQ,72,0.15316,0.1735981398944306
5895,DKISDVSTIVPYIGPALNIV,72,0.479519,0.049930856285014695
5896,EAKYDAYVATLSEALRIIAG,72,0.394054,0.5672549558679807
5897,EYLNKIQNSLSTEWSPCSVT,72,0.31892600000000004,0.10265563765785131
5898,GFGMLLRKYGIAAENVIDVK,72,0.26061,0.3081683335352354
5899,IEPIVATNWQKLEAFWHKHM,72,0.204518,0.23099488163859594
5900,KDKWIELKESWGAIWRIDTP,72,0.205202,0.12747713533548768
5901,KIIGGIGGFVKVRQYDQIPI,72,0.259296,0.04060945470867551
5902,KMIGGIGGFVKVRQYDQIPI,72,0.261221,0.02098150216618148
5903,KRWIILGLNKIVRMYSPTSI,72,0.191727,0.045855993630894945
5904,LYKYKVVKIEPLGVAPTKAK,72,0.235915,0.1090360017820347
5905,VATLSEALRIIAGTLEVHAV,72,0.300509,0.23793217149616283
5906,VLMEWLKTRPILSPLTKGIL,72,0.42904499999999995,0.04611371582808832
5907,WGAIWRIDTPDKLTGPFTVR,72,0.144176,0.08552974578363222
5908,YIITPTNVSHIQSAVVSGRR,72,0.11564100000000001,0.06665353758928075
5909,EALYLVCGE,73,0.363429,0.06353795168986226
5910,EEAEQVREE,73,0.18715299999999999,0.04275598437271653
5911,LAPGDQTST,73,0.0,0.055142184621400324
5912,SQPEQEFPQ,73,0.0,0.008877570155710491
5913,AIAAEAPEAW,73,0.584113,0.3754975987548235
5914,DMTPADALDD,73,0.149266,0.2432865015900638
5915,EIVDLMCHAT,73,0.168691,0.05771556513303904
5916,EVDMTPADAL,73,0.47843100000000005,0.13883477649258177
5917,FIEQEGPEYF,73,0.8296309999999999,0.2436045485906736
5918,FWANYEEEWR,73,0.24317399999999997,0.09137374140350463
5919,IIQPKQPAQL,73,0.0,0.013314190298872363
5920,WEEQEGPEYW,73,0.338027,0.26831354336618074
5921,WIEQAGPEYW,73,0.489688,0.5740464825707858
5922,WIEQEGIEYW,73,0.330464,0.371329768668697
5923,WIEQEGPKYW,73,0.16151500000000002,0.12731105742315987
5924,WIKQEGPEYW,73,0.379904,0.14558716606457825
5925,AAAAAVAAEAY,73,0.516523,0.3201248305484785
5926,KIQNVIIDECY,73,0.45998900000000004,0.10286873508185117
5927,KMMGVPLQCSA,73,0.407302,0.05275341973027674
5928,LVEALYLVCGE,73,0.468398,0.3024463587804958
5929,MSSGSFINISV,73,0.260849,0.02798923118789236
5930,PEQPFPKQPEQ,73,0.0,0.002116839598415562
5931,DPEDSALLEDPA,73,0.24320799999999998,0.6104180590648415
5932,EDPEDSALLEDP,73,0.020327,0.6078321078972256
5933,EDSALLEDPAGT,73,0.12729000000000001,0.45798732328488534
5934,ELVPEDPEDSAL,73,0.194426,0.24632455391912406
5935,FSQPEQEFPQPQ,73,0.180781,0.01450637238164038
5936,FSQPQQQFPQPQ,73,0.189997,0.011171070017604232
5937,GVTYEIDLTNKN,73,0.41744899999999996,0.16887593308743573
5938,LVPEDPEDSALL,73,0.123725,0.3892515207120404
5939,NPGLIIGALAGS,73,0.19729100000000002,0.11333043133865882
5940,PEDPEDSALLED,73,0.173282,0.5988101351355603
5941,PEDSALLEDPAG,73,0.22194,0.41188749145939085
5942,PELVPEDPEDSA,73,0.318565,0.17859523371260028
5943,PGLIIGALAGST,73,0.05902999999999999,0.09274185852730873
5944,VPEDPEDSALLE,73,0.0258,0.4865711867643805
5945,AFILCGDNLFPKV,73,0.606427,0.6628826341590638
5946,AFILDFDNLFPKV,73,0.920716,0.9361817165184612
5947,AFILDGDDLFPKV,73,0.57752,0.9368282098405312
5948,AFILDGDILFPKV,73,0.603888,0.8852063091267363
5949,AFILDGDNCFPKV,73,0.43287600000000004,0.8803382372345759
5950,AFILDGDNHFPKV,73,0.477919,0.8846848686076718
5951,AFILDGDNPFPKV,73,0.67267,0.9316133029920813
5952,AFILDGDNVFPKV,73,0.6206109999999999,0.9458780094437835
5953,AFILDGDRLFPKV,73,0.374375,0.8767145482013742
5954,AFILDGDYLFPKV,73,0.5734,0.9658687207792732
5955,AFILDGINLFPKV,73,0.291284,0.7361383086973915
5956,AFILDGPNLFPKV,73,0.487566,0.5689393551550359
5957,AFILDGVNLFPKV,73,0.388716,0.72173947380916
5958,AFILDKDNLFPKV,73,0.588294,0.8643286109703967
5959,AFILDQDNLFPKV,73,0.6902590000000001,0.9530233860044574
5960,AFILDWDNLFPKV,73,0.9548979999999999,0.9525992495469217
5961,AFILHGDNLFPKV,73,0.674912,0.585094899666913
5962,AFILNGDNLFPKV,73,0.591851,0.5982326531489295
5963,AFILTGDNLFPKV,73,0.6268630000000001,0.8334090040558482
5964,KPLLIIAEDVEGE,73,0.350227,0.6620851948435545
5965,SPEVIPMFSALSE,73,0.301991,0.34508008425734105
5966,EAMSQANSAILMQR,73,0.199131,0.3528258765838898
5967,EEDIEIKPIQEEEY,73,0.649778,0.8084424186685503
5968,KPLLIIAEDVEGEY,73,0.776514,0.7510457656667483
5969,LDHILEPSIPYKSK,73,0.140317,0.24672964740273537
5970,MLFRILSLNLIKIK,73,0.45738100000000004,0.0954076507169926
5971,NTSYRLISCNTSVI,73,0.175332,0.06824309153597602
5972,PLYRYLGGCFACSL,73,0.504067,0.22584888919320334
5973,PQPEQPEQPFPQPQ,73,0.0,0.002466737211912896
5974,PQPEQPQQPFPQPQ,73,0.0,0.0018731559217229948
5975,PQPQQPEQPFPQPQ,73,0.0,0.0017724999587180304
5976,PQPQQPQQPFPQPQ,73,0.0,0.0012267102638538411
5977,AAAAPAAVGAAVGGT,73,0.343744,0.1427516805091155
5978,AAAGLAAAAPLESRQ,73,0.304533,0.6781832652274398
5979,AAGAQLLWQLPLLSI,73,0.29952199999999995,0.41514133968896344
5980,AAGDFWGGAGSAACQ,73,0.12548900000000002,0.12226093434218334
5981,AAGVAAWSLIALMIP,73,0.32504,0.58265027011839
5982,AAIVNKLKAILVDLE,73,0.29044200000000003,0.28645237982102345
5983,AALPLLFFALAGQRI,73,0.554338,0.4416875552489367
5984,AAPEAARSLASSLPG,73,0.193656,0.5920544115403442
5985,AAPLSWSKDIYNYME,73,0.18121099999999998,0.2353662759721936
5986,AASDFWGGAGSAACQ,73,0.100188,0.19393933933179774
5987,AASGADGTYDITKLG,73,0.033957999999999995,0.11023981695570347
5988,ADVQYDLYLNVANRR,73,0.362467,0.43857998436125145
5989,AELMILIATNLLGQN,73,0.209286,0.30279640016515147
5990,AFEGVFGHLAATAVP,73,0.364735,0.5100301769756292
5991,AFMLAWNYGVPRVMS,73,0.394757,0.46746741829776495
5992,AGALEVHAVKPVTEE,73,0.21275700000000003,0.35040875648116815
5993,AGAWRTAAVELARAL,73,0.668927,0.75348411450658
5994,AGRFEVHAQTVEDEA,73,0.754898,0.5801376039868411
5995,AGWDTVLQSITTILA,73,0.450082,0.2918976662035292
5996,AHARSYQTLSTQAAA,73,0.37109699999999995,0.22230424794998355
5997,AINIFNVEKYGAVGD,73,0.20811100000000002,0.41526513741253956
5998,AKPDGKTDCTKEVEE,73,0.0,0.11870824138641799
5999,ALKESWGAIWRIDTP,73,0.229185,0.3819797178932967
6000,ALLPRAGAAAAAALP,73,0.232133,0.18628379599055422
6001,ALQSHDDVALVSVMW,73,0.41668,0.5135443237623892
6002,ALRVIAGALEVHAVK,73,0.396926,0.5846299528623113
6003,ALSDADWHFIADPAS,73,0.440722,0.4293029737702869
6004,ALTKAITAMSEVQKV,73,0.321913,0.43578810209243934
6005,APFIEQEGPEYFDQE,73,0.814998,0.7505657317941152
6006,APGAAAAPLSWSKDI,73,0.207369,0.2440498953726548
6007,AQAVYDFRSIVDYLR,73,0.380282,0.474035621473149
6008,AQIYQAVSAQAAAIH,73,0.456841,0.5067084834523353
6009,AQVRADRILALDADP,73,0.497962,0.3569362898118821
6010,ARRRRASEAPPTSHR,73,0.0,0.20417136302212394
6011,ARWVYFLTRMRNPTG,73,0.027842000000000002,0.22408373917234395
6012,ASAAILGHDGTVWAQ,73,0.128685,0.24149475115144012
6013,ASEAPPTSHRRASRQ,73,0.399059,0.21301315429302856
6014,ASNPNYLAILVKYVD,73,0.41619700000000004,0.1235824780294631
6015,ATPPPPPPPQLGASP,73,0.200682,0.012787870725606922
6016,ATSPTAEGGKATTEE,73,0.05412,0.2343704151226567
6017,ATTANVPPADKYKTF,73,0.192604,0.07646232824721651
6018,AVFEAALTKAITAMS,73,0.276798,0.36271121597488193
6019,AVFEAALTKAITAMT,73,0.06461599999999999,0.4009630662199042
6020,AVHVWLRLPAGRVEI,73,0.129734,0.4741316832185688
6021,AVIRGKKGAGGITIK,73,0.064539,0.02168456790029056
6022,AVMLTFDNAGMWNVR,73,0.37251999999999996,0.3663464792773691
6023,AWASACGGTGKNTIV,73,0.0,0.07270096139731853
6024,AWMSAAATQAEQAAT,73,0.559825,0.5818197260324992
6025,AYGSFVRTVSLPVGA,73,0.350545,0.32782358561842745
6026,AYSDDKSMKVTVAFN,73,0.073036,0.12001839132397406
6027,AYVATVSEALRIIAG,73,0.315714,0.5179794542517913
6028,CDASILIDPLSNQSA,73,0.24829099999999998,0.4747429635209927
6029,CDGERPTLAFLQDVM,73,0.5300189999999999,0.6451038839430997
6030,CGGTGKNTIVIPKGD,73,0.0,0.04324013827415776
6031,CGYKDVDKPPFDGMT,73,0.0276,0.3866839826702427
6032,CIEYVTLNASQYANC,73,0.42937299999999995,0.3595779357358877
6033,DALTLRTATNIWIDH,73,0.106573,0.2738508521604445
6034,DDRITKARWVYFLTR,73,0.0,0.15896409512712045
6035,DEARRMWASAQNISG,73,0.187645,0.39179596183635884
6036,DEPMVQVEAGKVNHS,73,0.167158,0.218354463488028
6037,DESWQQFRQELIPLL,73,0.601785,0.3170383609472272
6038,DGQGKAVWGKNSCAK,73,0.0,0.08609935124247826
6039,DHTNFKYNYSVIEGG,73,0.267833,0.23380997232451997
6040,DIDLGRNEVVNDVST,73,0.28015300000000004,0.4050645016262061
6041,DIFTNSRGKRASKGN,73,0.0,0.09090547174698979
6042,DIKVQFQSGGNNSPA,73,0.093895,0.20261413124327185
6043,DINASFRAAMATTAN,73,0.32810500000000004,0.4125185852636305
6044,DITVKNCVLKKSTNG,73,0.0,0.03335642165745435
6045,DKISDVSTIVPYIGP,73,0.442799,0.20573918886230047
6046,DKKCIEWEKAQHGAC,73,0.21416999999999997,0.1744062219903122
6047,DKLTGPFTVRYTTEG,73,0.191563,0.2604939732173403
6048,DKVYEILKINSVKYY,73,0.37344499999999997,0.13300631570964727
6049,DLVANQPNLKALREK,73,0.06389199999999999,0.09126020638784998
6050,DRASYRAHWQDDDVT,73,0.29584499999999997,0.4147865679954578
6051,DVFYNGAYFVSSGKY,73,0.21698699999999999,0.33166190126324074
6052,DVLSQPMLPHTWDGS,73,0.23305900000000002,0.15981990624786477
6053,EAAFNKAIKESTGGA,73,0.0,0.19858468410544067
6054,EDIVADHVASYGVNL,73,0.173992,0.36613148285987696
6055,EEDIEIIPPIQEEEY,73,0.571643,0.8172006517202786
6056,EEFVSLASRFLVEED,73,0.339667,0.6635520302035262
6057,EEVDMTPADALDDFD,73,0.6631279999999999,0.6669426297328964
6058,EFIPMKSSWGAIWRI,73,0.191749,0.32976176464813717
6059,EFVTLAAKFIIEEDS,73,0.644195,0.6251707270717499
6060,EGHHLASAAIFGHDG,73,0.190421,0.2998426848485356
6061,EGHHLASAAILGHDG,73,0.118147,0.28447819531214263
6062,EHELYVAVLSNALHR,73,0.396495,0.5255855678566836
6063,EITGIMKDFDEPGHL,73,0.373768,0.2612552869969338
6064,EKKYFAAFQFEPLAA,73,0.613074,0.9299467292645713
6065,EKKYFAALQFEPLAA,73,0.634759,0.8888574988650513
6066,EKKYFAARQFEPLAA,73,0.45829899999999996,0.7564542592219621
6067,EKKYFAATEFEPLAA,73,0.645954,0.8065221827783364
6068,EKKYFAATKFEPLAA,73,0.387776,0.43630712831056306
6069,EKKYFAATQAEPLAA,73,0.679217,0.7320941902683873
6070,EKKYFAATQCEPLAA,73,0.47029499999999996,0.6388687937201013
6071,EKKYFAATQDEPLAA,73,0.694052,0.6514546231862426
6072,EKKYFAATQEEPLAA,73,0.719787,0.7521616106712533
6073,EKKYFAATQGEPLAA,73,0.583777,0.6010867685794336
6074,EKKYFAATQHEPLAA,73,0.46269499999999997,0.5512407317322745
6075,EKKYFAATQIEPLAA,73,0.717584,0.7194822392383253
6076,EKKYFAATQKEPLAA,73,0.37269800000000003,0.5204790181749079
6077,EKKYFAATQLEPLAA,73,0.762888,0.6804632360829933
6078,EKKYFAATQMEPLAA,73,0.7138,0.677199979273319
6079,EKKYFAATQNEPLAA,73,0.577675,0.5994898832114915
6080,EKKYFAATQPEPLAA,73,0.6577890000000001,0.6533414561092789
6081,EKKYFAATQQEPLAA,73,0.6054189999999999,0.6435245083853849
6082,EKKYFAATQREPLAA,73,0.45807700000000007,0.6136582731186696
6083,EKKYFAATQSEPLAA,73,0.600866,0.6118861690705993
6084,EKKYFAATQTEPLAA,73,0.566362,0.6495485032522136
6085,EKKYFAATQVEPLAA,73,0.581553,0.6744949472978792
6086,EKKYFAATQWEPLAA,73,0.43983500000000003,0.6249496970499481
6087,EKKYFAATQYEPLAA,73,0.48554899999999995,0.6500955377746076
6088,EKKYFAATWFEPLAA,73,0.606496,0.8407594038862627
6089,EKKYFACTQFEPLAA,73,0.41796099999999997,0.8067533326399745
6090,EKKYFAHTQFEPLAA,73,0.6736880000000001,0.6001427845164069
6091,EKKYFANTQFEPLAA,73,0.352691,0.6232760205198659
6092,EKKYFATTQFEPLAA,73,0.430829,0.6012923223198207
6093,ELKESWGAIWRIDTP,73,0.45714499999999997,0.3819797178932967
6094,ELYKYKVVKIEPLGV,73,0.569661,0.11939725382326137
6095,EQCGRQAGGKLCPNN,73,0.0,0.055962704231438225
6096,ESLHNPYPDYHWLRT,73,0.216955,0.14792433810370573
6097,ESTGGAYDTYKSIPS,73,0.16983,0.2453971086060822
6098,ESWGAVWRIDTPDKL,73,0.391907,0.5024601194690381
6099,EVDMTPADALDDFDL,73,0.7579,0.7176736043763061
6100,EVLGFRMVQDERVGR,73,0.477943,0.26431298158801203
6101,EVVKANGGYLAAGKL,73,0.297315,0.20197647737048108
6102,EYIEAAKWLLPPPKV,73,0.444729,0.3714602927729612
6103,EYLNKIQNSLSTEWS,73,0.401356,0.1831984556191033
6104,FAVATITHAAELQRV,73,0.6194810000000001,0.5122697460793518
6105,FDHEFTFGWDELLSK,73,0.523046,0.7423260658557898
6106,FDKYGATISATPESA,73,0.35181999999999997,0.6204336058230056
6107,FDPKGATISATPESA,73,0.233377,0.4958269955122007
6108,FDPYGATIKATPESA,73,0.25666700000000003,0.46872685844233275
6109,FDPYGATISATKESA,73,0.364427,0.4438416279768818
6110,FDPYGATISATPEKA,73,0.36171,0.5570690786914141
6111,FDPYGATISATPESA,73,0.406913,0.6556034732014023
6112,FDPYGATISATPESK,73,0.459304,0.5570690786914141
6113,FDPYGATISATPKSA,73,0.374322,0.434283726168261
6114,FDREFTFGWDELLSK,73,0.441825,0.5720411087275736
6115,FEAAFNDAIKASTGG,73,0.050766000000000006,0.686024866055925
6116,FKPYGATISATPESA,73,0.426303,0.6333409081096538
6117,FLAVAVVLGLATSPT,73,0.375981,0.37708801461610786
6118,FLFQRAVAREAIIAL,73,0.3212,0.598502324603292
6119,FPPNGTHSWEYWGAQ,73,0.0,0.30778269301272726
6120,FTSLEYIEAAKWLLP,73,0.44359799999999994,0.59122951161953
6121,FVNQHLCGSHLVEAL,73,0.316242,0.15833956323026507
6122,FVVTGRVYCDPCRAG,73,0.190157,0.21096478316818937
6123,GAVDIINKWQVVAPQ,73,0.215491,0.27977704117834673
6124,GAYFVSSGKYEGGNI,73,0.016697,0.23903511668680535
6125,GELEFEEFVSLASRF,73,0.162688,0.7379340977683552
6126,GEVEIQFRRVKCKYP,73,0.096957,0.3198816294778929
6127,GEVLNALAYDVPIPG,73,0.6713439999999999,0.4004585500484197
6128,GGACGYKDVDKPPFS,73,0.0,0.13169068660563593
6129,GGGFGMLLRKYGIAA,73,0.029901999999999998,0.10085747496263643
6130,GGSILKISNKFHTKG,73,0.12026400000000001,0.03325168616974818
6131,GGSILKISNKYHTKG,73,0.163855,0.038256326023851546
6132,GHAYLLLPNTESARK,73,0.297361,0.3265291580882258
6133,GKGTLDGQGKAVWGK,73,0.0,0.04520761641913471
6134,GKIDFLNNYALFLSP,73,0.589305,0.3831270687079066
6135,GLSGEPKGGAESSSK,73,0.155931,0.06766789387089683
6136,GLVPKLDAAYSVAYK,73,0.356809,0.38903456486557336
6137,GNIVAVDIKPKDSDE,73,0.303711,0.20989321882009848
6138,GPPVEASAAALAGDA,73,0.441687,0.7035147002598805
6139,GRKRPIVRILRRVHH,73,0.231069,0.07932052928901948
6140,GTKGEAKDVIPEGWK,73,0.126635,0.5377711952610568
6141,GWIISNIFGAIPVLA,73,0.7898390000000001,0.41315102323958025
6142,GWIISNIFGAIPVLG,73,0.663088,0.33198505726416716
6143,HDYEGLSYRSLQPET,73,0.362807,0.46227082335355274
6144,HFSNVFRSVMAPFTM,73,0.600254,0.3865721535196711
6145,HGRQIRMAKLLGRDP,73,0.0,0.07420040031280271
6146,HMAKEDLVANQPNLK,73,0.21148699999999998,0.11726625756284201
6147,HSRNLINELSERMAG,73,0.096607,0.2540553782348502
6148,IAAMMTSPLSVASMT,73,0.31259899999999996,0.4001915193893424
6149,IASLFAAAGLAAAAP,73,0.23070700000000002,0.450464959928476
6150,IEFRFYKEITNVFRG,73,0.498433,0.37712628104467355
6151,IGPEAAEAAAAAPAA,73,0.523316,0.4503495752890456
6152,IGRIAETILGYNPSA,73,0.342841,0.23449164544010412
6153,IGSYVAFLSQTFAFI,73,0.171533,0.5726995772827441
6154,IHKASTVLAFPAGVC,73,0.35091999999999995,0.3309632317883188
6155,IIELFTAKGFTVQEM,73,0.5651609999999999,0.2639711468011134
6156,IITPTNVSHIQSAVV,73,0.23925300000000002,0.23337135109409227
6157,IMRIKKLTITGKGTL,73,0.092821,0.03495401662390245
6158,INLIIHYVDRPGALG,73,0.598457,0.1331441795737165
6159,IPKGDFLTGPLNFTG,73,0.133946,0.33679041537410825
6160,IPVMAYLVGLFAWVL,73,0.11692899999999999,0.5958882278885047
6161,IQNSLSTEWSPCSVT,73,0.318713,0.3035731377718106
6162,ISATPEWATPFPHRK,73,0.290633,0.49923418118872886
6163,ISDFRAAIANYHYDA,73,0.41927200000000003,0.5381640150541135
6164,ISGLKPGVDYTITVY,73,0.424455,0.38384540224822344
6165,ITAMSEVQKVSQPAT,73,0.158161,0.194738689777115
6166,IVLNHMTGAQSGKGT,73,0.04792,0.1314859661149936
6167,KAIKESTGGAYDTYK,73,0.0,0.161793468264246
6168,KASNPNYLAILVKYV,73,0.33015,0.09438041212897738
6169,KCKYPEGTKVTFHVE,73,0.081986,0.11066610772705192
6170,KDILEDERAAVDTYC,73,0.6489189999999999,0.4251085077999522
6171,KDKWIELKESWGAIW,73,0.142518,0.2308192988352302
6172,KDPYGATISATPESA,73,0.403916,0.6556034732014023
6173,KEVEEAWASACGGTG,73,0.062666,0.46997089004584053
6174,KEYTFPITLSSTSNP,73,0.0,0.44747834324257524
6175,KFTQFAGKDLESIKG,73,0.039847,0.2232677257381685
6176,KFVDSTVVASVTIID,73,0.180636,0.38938271241419886
6177,KGKDKWIELKESWGA,73,0.039546,0.1608723595323468
6178,KGSNDHYLALLVKYA,73,0.262181,0.19263998598653584
6179,KHLAVLVKYEGDTMA,73,0.243434,0.2930584560019078
6180,KIEIDQDHQEEICEV,73,0.586291,0.3200671972857985
6181,KKGAGGITIKKTGQA,73,0.019004,0.056256284811983887
6182,KLCPNNLCCSQWGWC,73,0.11823399999999999,0.09374611048263165
6183,KLPWKNESSIKVIKQ,73,0.06415499999999999,0.07325091822670882
6184,KLTITGKGTLDGQGK,73,0.013716999999999998,0.05633126340333907
6185,KMPMYIAGYKTFDGR,73,0.0,0.23633503897086786
6186,KNTIVIPKGDFLTGP,73,0.062100999999999996,0.10807787155169382
6187,KPPFSGMTGCGNTPI,73,0.064045,0.0477429572068294
6188,KSIIKARVVWKAIIE,73,0.145323,0.14903718742622052
6189,KSMKVTVAFNQFGPN,73,0.136218,0.2443597112898718
6190,KSTNGLRIKSYEDAK,73,0.0,0.07704798691660208
6191,KTDCTKEVEEAWASA,73,0.193017,0.4523046765490826
6192,KTVSEGAVDIINKWQ,73,0.26955999999999997,0.3658104936585241
6193,KYDAYVATLSEALRI,73,0.535199,0.722427282740035
6194,KYKTFEAAFTVSSKR,73,0.12824100000000002,0.7163727686097602
6195,LDGNLLSSNDLAKYK,73,0.10993900000000001,0.3405538327692506
6196,LEAKATFYGSNPRGA,73,0.0,0.3409107577707098
6197,LEKISNEIKIVATPD,73,0.455488,0.20945332185539214
6198,LFFNHHKVMLLGHDD,73,0.08342100000000001,0.12029222746817539
6199,LHFSEALRIIAGTPE,73,0.321481,0.47731188968808314
6200,LKNCVDAKMTEEDKE,73,0.07005700000000001,0.18576860138737147
6201,LKTRPILSPLTKGIL,73,0.220913,0.1224037188601765
6202,LNIKLNMPLYIAGNK,73,0.199045,0.1394280000941999
6203,LQFAKLTGFTLMGKG,73,0.0,0.23506792311170396
6204,LQSLWANFYELLADA,73,0.494555,0.7544479166280413
6205,LRIAAKIYSEADEAW,73,0.621463,0.632500679901864
6206,LSSNDLAKYKANWIE,73,0.333888,0.09258396351236227
6207,LSYRSLQPETFAVVD,73,0.439094,0.418896845260865
6208,LTGYSLFQKEKMVLN,73,0.392255,0.14116866407874748
6209,LVKFVAGDGDVVAVD,73,0.42023599999999994,0.36958428487013967
6210,LVKYEGDTMAEVELR,73,0.43986899999999995,0.5447867342431495
6211,LVSKLYEVVPGILTE,73,0.47088,0.3723015393908241
6212,MAFLRSVSRLAAAVF,73,0.43523900000000004,0.2699286304527543
6213,MASSSSVLLVVALFA,73,0.284586,0.2721171472879991
6214,MASSSSVLLVVVLFA,73,0.395638,0.14050568886146597
6215,MGEAVQNTVEDLKLN,73,0.19636800000000001,0.4169713268623186
6216,MGRDIKVQFQSGGAN,73,0.10878399999999999,0.23570258102834668
6217,MLLRKYGIAAENVID,73,0.721985,0.4156067370341328
6218,MPFVTTQPEALAAAA,73,0.378067,0.6557381197146317
6219,MSFVTTQPEALAAAA,73,0.558646,0.6873213311858011
6220,MSQIMYNYPAMMAHA,73,0.37403000000000003,0.695269240302964
6221,MSQIMYNYPAMRAHA,73,0.249676,0.47773549180723074
6222,MVVERLGDYLVEQGM,73,0.355188,0.4481490445850341
6223,NCVLKKSTNGLRIKS,73,0.0,0.02353808718914211
6224,NDAIKASTGGAYESY,73,0.066255,0.24226315053585512
6225,NDFLKTGHYTQMVWA,73,0.176541,0.4954691075667517
6226,NFTVGRIIELFTAKG,73,0.472418,0.26258366090334767
6227,NHFFNHHKVMLLGHD,73,0.177739,0.09700130317156291
6228,NHFFNHHKVMLLGHS,73,0.170253,0.09700130317156291
6229,NLNIKLNMPLYIAGN,73,0.144553,0.13340677942969867
6230,NMVVERLGDYLVEQG,73,0.40436,0.32912855188718243
6231,NNRIWLQFAKLTGFT,73,0.080528,0.17624452817158087
6232,NPRQAYANYRDIDLG,73,0.181106,0.3467182731466021
6233,NRIMADGGSIQNTNL,73,0.276672,0.06995649686428748
6234,NVSHIQSAVVCGRRH,73,0.085862,0.27849907313195077
6235,NYLALLVKFVAGDGD,73,0.240446,0.21662549646689486
6236,PAAAYATATPAAATA,73,0.309019,0.12398574588437533
6237,PAGVCPTIGVGGNFA,73,0.193838,0.0877415153775409
6238,PALLALLALPALLLL,73,0.407964,0.07236609913615834
6239,PASWKNNRIWLQFAK,73,0.075522,0.18232949436199852
6240,PCKGDSVTIKLDGNL,73,0.12401500000000001,0.11249511929561574
6241,PCRAGFETNVSHNVQ,73,0.125975,0.2962463160493806
6242,PEQIQLLKKAFDAFD,73,0.100012,0.10548290384912244
6243,PEVKYAVFEAALTKA,73,0.250176,0.7737970879942796
6244,PIIIDQKYCPNKICT,73,0.187424,0.05450132560248725
6245,PIYIVTPTNASHIQS,73,0.097379,0.13545560990599012
6246,PKDSDEFIPMKSSWG,73,0.068924,0.3728541454506248
6247,PKGGAESSSKAALTS,73,0.139299,0.16754013380619853
6248,PLYKLVHVFINTQYA,73,0.069375,0.13860460406989142
6249,PPPPQLGASPYKLGP,73,0.14948599999999998,0.043610947124229506
6250,PQVKYAVFEAALTKA,73,0.326961,0.7374313990121356
6251,PSMGRDIKVQFQSGG,73,0.23345100000000002,0.15763604931798775
6252,PSPSMGRDIKVQFQS,73,0.116006,0.06917081919307755
6253,PTLAFPAGVCPTIGV,73,0.150507,0.11170781791121684
6254,PYGATISATPEWATP,73,0.5372819999999999,0.5770525548899288
6255,QAGGKLCPNNLCCSQ,73,0.0,0.061576314601092544
6256,QDHQEEICEVVLAKS,73,0.26729200000000003,0.2720127561328209
6257,QEVFKAIQSLKTTEV,73,0.335095,0.2627740019219889
6258,QFRRVKCKYPEGTKV,73,0.07681900000000001,0.030485672272150308
6259,QGEPGAVIRGKKGAG,73,0.0,0.09907961503841595
6260,QGEPGRVIRGKKGAG,73,0.0,0.04929908892412545
6261,QIHQYIMALREEYFD,73,0.8875790000000001,0.6453329098438003
6262,QIRMAKLLGRDPEQS,73,0.055143,0.1848368911045749
6263,QKLIEDINASFRAAM,73,0.291576,0.4273142787975116
6264,QKYCPNKICTSKGDS,73,0.0,0.029117863752125772
6265,QLSALWARFPLPVIP,73,0.298825,0.3790606685663382
6266,QLYSKFLLKAEPLAF,73,0.5449229999999999,0.32903730797625846
6267,QPCNGVTMNDVKIEY,73,0.237826,0.21049687163996852
6268,QPEQPQQSKPEQERP,73,0.0,0.014541648519659818
6269,QPNLKALREKVLGLP,73,0.128795,0.0753360667480897
6270,QPYVLSVASLTSAGQ,73,0.24731799999999998,0.36339698879275517
6271,QVPSASMGRDIKVQF,73,0.186226,0.12922190388761276
6272,QYLIKHKSNNVITCG,73,0.12488099999999999,0.022458976136557448
6273,RCALHWFPGSHLLAC,73,0.142226,0.3023098753091677
6274,RCALHWFPGSHLLHV,73,0.153078,0.22031790051592898
6275,RDCLIAHGAANTITE,73,0.32114899999999996,0.4418610416031856
6276,RIDTPDKLTGPFTVR,73,0.124497,0.106182359327754
6277,RIIAGTLEVHAVKPA,73,0.275357,0.2676960140315132
6278,RIKLDIETSFIFIET,73,0.34930900000000004,0.367306989149208
6279,RLEFDEFVTLAAKFI,73,0.411491,0.7479063003013375
6280,RMFSSTLRAAVPWYA,73,0.310492,0.4633009632475478
6281,RSRPRRTTRRMDRRT,73,0.10223600000000001,0.08559563259016406
6282,RTATNIWIDHNSFSN,73,0.058639,0.2205234914213826
6283,RVIRGKKGAGGITIK,73,0.031655,0.019059325262033428
6284,RVWEQIFSTWLLKPG,73,0.161054,0.38859485384347
6285,RVYCDPCRAGFETNV,73,0.15521,0.34152031205891675
6286,SADEVQRMMAEIDTD,73,0.501995,0.6364590940285086
6287,SAIRAAPEAARSLAS,73,0.152197,0.6665830784530001
6288,SDDELPYIDPNMEPV,73,0.311077,0.5008549423678439
6289,SFGIVVAWQVKLLPV,73,0.765712,0.484007353147732
6290,SGTVDFDEFMEMMTG,73,0.376354,0.7021242109460865
6291,SHIQSAVVCGRRHGV,73,0.21726900000000002,0.10288689686452239
6292,SRAEVSYVHVNGAKF,73,0.172428,0.30240437486812793
6293,SSKAATAKAPGLVPK,73,0.06525700000000001,0.08920949312614591
6294,SSYAATEVANAAAAS,73,0.332592,0.8255344899832527
6295,SSYAATEVANAAAGQ,73,0.325324,0.7441578120049609
6296,STVVASVTIIDRSLP,73,0.47159799999999996,0.2653686616055502
6297,STWLLKPGAGIMIFD,73,0.21214499999999997,0.2068287784099346
6298,SVLLVVALFAVFLGS,73,0.38838,0.3535523536569402
6299,SVRIRVRSGGHDYEG,73,0.17706,0.08737610541233524
6300,SVTIKLDGNLLSSND,73,0.259727,0.16170731796777543
6301,SYVHVNGAKFIDTQN,73,0.0,0.1356059026568285
6302,TAAVELARALVRAVA,73,0.610109,0.6603679143932979
6303,TAKAPGLVPKLDAAY,73,0.116783,0.1089906751096762
6304,TANVPPADKYKTLEA,73,0.06971000000000001,0.05262303636474629
6305,TASDFWGGAGSAACQ,73,0.14235899999999999,0.19127462431288825
6306,TATSASAGWDTVLQS,73,0.234175,0.37167153389433544
6307,TDALRTLGSTSADEV,73,0.46686099999999997,0.37017370619054746
6308,TFYGSNPRGAAPDDH,73,0.167973,0.17921690982707636
6309,TGSRWCCWPVVPVAL,73,0.33447,0.391551856862459
6310,TIAAMMTSPLSVASM,73,0.318409,0.3605525686690741
6311,TISNNLFFNHHKVML,73,0.0,0.16450276520211893
6312,TKKFDEVVKANGGYL,73,0.270579,0.16052970934600483
6313,TLGSTSADEVQRMMA,73,0.479523,0.46301362553135916
6314,TNFKYNYSVIEGGPI,73,0.249892,0.22816757609929053
6315,TPTNASHIQSAVVCG,73,0.165656,0.22729605208622342
6316,TSALIWMASPPEVHS,73,0.46351899999999996,0.5074888163212139
6317,TVAAAPQVKYAVFEA,73,0.224712,0.603162828976122
6318,TVLAFPAGVCPTIGV,73,0.259331,0.21411728473898062
6319,TWQGGSGMASHIIYE,73,0.04169,0.20968441737588142
6320,VATLSEALRIIAGTL,73,0.19044,0.4418531129343649
6321,VDIKPKDSDEFIPMK,73,0.07437200000000001,0.22637932052449578
6322,VDLAKSLRIAAKIYS,73,0.09277300000000001,0.15422501481543557
6323,VEDEARRMWASAQNI,73,0.343829,0.3974521468563668
6324,VFGNCEGVKIIGISI,73,0.13311800000000001,0.1579003703812132
6325,VGNVAWMHVLAAKYI,73,0.293015,0.3961284479902098
6326,VHAQTVEDEARRMWA,73,0.456096,0.21165403230489963
6327,VIPANWKPDTVYTSK,73,0.093091,0.09492076268541849
6328,VKGDPVGILYAVFKA,73,0.296009,0.3101793336501298
6329,VKIEYSGTNNKTMAV,73,0.031362,0.14336816330416338
6330,VKPLYIITPTNVSHI,73,0.186101,0.12547107719947548
6331,VLMEWLKTRPILSPL,73,0.3967,0.1690086251205838
6332,VNYWFAPGAAAAPLS,73,0.481573,0.46728607777208386
6333,VPPADKYKTFEAAFT,73,0.275375,0.2807517152917669
6334,VPQLQPQNPSQQQPQ,73,0.10779100000000001,0.01659668348830779
6335,VQNTVEDLKLNTLGR,73,0.12531099999999998,0.0795326625947489
6336,VRILRRVHHRKYLTD,73,0.14565799999999998,0.0630310564087966
6337,VRSGGHDYEGLSYRS,73,0.16836199999999998,0.1874130180666179
6338,VRVPVPQLQPQNPSQ,73,0.04527,0.0649022753199109
6339,VSEALRIIAGTLEVH,73,0.261113,0.41638730580285044
6340,VSTIVPYIGPALNIV,73,0.45013500000000006,0.1513508528105852
6341,VTMNDVKIEYSGTNN,73,0.237868,0.2155677412245929
6342,VTVDAAVLAAIDADA,73,0.513192,0.5325333630691657
6343,VVLGLATSPTAEGGK,73,0.190839,0.4452514090316161
6344,VVSRLLIPVPFDPPA,73,0.364119,0.37126818847492044
6345,VWRIDTPDKLTGPFT,73,0.349115,0.11836455999198783
6346,WEQIFSTWLLKPGAG,73,0.118951,0.2931589167579281
6347,WGAIWRIDTPDKLTG,73,0.34463,0.27715087650989756
6348,WGAIWRIDTPEVLKG,73,0.646515,0.37877034290761574
6349,WIELKESWGAVWRID,73,0.255253,0.5347638700196854
6350,WKPDTVYTSKLQFGA,73,0.038211,0.17050029734902114
6351,YANYRDIDLGRNEVV,73,0.22890500000000003,0.31178724290602094
6352,YGIAAENVIDVKLVD,73,0.61958,0.3333889056353045
6353,YGRIAECILGMNPSR,73,0.495559,0.1901256232147233
6354,YKDVDKPPFSGMTGC,73,0.018831999999999998,0.20850334088016026
6355,YKKLRTSSFALNLPT,73,0.18384,0.30190057236314466
6356,YLAILVKYVDGDGDV,73,0.24733200000000002,0.2264311881047524
6357,YPFIEQEGPEFFDQE,73,0.784042,0.8428331062961232
6358,YRKILRQRKIDRLID,73,0.0,0.12494562558701769
6359,YTTEGGTKGEAKDVI,73,0.043555,0.13395004658673468
6360,EEDKENALSLLDKIYT,73,0.055041,0.24823638944044993
6361,EKIQKAFDDIAKYFSK,73,0.302696,0.2810469018917434
6362,GKWYLKAMTADQEVPE,73,0.42597799999999997,0.4544367495522949
6363,KFDSQLAHRHMARELH,73,0.278042,0.08064141567341009
6364,LGQPQPFPQQPFPQPQ,73,0.149679,0.008205117875925351
6365,LNKIVRMYSPVSILDI,73,0.427016,0.25061368082739566
6366,SPEVIPMFSALSEGAT,73,0.382318,0.41265272501344374
6367,CVDAKMTEEDKENALSL,73,0.10847899999999999,0.2179013931487919
6368,EHREVLWKFDSQLAHRH,73,0.249991,0.19682291904222585
6369,LGQPQPFPPQQPFPQPQ,73,0.0,0.003145104235005674
6370,YAHAAHAAHAAHAAHAA,73,0.31504899999999997,0.016739737228646176
6371,FESTGNLIAPEYGFKISY,73,0.486771,0.47658472064319624
6372,LRAEQASQEVKNWMTETL,73,0.160795,0.15348756369483285
6373,NVTENFNMWKNNMVEQMH,73,0.356864,0.20359833532556323
6374,PVGDIYKRWIILGLNKIV,73,0.24932100000000001,0.08150770175759046
6375,SELYLYKVVKIEPLGVAP,73,0.372659,0.3264003488109619
6376,WVKVVEEKGFNPEVIPMF,73,0.38762399999999997,0.3948605879746183
6377,YVDRFYKTLRAEQASQEV,73,0.363743,0.40094356016742466
6378,GEIYKRWIILGLNKIVRMY,73,0.171736,0.13429721028156766
6379,KLPKPPKPVSKMRMATPLL,73,0.153365,0.34401771639909556
6380,LGVLLLIGCWYCRRRNGYR,73,0.038211,0.7157046349951415
6381,VRVPVPQLQPQNPSQQQPQ,73,0.297158,0.07665233837424917
6382,WEALKYLWNLLQYWGQELK,73,0.172735,0.7552681526752153
6383,AIQFIDRRTQVRYSLDMLVT,73,0.361562,0.1721919497690793
6384,ARRRRASEAPPTSHRRASRQ,73,0.19559100000000001,0.13209500339371075
6385,DKISDVSTIVPYIGPALNIV,73,0.643727,0.11302914537450555
6386,EAKRVFSLEKKMSNYIQFKS,73,0.0,0.16296707055521722
6387,EAKYDAYVATLSEALRIIAG,73,0.094878,0.6806187398235315
6388,EYLNKIQNSLSTEWSPCSVT,73,0.45986400000000005,0.3100775765027951
6389,GFGMLLRKYGIAAENVIDVK,73,0.646971,0.4398131192437737
6390,HAPAAPANPGLIIGALAGST,73,0.292048,0.09151935741636642
6391,KDKWIELKESWGAIWRIDTP,73,0.42039399999999993,0.3744620894164204
6392,KIIGGIGGFVKVRQYDQIPI,73,0.175051,0.12402607572469453
6393,KMIGGIGGFVKVRQYDQIPI,73,0.11589,0.05102987114931467
6394,KRWIILGLNKIVRMYSPTSI,73,0.165526,0.11996595009712081
6395,KYAPLYAAEAKRVFSLEKKM,73,0.0,0.5312125890320679
6396,LYKYKVVKIEPLGVAPTKAK,73,0.39166,0.22651447953966647
6397,MLVTEMFREYNHRHSVGATL,73,0.111275,0.1291707208531509
6398,QEQLFSNVQYFAHYCRKYAP,73,0.212813,0.15850039248970305
6399,QYFAHYCRKYAPLYAAEAKR,73,0.0,0.6374809345618988
6400,TQVRYSLDMLVTEMFREYNH,73,0.26976300000000003,0.44062875752378916
6401,VATLSEALRIIAGTLEVHAV,73,0.121826,0.3466218675598457
6402,VLMEWLKTRPILSPLTKGIL,73,0.43968,0.20146614261598486
6403,WGAIWRIDTPDKLTGPFTVR,73,0.6528470000000001,0.2992826149600929
6404,YIITPTNVSHIQSAVVSGRR,73,0.43857799999999997,0.2095130785504719
6405,DMTPADALDD,74,0.208502,0.060649608346449654
6406,EIVDLMCHAT,74,0.04021,0.03693692896092819
6407,EVDMTPADAL,74,0.092445,0.15935459972729224
6408,AAAAAVAAEAY,74,0.848308,0.9589094860617201
6409,KMMGVPLQCSA,74,0.588391,0.186806482325547
6410,LVEALYLVCGE,74,0.254417,0.1106991545983909
6411,MSSGSFINISV,74,0.631479,0.06696162298711607
6412,DPEDSALLEDPA,74,0.105399,0.08383840490734787
6413,EDPEDSALLEDP,74,0.0,0.0706161555447549
6414,EDSALLEDPAGT,74,0.09929199999999999,0.2145410564109674
6415,ELVPEDPEDSAL,74,0.052876,0.08311063067470083
6416,GVTYEIDLTNKN,74,0.092721,0.08121297529642427
6417,LVPEDPEDSALL,74,0.0,0.07173089717302512
6418,NPGLIIGALAGS,74,0.7078760000000001,0.6671243645843632
6419,PEDPEDSALLED,74,0.062196,0.06221613137942229
6420,PEDSALLEDPAG,74,0.0,0.16575553467067594
6421,PELVPEDPEDSA,74,0.116626,0.05761502779451238
6422,PGLIIGALAGST,74,0.701321,0.6684467192673552
6423,VPEDPEDSALLE,74,0.0,0.0891065741068442
6424,ASTEYTPIGDNKA,74,0.011459,0.1759604632386994
6425,DKPSPFVQHAAGD,74,0.0,0.05002989762800874
6426,DYIDAYVSRLLDD,74,0.1449,0.19026358921012285
6427,DYVVMSAWYKEPN,74,0.0,0.25691736691115263
6428,GINYLIDTTSREL,74,0.0,0.09562147074399027
6429,MEALTFKACDHIM,74,0.083121,0.06301814077994168
6430,QDEKDYIDAYVSR,74,0.171825,0.08140360182170256
6431,SAMVYSSDDIPPR,74,0.182477,0.05113299447131678
6432,SPEVIPMFSALSE,74,0.201183,0.2065426732013265
6433,SPFGKAAAGDKPS,74,0.084687,0.396132487250715
6434,SPFGQKAAGDKPS,74,0.0,0.0881537244561739
6435,SSVDRYRNRVLLL,74,0.0,0.048324037745874404
6436,SYDGVSEDTDDDD,74,0.139176,0.07378594612561727
6437,YTPIGDNKALISK,74,0.058932000000000005,0.1440812710893069
6438,EAMSQANSAILMQR,74,0.530061,0.47533412606638614
6439,EEDIEIKPIQEEEY,74,0.020327,0.04860189086844629
6440,KPLLIIAEDVEGEY,74,0.090045,0.3205849854623098
6441,LDHILEPSIPYKSK,74,0.492277,0.211931506372201
6442,MLFRILSLNLIKIK,74,0.30993899999999996,0.05603616771976855
6443,NTSYRLISCNTSVI,74,0.217443,0.1599717075335509
6444,PLYRYLGGCFACSL,74,0.762587,0.4945299786802277
6445,AAAAPAAVGAAVGGT,74,0.700476,0.9874147509111124
6446,AAAGLAAAAPLESRQ,74,0.9858620000000001,0.9588334847517154
6447,AAATAGDTVYGAFAA,74,0.619025,0.9847906173825397
6448,AAATAGITVYGAFAA,74,0.632536,0.9949323461267147
6449,AAATAGPTVYGAFAA,74,0.645745,0.9954511620355443
6450,AAATAGTCVYGAFAA,74,0.631586,0.9912806042623565
6451,AAATAGTHVYGAFAA,74,0.710865,0.9920887302163556
6452,AAATAGTNVYGAFAA,74,0.597416,0.991664990971024
6453,AAATAGTTAYGAFAA,74,0.645259,0.9886137416864745
6454,AAATAGTTGYGAFAA,74,0.553657,0.9635978110118387
6455,AAATAGTTMYGAFAA,74,0.6260479999999999,0.9869127195796881
6456,AAATAGTTSYGAFAA,74,0.584396,0.9877804482739488
6457,AAATAGTVVYGAFAA,74,0.676856,0.9965526593039538
6458,AAATAGYTVYGAFAA,74,0.7268680000000001,0.9979198481196458
6459,AAGAQLLWQLPLLSI,74,0.23174,0.27591837859384477
6460,AAGDFWGGAGSAACQ,74,0.5472819999999999,0.8800132517158167
6461,AAGVAAWSLIALMIP,74,0.418074,0.9479962601056398
6462,AAIVNKLKAILVDLE,74,0.0,0.587081421564386
6463,AALPLLFFALAGQRI,74,0.242579,0.5729107602939842
6464,AAPEAARSLASSLPG,74,0.7996270000000001,0.9521717177912732
6465,AAPLSWSKDIYNYME,74,0.6654220000000001,0.6783548371626392
6466,AASDFWGGAGSAACQ,74,0.529958,0.9088781749968918
6467,AASGADGTYDITKLG,74,0.25877,0.7522838311658215
6468,AAVELARALVRAVAE,74,0.72215,0.8646980695898338
6469,ADNSLDYAANFSHML,74,0.100437,0.601776134374178
6470,ADVQYDLYLNVANRR,74,0.17131,0.14822764919425727
6471,AELMILIATNLLGQN,74,0.043062,0.35908661770574074
6472,AFEGVFGHLAATAVP,74,0.391882,0.9296613023423465
6473,AFMLAWNYGVPRVMS,74,0.8006260000000001,0.7871273788272563
6474,AGALEVHAVKPVTEE,74,0.621943,0.6754659190375278
6475,AGAWRTAAVELARAL,74,0.67337,0.9407907430286085
6476,AGRFEVHAQTVEDEA,74,0.141741,0.4710037259495575
6477,AGWDTVLQSITTILA,74,0.153937,0.6401622749096892
6478,AHARSYQTLSTQAAA,74,0.236069,0.640079037212745
6479,AINIFNVEKYGAVGD,74,0.446435,0.6774858335913175
6480,AKPDGKTDCTKEVEE,74,0.058540999999999996,0.08890195238101038
6481,ALKESWGAIWRIDTP,74,0.43017,0.6846638227740824
6482,ALLPRAGAAAAAALP,74,0.615155,0.9660292945377578
6483,ALQSHDDVALVSVMW,74,0.19430799999999998,0.27554330793608023
6484,ALRVIAGALEVHAVK,74,0.671849,0.8927697154881069
6485,ALSDADWHFIADPAS,74,0.077612,0.4935089381225882
6486,ALSDPYLSFAAALNG,74,0.21120799999999998,0.8022963222034322
6487,ALTKAITAMSEVQKV,74,0.7748109999999999,0.865343446667158
6488,APGAAAAPLSWSKDI,74,0.988661,0.9424318167767448
6489,AQAVYDFRSIVDYLR,74,0.05487,0.3191798230147299
6490,AQIYQAVSAQAAAIH,74,0.6734359999999999,0.9563400270141895
6491,AQVRADRILALDADP,74,0.16083599999999998,0.2516244052423945
6492,ARRRRASEAPPTSHR,74,0.345053,0.8099340115160969
6493,ARWVYFLTRMRNPTG,74,0.0,0.26770076878111443
6494,ASAAILGHDGTVWAQ,74,0.480084,0.9011190110372694
6495,ASEAPPTSHRRASRQ,74,0.789358,0.7779077031307423
6496,ASNPNYLAILVKYVD,74,0.476733,0.2336846543744114
6497,ATPPPPPPPQLGASP,74,0.388942,0.2311577765618891
6498,ATSPTAEGGKATTEE,74,0.605032,0.9526570664892381
6499,ATTANVPPADKYKTF,74,0.504869,0.6767204178528062
6500,AVFEAALTKAITAMS,74,0.451874,0.9204369854637061
6501,AVFEAALTKAITAMT,74,0.546437,0.9092459817180674
6502,AVHVWLRLPAGRVEI,74,0.380972,0.4743392075434402
6503,AVIRGKKGAGGITIK,74,0.5840569999999999,0.7628256871520798
6504,AVMLTFDNAGMWNVR,74,0.300291,0.4900843816491968
6505,AWASACGGTGKNTIV,74,0.493496,0.7617691936762029
6506,AWMSAAATQAEQAAT,74,0.647424,0.9611296572539195
6507,AYGSFVRTVSLPVGA,74,0.46489300000000006,0.6438597754272817
6508,AYSDDKSMKVTVAFN,74,0.42253,0.2547043053338257
6509,AYVATVSEALRIIAG,74,0.58539,0.6602720501514917
6510,CADILAIASRVLVTM,74,0.359204,0.8581171898967295
6511,CDASILIDPLSNQSA,74,0.104327,0.4104000735662092
6512,CDGERPTLAFLQDVM,74,0.41545299999999996,0.7611620893718382
6513,CGGTGKNTIVIPKGD,74,0.185606,0.49362759692093416
6514,CGYKDVDKPPFDGMT,74,0.396933,0.17375036521397444
6515,CIEYVTLNASQYANC,74,0.561354,0.5010005891216099
6516,DALTLRTATNIWIDH,74,0.209864,0.35110787280317407
6517,DCSEYPKPDCTAEDR,74,0.062359000000000005,0.16611586473389509
6518,DDRITKARWVYFLTR,74,0.14136700000000002,0.15256964976089155
6519,DEARRMWASAQNISG,74,0.48286,0.7391799974550896
6520,DEPMVQVEAGKVNHS,74,0.601213,0.5924430662549977
6521,DESWQQFRQELIPLL,74,0.059462,0.0802538747450108
6522,DGQGKAVWGKNSCAK,74,0.5609770000000001,0.8525961138517656
6523,DHTNFKYNYSVIEGG,74,0.57734,0.5470564104664034
6524,DIDLGRNEVVNDVST,74,0.5837720000000001,0.2619714701880568
6525,DIFTNSRGKRASKGN,74,0.19518,0.5191424558489169
6526,DIKVQFQSGGNNSPA,74,0.151339,0.7396005250109553
6527,DINASFRAAMATTAN,74,0.8468459999999999,0.9483864606009094
6528,DITVKNCVLKKSTNG,74,0.21807600000000002,0.1600449265348841
6529,DKISDVSTIVPYIGP,74,0.26265700000000003,0.5217156196695049
6530,DKKCIEWEKAQHGAC,74,0.056357000000000004,0.42324367300838106
6531,DKLTGPFTVRYTTEG,74,0.21301599999999998,0.48145743257899
6532,DKVYEILKINSVKYY,74,0.529473,0.12088313581202625
6533,DLVANQPNLKALREK,74,0.0,0.14130074826029965
6534,DRASYRAHWQDDDVT,74,0.169777,0.15702900524672816
6535,DVFYNGAYFVSSGKY,74,0.750983,0.8642960656463109
6536,DVKFPGEGQIVGGVY,74,0.5735899999999999,0.9919075734724748
6537,DVKFPGGEQIVGGVY,74,0.501648,0.9935092984421098
6538,DVKFPGGGEIVGGVY,74,0.629341,0.9857150175217326
6539,DVKFPGGGKIVGGVY,74,0.742775,0.9881441590934151
6540,DVKFPGGGRIVGGVY,74,0.79599,0.9892322046913871
6541,DVKFPGGGYIVGGVY,74,0.729912,0.9953148290709443
6542,DVKFPGGMQIVGGVY,74,0.5098739999999999,0.9929941708135885
6543,DVKFPGGSQIVGGVY,74,0.6383770000000001,0.993900400503064
6544,DVKFPGHGQIVGGVY,74,0.604891,0.9928913920207628
6545,DVKFPGNGQIVGGVY,74,0.45566999999999996,0.9819912556396059
6546,DVKFPGTGQIVGGVY,74,0.48495600000000005,0.9920536492281632
6547,DVLSQPMLPHTWDGS,74,0.171846,0.2042663352024229
6548,EAAFNKAIKESTGGA,74,0.37842800000000004,0.819025174115345
6549,EDPLFQLVSKLYEVV,74,0.13289,0.25172838735654407
6550,EEFVSLASRFLVEED,74,0.345391,0.45911414386079785
6551,EEVDMTPADALDDFD,74,0.423108,0.20394937201129992
6552,EFIPMKSSWGAIWRI,74,0.41051800000000005,0.8283105932972936
6553,EFVTLAAKFIIEEDS,74,0.13661199999999998,0.4256853482186
6554,EGHHLASAAIFGHDG,74,0.787404,0.9311778806680456
6555,EGHHLASAAILGHDG,74,0.724655,0.9549366703988782
6556,EHELYVAVLSNALHR,74,0.271212,0.5067471744713198
6557,EITGIMKDFDEPGHL,74,0.247534,0.1754055792638691
6558,EKKYFAAFQFEPLAA,74,0.13215,0.6225411790378133
6559,EKKYFAALQFEPLAA,74,0.405391,0.2818999068778854
6560,EKKYFAARQFEPLAA,74,0.479484,0.1001963038246018
6561,EKKYFAATEFEPLAA,74,0.22903,0.3730786146286367
6562,EKKYFAATKFEPLAA,74,0.44518100000000005,0.5814034192739346
6563,EKKYFAATQAEPLAA,74,0.484737,0.8149328240470948
6564,EKKYFAATQCEPLAA,74,0.246025,0.3238825133531762
6565,EKKYFAATQDEPLAA,74,0.029365,0.21291586301640253
6566,EKKYFAATQEEPLAA,74,0.100047,0.46837221664888173
6567,EKKYFAATQGEPLAA,74,0.349373,0.6490376909575546
6568,EKKYFAATQHEPLAA,74,0.112724,0.179170539195256
6569,EKKYFAATQIEPLAA,74,0.42151099999999997,0.6027892154306154
6570,EKKYFAATQKEPLAA,74,0.259391,0.5279011672753621
6571,EKKYFAATQLEPLAA,74,0.37344499999999997,0.4019528874049733
6572,EKKYFAATQMEPLAA,74,0.25249099999999997,0.39103727748376554
6573,EKKYFAATQNEPLAA,74,0.281067,0.2967222743550802
6574,EKKYFAATQPEPLAA,74,0.404492,0.45260311447422524
6575,EKKYFAATQQEPLAA,74,0.205166,0.2750769577621166
6576,EKKYFAATQREPLAA,74,0.152765,0.27938521954738244
6577,EKKYFAATQSEPLAA,74,0.298536,0.5492833189047033
6578,EKKYFAATQTEPLAA,74,0.386533,0.5538516853046778
6579,EKKYFAATQVEPLAA,74,0.488288,0.7218600862488387
6580,EKKYFAATQWEPLAA,74,0.33641,0.25547464930696373
6581,EKKYFAATQYEPLAA,74,0.216765,0.2215672692481856
6582,EKKYFAATWFEPLAA,74,0.543197,0.4035368595482381
6583,EKKYFACTQFEPLAA,74,0.181418,0.07719815233509944
6584,EKKYFAHTQFEPLAA,74,0.072535,0.05378710599257443
6585,EKKYFANTQFEPLAA,74,0.117976,0.049819856467487794
6586,EKKYFATTQFEPLAA,74,0.21316300000000002,0.12161304621600771
6587,ELAAVSVDCSEYPKP,74,0.199746,0.5343849067564266
6588,ELKESWGAIWRIDTP,74,0.43017,0.5362619582084415
6589,ELYKYKVVKIEPLGV,74,0.147722,0.46228268456720595
6590,EPAYFATAESVRDHL,74,0.18426700000000001,0.7572179294768344
6591,EQCGRQAGGKLCPNN,74,0.45851400000000003,0.3933765673909421
6592,ESLHNPYPDYHWLRT,74,0.11193399999999999,0.15207476316524537
6593,ESTGGAYDTYKSIPS,74,0.367526,0.561970098165819
6594,ESWGAVWRIDTPDKL,74,0.465383,0.7411460146668779
6595,EVDMTPADALDDFDL,74,0.509357,0.1906788961082287
6596,EVLGFRMVQDERVGR,74,0.083647,0.09421963923214213
6597,EVVKANGGYLAAGKL,74,0.6336689999999999,0.935734815914436
6598,EVYEARLTKFKYLAG,74,0.067465,0.2525588239051341
6599,EYIEAAKWLLPPPKV,74,0.595537,0.43829409039485134
6600,EYLNKIQNSLSTEWS,74,0.271577,0.18872635565726428
6601,FAVATITHAAELQRV,74,0.6114890000000001,0.9123826053942778
6602,FDHEFTFGWDELLSK,74,0.188345,0.27282152930252507
6603,FDKYGATISATPESA,74,0.818012,0.9671309327786868
6604,FDPKGATISATPESA,74,0.840017,0.9700670968385131
6605,FDPYGATIKATPESA,74,0.895574,0.9632217720292184
6606,FDPYGATISATKESA,74,0.8047380000000001,0.9460063038740435
6607,FDPYGATISATPEKA,74,0.9141819999999999,0.9660314776714322
6608,FDPYGATISATPESA,74,0.889919,0.9793205495697297
6609,FDPYGATISATPESK,74,0.9105260000000001,0.9660314776714322
6610,FDPYGATISATPKSA,74,0.886179,0.9702523200634703
6611,FDREFTFGWDELLSK,74,0.18645499999999998,0.28914645323966237
6612,FEAAFNDAIKASTGG,74,0.610362,0.892352122216535
6613,FKPYGATISATPESA,74,0.882584,0.9815058789365638
6614,FLAVAVVLGLATSPT,74,0.812808,0.8959556860334049
6615,FLFQRAVAREAIIAL,74,0.045092,0.935696932279314
6616,FPPNGTHSWEYWGAQ,74,0.077502,0.5499071425784017
6617,FTSLEYIEAAKWLLP,74,0.300664,0.48198850341033644
6618,FVNQHLCGSHLVEAL,74,0.515138,0.4160444724738055
6619,FVVTGRVYCDPCRAG,74,0.504785,0.3220720417890009
6620,GAVDIINKWQVVAPQ,74,0.26314,0.64186286407451
6621,GAYFVSSGKYEGGNI,74,0.618416,0.8507975824439056
6622,GELEFEEFVSLASRF,74,0.100478,0.4187701755185633
6623,GEVEIQFRRVKCKYP,74,0.18445,0.233616231289491
6624,GEVLNALAYDVPIPG,74,0.486429,0.5988144235893866
6625,GGACGYKDVDKPPFS,74,0.31640300000000005,0.40543110790111875
6626,GGGFGMLLRKYGIAA,74,0.5315479999999999,0.7449750769993095
6627,GGSILKISNKFHTKG,74,0.41569700000000004,0.5016174088733558
6628,GGSILKISNKYHTKG,74,0.40115700000000004,0.48162730990160135
6629,GHAYLLLPNTESARK,74,0.050279000000000004,0.6776566749087058
6630,GKGTLDGQGKAVWGK,74,0.634588,0.6728673171466004
6631,GKIDFLNNYALFLSP,74,0.42129700000000003,0.4181386191219305
6632,GLSGEPKGGAESSSK,74,0.799822,0.7784481566653703
6633,GLVPKLDAAYSVAYK,74,0.45642299999999997,0.7740150972726135
6634,GMTGMLWETSLLDPE,74,0.23158099999999998,0.5115377337769557
6635,GNIVAVDIKPKDSDE,74,0.322777,0.37660420713883086
6636,GPPVEASAAALAGDA,74,0.6059260000000001,0.9656406580668834
6637,GRKRPIVRILRRVHH,74,0.151014,0.12120564476891925
6638,GTKGEAKDVIPEGWK,74,0.24176,0.5670692232508701
6639,GVLKNEFMSLAFDYW,74,0.23637199999999997,0.5046179002231228
6640,GWIISNIFGAIPVLA,74,0.760622,0.8155978336200816
6641,GWIISNIFGAIPVLG,74,0.698461,0.7735213746537952
6642,HAYYLQYKNVRPDYL,74,0.18093599999999999,0.23728725675521112
6643,HDYEGLSYRSLQPET,74,0.230598,0.4810805078606663
6644,HFSNVFRSVMAPFTM,74,0.585954,0.6160152360773266
6645,HGRQIRMAKLLGRDP,74,0.425403,0.20410395779394627
6646,HMAKEDLVANQPNLK,74,0.0,0.1380077780136717
6647,HSLLRTQRLHKFLVC,74,0.0,0.05234260673067367
6648,HSRNLINELSERMAG,74,0.162,0.18564320452981817
6649,IAAMMTSPLSVASMT,74,0.750907,0.8946416057546245
6650,IAIAFLSVSNNYEYI,74,0.145992,0.6501383152517014
6651,IASLFAAAGLAAAAP,74,0.903567,0.986412625136859
6652,IEFRFYKEITNVFRG,74,0.420012,0.3723801323716624
6653,IGPEAAEAAAAAPAA,74,0.690263,0.978163886354907
6654,IGRIAETILGYNPSA,74,0.232825,0.7058671038159975
6655,IGSYVAFLSQTFAFI,74,0.28848,0.8697209983771587
6656,IHKASTVLAFPAGVC,74,0.621747,0.906794757846532
6657,IIELFTAKGFTVQEM,74,0.389917,0.5621269560859545
6658,IITPTNVSHIQSAVV,74,0.535371,0.6333878438576738
6659,IMRIKKLTITGKGTL,74,0.333473,0.34461962496627957
6660,INEPTAAAAAYGLDR,74,0.6615810000000001,0.9885826256770877
6661,INEPTAAAGAYGLDR,74,0.6205430000000001,0.98755146801628
6662,INEPTAAAMAYGLDR,74,0.721644,0.9882470074543881
6663,INEPTAAASAYGLDR,74,0.65327,0.9734040720736479
6664,INEPTAACIAYGLDR,74,0.675709,0.9640504448141712
6665,INEPTAAHIAYGLDR,74,0.6911069999999999,0.9897185903622702
6666,INEPTAANIAYGLDR,74,0.6750659999999999,0.9807858246979616
6667,INEPTAATIAYGLDR,74,0.903835,0.9862013804004275
6668,INEPTADAIAYGLDR,74,0.321354,0.8478160756612582
6669,INEPTAIAIAYGLDR,74,0.05481799999999999,0.9736677991728049
6670,INEPTAPAIAYGLDR,74,0.40326799999999996,0.9438376744265253
6671,INEPTAVAIAYGLDR,74,0.49678500000000003,0.9726170758821535
6672,INLIIHYVDRPGALG,74,0.301021,0.600410503072703
6673,IPKGDFLTGPLNFTG,74,0.5917060000000001,0.7087587412799677
6674,IPVMAYLVGLFAWVL,74,0.23505500000000001,0.7805419761194787
6675,IQNSLSTEWSPCSVT,74,0.23404299999999997,0.4674782677116048
6676,ISATPEWATPFPHRK,74,0.641207,0.7743727509724965
6677,ISDFRAAIANYHYDA,74,0.6939,0.8443788522210802
6678,ISGLKPGVDYTITVY,74,0.7096100000000001,0.6920389691659085
6679,ITAMSEVQKVSQPAT,74,0.741577,0.5476959506100904
6680,IVLNHMTGAQSGKGT,74,0.498327,0.7744151855107426
6681,KAIKESTGGAYDTYK,74,0.583496,0.7702898591634537
6682,KASNPNYLAILVKYV,74,0.38157399999999997,0.20708705364288124
6683,KCKYPEGTKVTFHVE,74,0.397388,0.31215494737689486
6684,KDILEDERAAVDTYC,74,0.307234,0.26948192712727176
6685,KDKWIELKESWGAIW,74,0.232291,0.21928282417226486
6686,KDPYGATISATPESA,74,0.671592,0.9705718270046559
6687,KEVEEAWASACGGTG,74,0.357527,0.7761012635545199
6688,KEYTFPITLSSTSNP,74,0.14265899999999998,0.49925100495790076
6689,KFTQFAGKDLESIKG,74,0.520536,0.4514046816227662
6690,KFVDSTVVASVTIID,74,0.366703,0.6425896707742672
6691,KGKDKWIELKESWGA,74,0.0,0.28763342919098805
6692,KGSNDHYLALLVKYA,74,0.491403,0.39097615404977804
6693,KHLAVLVKYEGDTMA,74,0.047064,0.4631663087633267
6694,KIEIDQDHQEEICEV,74,0.271226,0.05544501788926134
6695,KKGAGGITIKKTGQA,74,0.367516,0.8723765771252935
6696,KLCPNNLCCSQWGWC,74,0.203974,0.1501208013486386
6697,KLKIQNVIIDECYGA,74,0.30330799999999997,0.2313186713039591
6698,KLPWKNESSIKVIKQ,74,0.47335600000000005,0.2999698307534878
6699,KLTITGKGTLDGQGK,74,0.476325,0.43097848740806916
6700,KMPMYIAGYKTFDGR,74,0.300202,0.6250662497797085
6701,KNTIVIPKGDFLTGP,74,0.072282,0.4383691840801424
6702,KPPFSGMTGCGNTPI,74,0.30127600000000004,0.4792261728785971
6703,KSIIKARVVWKAIIE,74,0.527373,0.520109369394152
6704,KSMKVTVAFNQFGPN,74,0.361684,0.35392561778796783
6705,KSTNGLRIKSYEDAK,74,0.141843,0.45456850745333766
6706,KTDCTKEVEEAWASA,74,0.19406400000000001,0.28228412066071334
6707,KTVSEGAVDIINKWQ,74,0.5235029999999999,0.6244408899560753
6708,KYDAYVATLSEALRI,74,0.593224,0.8033263198405415
6709,KYKTFEAAFTVSSKR,74,0.622079,0.798564594597097
6710,LDGNLLSSNDLAKYK,74,0.159349,0.426159811351298
6711,LEAKATFYGSNPRGA,74,0.638616,0.8361622350638066
6712,LEKISNEIKIVATPD,74,0.273704,0.29458193262204285
6713,LFFNHHKVMLLGHDD,74,0.43476800000000004,0.2245730828329754
6714,LGAVYRYKKLKEMSA,74,0.053704999999999996,0.2508884107020366
6715,LHFSEALRIIAGTPE,74,0.739484,0.8177421569046925
6716,LKLATGMRNVPEKQT,74,0.12648399999999999,0.5471852133882951
6717,LKNCVDAKMTEEDKE,74,0.12531099999999998,0.05436492837766678
6718,LKTRPILSPLTKGIL,74,0.239742,0.46712110523679606
6719,LNIKLNMPLYIAGNK,74,0.241313,0.36604868283571385
6720,LQFAKLTGFTLMGKG,74,0.489649,0.5091458677090096
6721,LQSLWANFYELLADA,74,0.191046,0.3036912187506601
6722,LRIAAKIYSEADEAW,74,0.376394,0.6809707185841979
6723,LRYRYGLFKQRIAKE,74,0.040530000000000004,0.2740856323134444
6724,LSFAAALNGLAGPLH,74,0.269744,0.8948792860847379
6725,LSSNDLAKYKANWIE,74,0.317273,0.39227729888327556
6726,LSYRSLQPETFAVVD,74,0.38718800000000003,0.45294232531963474
6727,LTGYSLFQKEKMVLN,74,0.557296,0.33552957849189186
6728,LVKFVAGDGDVVAVD,74,0.6515449999999999,0.8585950311585105
6729,LVKYEGDTMAEVELR,74,0.44689399999999996,0.5323348020738395
6730,LVSKLYEVVPGILTE,74,0.41448500000000005,0.5072024470679906
6731,MAFLRSVSRLAAAVF,74,0.43900100000000003,0.7970526195987828
6732,MASSSSVLLVVALFA,74,0.215921,0.5493690337510335
6733,MASSSSVLLVVVLFA,74,0.11986500000000001,0.46320889949436034
6734,MGEAVQNTVEDLKLN,74,0.309454,0.4725697158270487
6735,MGRDIKVQFQSGGAN,74,0.39928400000000003,0.8487519402197287
6736,MLLRKYGIAAENVID,74,0.5166729999999999,0.6565014671758203
6737,MPFVTTQPEALAAAA,74,0.353621,0.9275522111099619
6738,MSFVTTQPEALAAAA,74,0.308865,0.9291016955725049
6739,MSQIMYNYPAMMAHA,74,0.356603,0.6413472216044371
6740,MSQIMYNYPAMRAHA,74,0.201475,0.6868427177152137
6741,MVVERLGDYLVEQGM,74,0.156155,0.3669317147817521
6742,NCVLKKSTNGLRIKS,74,0.164078,0.30926485582499047
6743,NDAIKASTGGAYESY,74,0.793212,0.9213223155815851
6744,NDFLKTGHYTQMVWA,74,0.576176,0.8271121528362637
6745,NFTVGRIIELFTAKG,74,0.37982899999999997,0.45899025686238737
6746,NHFFNHHKVMLLGHD,74,0.282351,0.20998991476390835
6747,NHFFNHHKVMLLGHS,74,0.23905300000000002,0.3241367274674941
6748,NIWADDLAASLSTLE,74,0.19875,0.7576472614878427
6749,NLNIKLNMPLYIAGN,74,0.041483,0.40299425055036536
6750,NMVVERLGDYLVEQG,74,0.217142,0.35266388999123055
6751,NNRIWLQFAKLTGFT,74,0.398921,0.22000824233638086
6752,NPRQAYANYRDIDLG,74,0.5019600000000001,0.36007767108255756
6753,NRIMADGGSIQNTNL,74,0.716213,0.6917841368938522
6754,NVSHIQSAVVCGRRH,74,0.562399,0.7691728801617217
6755,NYLALLVKFVAGDGD,74,0.185378,0.6956726410392857
6756,PAAAYATATPAAATA,74,0.875992,0.9623625220993243
6757,PAGVCPTIGVGGNFA,74,0.683292,0.9433566009381581
6758,PALLALLALPALLLL,74,0.24244899999999997,0.3033189015910851
6759,PASWKNNRIWLQFAK,74,0.222608,0.2018268151562391
6760,PCKGDSVTIKLDGNL,74,0.321434,0.540202048691027
6761,PCRAGFETNVSHNVQ,74,0.46337,0.6831377877575827
6762,PDLPYDYGALEPAIS,74,0.197718,0.6736004600580536
6763,PEGLLWLLLTGKVPT,74,0.069391,0.37395236350516103
6764,PEQIQLLKKAFDAFD,74,0.051315999999999994,0.09229535558405468
6765,PEVKYAVFEAALTKA,74,0.6598189999999999,0.8620409475168946
6766,PIIIDQKYCPNKICT,74,0.168153,0.05325913379916509
6767,PIYIVTPTNASHIQS,74,0.405168,0.5439997207125112
6768,PKDSDEFIPMKSSWG,74,0.247966,0.2791618377299077
6769,PKGGAESSSKAALTS,74,0.625125,0.8962536166308325
6770,PLYKLVHVFINTQYA,74,0.18592999999999998,0.14925851178761643
6771,PPPPQLGASPYKLGP,74,0.56655,0.7745285155178874
6772,PQVKYAVFEAALTKA,74,0.799561,0.84656277079037
6773,PSMGRDIKVQFQSGG,74,0.23104699999999997,0.5284860777886907
6774,PSPSMGRDIKVQFQS,74,0.24785,0.20818790870900972
6775,PTLAFPAGVCPTIGV,74,0.67569,0.9194492713083692
6776,PYGATISATPEWATP,74,0.8494649999999999,0.9601813746926613
6777,QAGGKLCPNNLCCSQ,74,0.5379470000000001,0.3528323304222721
6778,QDHQEEICEVVLAKS,74,0.491284,0.3517774409676302
6779,QEVFKAIQSLKTTEV,74,0.341059,0.42478948053595383
6780,QFRRVKCKYPEGTKV,74,0.228485,0.19628171167348915
6781,QGEPGAVIRGKKGAG,74,0.411195,0.9082762699488153
6782,QGEPGRVIRGKKGAG,74,0.434784,0.7258989297318067
6783,QIHQYIMALREEYFD,74,0.24871,0.27107478306442895
6784,QIRMAKLLGRDPEQS,74,0.41889799999999994,0.27480857421646526
6785,QKLIEDINASFRAAM,74,0.497921,0.8031418804802489
6786,QKYCPNKICTSKGDS,74,0.150404,0.26331240439490683
6787,QLSALWARFPLPVIP,74,0.13888699999999998,0.6189870603303471
6788,QLYSKFLLKAEPLAF,74,0.419501,0.18310020606204733
6789,QPCNGVTMNDVKIEY,74,0.334658,0.24487259167197123
6790,QPNLKALREKVLGLP,74,0.0,0.18429542932974974
6791,QPYVLSVASLTSAGQ,74,0.483436,0.9338018475189996
6792,QVPSASMGRDIKVQF,74,0.316377,0.525883780270021
6793,RCALHWFPGSHLLAC,74,0.075636,0.6866018174810843
6794,RCALHWFPGSHLLHV,74,0.12353900000000001,0.6375664174910493
6795,RDCLIAHGAANTITE,74,0.8809549999999999,0.960817252778742
6796,RGLLRRARGGPHHRR,74,0.059262,0.4330873537323531
6797,RIDTPDKLTGPFTVR,74,0.21566999999999997,0.2107354978888702
6798,RIIAGTLEVHAVKPA,74,0.77794,0.6943209944517098
6799,RKHIEWNCDVCRHGD,74,0.0,0.1302090276025304
6800,RLEFDEFVTLAAKFI,74,0.170509,0.47427976389576804
6801,RMFSSTLRAAVPWYA,74,0.607574,0.7960567624961589
6802,RSRPRRTTRRMDRRT,74,0.13551,0.07277212147027916
6803,RTATNIWIDHNSFSN,74,0.210945,0.17344940347179336
6804,RVIRGKKGAGGITIK,74,0.579862,0.7405273690175864
6805,RVWEQIFSTWLLKPG,74,0.286612,0.41884819170776844
6806,RVYCDPCRAGFETNV,74,0.21277600000000002,0.6314495188676587
6807,SADEVQRMMAEIDTD,74,0.348943,0.2889808362057474
6808,SAIRAAPEAARSLAS,74,0.7083520000000001,0.9692066209586809
6809,SDDELPYIDPNMEPV,74,0.12196099999999999,0.22613204165896728
6810,SFGIVVAWQVKLLPV,74,0.6080760000000001,0.7577011751556851
6811,SGTVDFDEFMEMMTG,74,0.129522,0.19970338401865048
6812,SHIQSAVVCGRRHGV,74,0.55718,0.6915451815922711
6813,SRAEVSYVHVNGAKF,74,0.6842090000000001,0.7867488584989966
6814,SRSFLKHSLLRTQRL,74,0.040349,0.2767096085766814
6815,SSKAATAKAPGLVPK,74,0.594737,0.9623858241137732
6816,SSYAATEVANAAAAS,74,0.468404,0.9819421550634805
6817,SSYAATEVANAAAGQ,74,0.374715,0.9666312512496481
6818,STVVASVTIIDRSLP,74,0.683315,0.48121932801328254
6819,STWLLKPGAGIMIFD,74,0.548814,0.7904966055960088
6820,SVLLVVALFAVFLGS,74,0.038089,0.7251964668979035
6821,SVRIRVRSGGHDYEG,74,0.386268,0.15961630795357057
6822,SVTIKLDGNLLSSND,74,0.445284,0.27141583822968823
6823,SYVHVNGAKFIDTQN,74,0.598195,0.6528876163860737
6824,TAAVELARALVRAVA,74,0.670362,0.866716013019196
6825,TAKAPGLVPKLDAAY,74,0.409491,0.6608963536303286
6826,TANVPPADKYKTLEA,74,0.180872,0.34067668507863497
6827,TASDFWGGAGSAACQ,74,0.5407850000000001,0.8510490354474338
6828,TATSASAGWDTVLQS,74,0.38828,0.9345290022410871
6829,TDALRTLGSTSADEV,74,0.352671,0.6801653308670352
6830,TFYGSNPRGAAPDDH,74,0.7942670000000001,0.8083776850917426
6831,TGSRWCCWPVVPVAL,74,0.12398499999999998,0.5986918819173794
6832,TIAAMMTSPLSVASM,74,0.869022,0.8761472748664563
6833,TISNNLFFNHHKVML,74,0.191749,0.1338372355532997
6834,TKKFDEVVKANGGYL,74,0.086528,0.7237352226417817
6835,TKVTFHVVGVGPLLH,74,0.283541,0.8513330262044386
6836,TLGSTSADEVQRMMA,74,0.276282,0.5049331641913133
6837,TNFKYNYSVIEGGPI,74,0.470487,0.692612966931216
6838,TPTNASHIQSAVVCG,74,0.597859,0.6751723403275314
6839,TSALIWMASPPEVHS,74,0.594186,0.8620874211880213
6840,TVAAAPQVKYAVFEA,74,0.836082,0.9157254507468827
6841,TVLAFPAGVCPTIGV,74,0.665062,0.9194492713083692
6842,TWQGGSGMASHIIYE,74,0.663301,0.8451297908584965
6843,VATLSEALRIIAGTL,74,0.659828,0.611262718544329
6844,VDIKPKDSDEFIPMK,74,0.22903,0.07200599057351437
6845,VDLAKSLRIAAKIYS,74,0.30247399999999997,0.7151116195134453
6846,VEDEARRMWASAQNI,74,0.26827,0.6836221828203373
6847,VFGNCEGVKIIGISI,74,0.473513,0.5350828338506853
6848,VGNVAWMHVLAAKYI,74,0.522292,0.7656344913256952
6849,VHAQTVEDEARRMWA,74,0.117145,0.12010894718589309
6850,VIPANWKPDTVYTSK,74,0.419958,0.26067607212494776
6851,VKGDPVGILYAVFKA,74,0.555319,0.8240831125893417
6852,VKIEYSGTNNKTMAV,74,0.408589,0.5635173927876925
6853,VKPLYIITPTNVSHI,74,0.348746,0.26496292526019943
6854,VKQNTLKLATGMRNV,74,0.254357,0.32574817752705604
6855,VLMEWLKTRPILSPL,74,0.515311,0.5757395360021397
6856,VNYWFAPGAAAAPLS,74,0.924233,0.9743616854332782
6857,VPPADKYKTFEAAFT,74,0.362266,0.4072902229838421
6858,VPQLQPQNPSQQQPQ,74,0.038636000000000004,0.019032787563180584
6859,VQNTVEDLKLNTLGR,74,0.16800299999999999,0.04574067284558917
6860,VRILRRVHHRKYLTD,74,0.072598,0.08057206317832451
6861,VRSGGHDYEGLSYRS,74,0.40020700000000003,0.4183386814159767
6862,VRVPVPQLQPQNPSQ,74,0.497907,0.0656318167429535
6863,VSEALRIIAGTLEVH,74,0.809183,0.66008418151022
6864,VSTIVPYIGPALNIV,74,0.384166,0.6375053308123462
6865,VSVDCSEYPKPDCTA,74,0.078167,0.12989618313972112
6866,VTMNDVKIEYSGTNN,74,0.366598,0.3068050254641993
6867,VTVDAAVLAAIDADA,74,0.472405,0.9247726625746461
6868,VVLGLATSPTAEGGK,74,0.517141,0.8159357974749385
6869,VVSRLLIPVPFDPPA,74,0.164609,0.48029295549161627
6870,VWRIDTPDKLTGPFT,74,0.31716,0.19130874661342193
6871,WEQIFSTWLLKPGAG,74,0.426613,0.7137670481226073
6872,WGAIWRIDTPDKLTG,74,0.359514,0.34824346377393106
6873,WGAIWRIDTPEVLKG,74,0.359673,0.5240404769290958
6874,WIELKESWGAVWRID,74,0.545532,0.6550186183048451
6875,WKPDTVYTSKLQFGA,74,0.540158,0.6541885662934568
6876,YANYRDIDLGRNEVV,74,0.604191,0.25944036539856913
6877,YGIAAENVIDVKLVD,74,0.501972,0.7358300075813161
6878,YGRIAECILGMNPSR,74,0.219181,0.5795250763331947
6879,YKDVDKPPFSGMTGC,74,0.24624400000000002,0.37575093784596014
6880,YKKLRTSSFALNLPT,74,0.21475100000000003,0.629613697463968
6881,YLAILVKYVDGDGDV,74,0.42244899999999996,0.38867602815315205
6882,YPFIEQEGPEFFDQE,74,0.265011,0.5510719115863131
6883,YRKILRQRKIDRLID,74,0.0,0.05822293745028042
6884,YTTEGGTKGEAKDVI,74,0.49308500000000005,0.6173807444425707
6885,EEDKENALSLLDKIYT,74,0.069011,0.27627529272080986
6886,EKIQKAFDDIAKYFSK,74,0.13311199999999998,0.2631097246961433
6887,GKWYLKAMTADQEVPE,74,0.34970100000000004,0.433817253162871
6888,KFDSQLAHRHMARELH,74,0.6745270000000001,0.3009729376903162
6889,LNKIVRMYSPVSILDI,74,0.18102000000000001,0.28950897276331383
6890,SPEVIPMFSALSEGAT,74,0.375215,0.7490330606961937
6891,CVDAKMTEEDKENALSL,74,0.02136,0.22690902623090722
6892,EHREVLWKFDSQLAHRH,74,0.18754500000000002,0.4037952116798522
6893,YAHAAHAAHAAHAAHAA,74,0.700537,0.7765221173679462
6894,AAREAEQWRAYLEGLCVE,74,0.078416,0.5650303702226338
6895,FESTGNLIAPEYGFKISY,74,0.35762,0.621025767784896
6896,LRAEQASQEVKNWMTETL,74,0.106806,0.18670528742071354
6897,NVTENFNMWKNNMVEQMH,74,0.123518,0.0774541908239739
6898,PVGDIYKRWIILGLNKIV,74,0.193928,0.15866651350642325
6899,SELYLYKVVKIEPLGVAP,74,0.162556,0.5924452868840976
6900,WVKVVEEKGFNPEVIPMF,74,0.06048200000000001,0.5920543073462491
6901,YVDRFYKTLRAEQASQEV,74,0.119145,0.4089447061632334
6902,GEIYKRWIILGLNKIVRMY,74,0.192493,0.16319699966336448
6903,KLPKPPKPVSKMRMATPLL,74,0.206734,0.29909953402069556
6904,LGVLLLIGCWYCRRRNGYR,74,0.408595,0.5675082971850041
6905,VRVPVPQLQPQNPSQQQPQ,74,0.325301,0.07615558234577487
6906,WEALKYLWNLLQYWGQELK,74,0.20496,0.4644032087362925
6907,ARRRRASEAPPTSHRRASRQ,74,0.78447,0.72120772988941
6908,DKISDVSTIVPYIGPALNIV,74,0.544341,0.3733824636040271
6909,EAKYDAYVATLSEALRIIAG,74,0.651308,0.908668561450999
6910,EYLNKIQNSLSTEWSPCSVT,74,0.6421060000000001,0.475129840571719
6911,GFGMLLRKYGIAAENVIDVK,74,0.627925,0.7145872321830952
6912,HAPAAPANPGLIIGALAGST,74,0.876567,0.8068982745325757
6913,IEPIVATNWQKLEAFWHKHM,74,0.072991,0.391710868013245
6914,KDKWIELKESWGAIWRIDTP,74,0.557077,0.4588405130431971
6915,KIIGGIGGFVKVRQYDQIPI,74,0.58803,0.5949199826662703
6916,KMIGGIGGFVKVRQYDQIPI,74,0.399881,0.3003105797550875
6917,KRWIILGLNKIVRMYSPTSI,74,0.212918,0.1357381568440234
6918,LYKYKVVKIEPLGVAPTKAK,74,0.43450900000000003,0.8577339011140684
6919,VATLSEALRIIAGTLEVHAV,74,0.6814060000000001,0.7949032606753164
6920,VLMEWLKTRPILSPLTKGIL,74,0.6259399999999999,0.43802542942526423
6921,WGAIWRIDTPDKLTGPFTVR,74,0.386063,0.5304734921418037
6922,YIITPTNVSHIQSAVVSGRR,74,0.7322270000000001,0.7645051987122113
6923,EALYLVCGE,75,0.443967,0.056834910252926314
6924,IMGAVLIWV,75,0.483608,0.1484087636649908
6925,AEMETESWIVDRQWA,75,0.0,0.23577562585774844
6926,AEMVIHHQHVQDCDE,75,0.272931,0.07123629404319917
6927,AGWLFHVRGARRSGD,75,0.363241,0.4082508328578972
6928,AMTDTTPFGQQRVFK,75,0.19714,0.1615565447500805
6929,ATPPGTSDEFPHSNG,75,0.149903,0.08764421145888057
6930,CEHLEDGIYGIFQST,75,0.25660700000000003,0.40558374891922977
6931,CGSYVTKTSGSAASM,75,0.41698500000000005,0.41296245421729666
6932,CTDKMFFVKNPTDTG,75,0.291246,0.08662765104485018
6933,DCRTAFKPVLVDEGR,75,0.390018,0.5206900227403636
6934,DGGGFYADDTAGWDT,75,0.329807,0.29296772940527954
6935,DLDDEQEILNYMSPH,75,0.21109099999999997,0.24841924149340172
6936,DQGCSSALGSGPYGA,75,0.396125,0.48285540227281964
6937,EEPDDIDCWCYGVEN,75,0.2432,0.11768932500521771
6938,EERVERIKSEYMTSW,75,0.321117,0.0885617217172495
6939,EHEILNDSGETVKCR,75,0.0,0.16972913412323617
6940,EQEILNYMSPHHKKL,75,0.19374,0.29516119010527725
6941,ERIKSEYMTSWFYDN,75,0.34425,0.13783922112353658
6942,ERKLHQQGRCRTCVY,75,0.275118,0.09694932175184255
6943,FEALGFLNEDHWASR,75,0.47502,0.3031658061244893
6944,FHVRGARRSGDVLWD,75,0.395991,0.15488369986385686
6945,FSSAGGFFTSVGKGI,75,0.455987,0.5675283737068508
6946,FTQTMKGVERLAVMG,75,0.412387,0.24560243450852326
6947,FYADDTAGWDTRITE,75,0.314276,0.1601788198559333
6948,GAAMVEIALGGVMGG,75,0.204004,0.3001808456751858
6949,GAGKTRRFLPQILAE,75,0.180599,0.43496292837177375
6950,GAMLVGQVTLLDLLK,75,0.48054399999999997,0.3476964221715111
6951,GCSSALGSGPYGALG,75,0.374327,0.5258665466986516
6952,GDSYYYSEPTSENNA,75,0.37027899999999997,0.2814493731646678
6953,GETVKCRAPGGAKKP,75,0.0,0.148296780198317
6954,GGVFHTMWHVTRGAF,75,0.497395,0.3804677354166665
6955,GKCDSAGRSRRSRRA,75,0.0,0.07325337461898712
6956,GKEFIRCLALPFRGY,75,0.452956,0.593629927689526
6957,GKGEWMTTEDMLEVW,75,0.16184400000000002,0.055108860847553995
6958,GKNLVFSPGRKNGSF,75,0.0,0.20968327593780195
6959,GKTFSVGTGNCTTNI,75,0.24694699999999997,0.15526948937941248
6960,GLALSHLNAMSKVRK,75,0.249771,0.649380217220761
6961,GLCAFLATRIFGRRS,75,0.0,0.43056963042768776
6962,GLFGGLNWITKVIMG,75,0.312248,0.5177779980583334
6963,GLRTLWSPRERLVLT,75,0.355655,0.3296342970324764
6964,GPLDKEAIEERVERI,75,0.0,0.13851560162760135
6965,GPLIEGNTSLLWNGP,75,0.356177,0.381126629532802
6966,GPLRISASSAAQRRG,75,0.387782,0.6809121376462823
6967,GRTTWSIHGKGEWMT,75,0.248511,0.13073939469324664
6968,GRWDGEEEVQLIAAV,75,0.316519,0.4082787521711909
6969,GSRAIWYMWLGARYL,75,0.553751,0.4820464707954372
6970,GTSDEFPHSNGEIED,75,0.151622,0.09911269127524111
6971,HGVAKNPVVDGNPTV,75,0.19616199999999998,0.07120961817331571
6972,IEEAPEMPALYEKKL,75,0.0,0.27674384485423204
6973,IGKLFTQTMKGVERL,75,0.351419,0.06636350173276041
6974,IHHQHVQDCDESVLT,75,0.289027,0.1129775387210746
6975,IHLVIHRIRTLIGQE,75,0.362211,0.16190999815242674
6976,IHRIRTLIGQEKYTD,75,0.315279,0.06926651396167517
6977,ISGSSARYDVALSEQ,75,0.473146,0.23087473740219447
6978,ISRRDQRGSGQVVTY,75,0.283265,0.12506975203515758
6979,KEAIEERVERIKSEY,75,0.0,0.047055152370851575
6980,KEFIRCLALPFRGYL,75,0.485708,0.6519304760733936
6981,KGIHTVFGSAFQGLF,75,0.510775,0.7611069688158933
6982,KKGMTTVLDFHPGAG,75,0.316975,0.1919996236881263
6983,KNPTDTGHGTVVMQV,75,0.35991300000000004,0.16103328211821727
6984,KNPVVDGNPTVDIEE,75,0.0,0.09874144071326926
6985,KRVPMALQHFGWEVM,75,0.448826,0.39956928280848525
6986,KTKNKTNWKQTWTFK,75,0.0,0.03653743620356765
6987,KYSYYPEDPVKLASI,75,0.191849,0.3226203041058167
6988,LAEGIVLASAALGPL,75,0.591596,0.873202539148367
6989,LDKRQFELYKRTDIV,75,0.308322,0.035831840022660474
6990,LGLTQPFLGLCAFLA,75,0.50758,0.8577455986655473
6991,LLVLAGWLFHVRGAR,75,0.0,0.4525081818321121
6992,LNDSGETVKCRAPGG,75,0.0,0.2760544008327423
6993,LNYMSPHHKKLAQAV,75,0.341161,0.12138952006860494
6994,LQEIPTMLKKGMTTV,75,0.0,0.16273085390306988
6995,LRLGKEFIRCLALPF,75,0.446945,0.4659759224912349
6996,LRTLVLAPTRVVLSE,75,0.470706,0.6913407881238764
6997,LSEEKVPWDQVVMTS,75,0.322137,0.25939057475697763
6998,LSFMDKGIPFMKMNI,75,0.29936599999999997,0.3915553543450789
6999,LVDEERKLHQQGRCR,75,0.0,0.014805065798665654
7000,LWSPRERLVLTLGAA,75,0.32402600000000004,0.3567535440552872
7001,MFFVKNPTDTGHGTV,75,0.23429499999999998,0.13662076667979897
7002,MIPSWASVKEDLVAY,75,0.41449300000000006,0.3530125139410296
7003,MKGVERLAVMGDTAW,75,0.299697,0.31666918166629776
7004,MLGARYLEFEALGFL,75,0.44811599999999996,0.40072783381183963
7005,MSIHGKGEWMTTEDM,75,0.0,0.1669800322750798
7006,MVLAGWLFHVRGARR,75,0.49580100000000005,0.6217564315368009
7007,MYMWLGARYLEFEAL,75,0.46291499999999997,0.4517289763141862
7008,NKTKNKTNWKQTWTF,75,0.0,0.043529259969703644
7009,NLWKMKTGRRGSANG,75,0.0,0.03816176661223844
7010,NSYIAEMETESWIVD,75,0.234179,0.39003144877062346
7011,PFSRIRDGLQYGWKT,75,0.21375999999999998,0.26492235957752003
7012,PSWASVKEDLVAYGG,75,0.150862,0.3109680996249482
7013,PTMLKKGMTTVLDFH,75,0.475653,0.1846868182436547
7014,PTSENNAHHVCWLEA,75,0.396529,0.18760080607536248
7015,PTVDIEEAPEMPALY,75,0.2235,0.45518178402084497
7016,QRMFTREELIHFPEF,75,0.300124,0.26791655239402545
7017,RERLVLTLGAAMVEI,75,0.599739,0.6348799270843188
7018,RLGKEFIRCLALPFR,75,0.353597,0.40060726841776695
7019,RMLEPTRVVNWEVII,75,0.481893,0.15354409252750892
7020,RTLIGQEKYTDYLTV,75,0.0,0.09653161713217792
7021,RVAYGKCDSAGRSRR,75,0.0,0.13879764113320792
7022,RYLEFEALGFLNEDH,75,0.288439,0.4791671521086946
7023,SAFQGLFGGLNWITK,75,0.455475,0.4218947613226159
7024,SARYDVALSEQGEFK,75,0.426928,0.2419229692064242
7025,SDQGCSSALGSGPYG,75,0.360551,0.4196505851813751
7026,SEYMTSWFYDNDNPY,75,0.435569,0.15099681313885852
7027,SGARSNVTFTVNQTS,75,0.334513,0.25925586662556943
7028,SGSAASMVNGVIKIL,75,0.366109,0.3194414945921878
7029,SHLNAMSKVRKDISE,75,0.223521,0.1309907331762732
7030,SNVTFTVNQTSRLLM,75,0.28271199999999996,0.3411031765942578
7031,SVGTGNCTTNILEAK,75,0.150419,0.08284017158963061
7032,TARRHLAEGKVDTGV,75,0.31187,0.09516504426969719
7033,TESWIVDRQWAQDLT,75,0.15233,0.21130859227090734
7034,TLTYRMLEPTRVVNW,75,0.323351,0.37259855623405935
7035,TPFSLAEGIVLASAA,75,0.496594,0.8959994116727683
7036,TRVVLSEMKEAFHGL,75,0.356439,0.22162872115864088
7037,VADDLTAAINKGILV,75,0.246813,0.18570529184387427
7038,VAIKGPLRISASSAA,75,0.42768100000000003,0.6363988896176099
7039,VDFGNSYIAEMETES,75,0.425256,0.43877693436696286
7040,VDGNPTVDIEEAPEM,75,0.272507,0.21505562882083507
7041,VDRDTARRHLAEGKV,75,0.25501799999999997,0.05519034982885131
7042,VEIALGGVMGGLWKY,75,0.462639,0.4537835621107014
7043,VLAPTRVVLSEMKEA,75,0.517019,0.5399160774554488
7044,VLAPYMPDVLEKLEL,75,0.41335299999999997,0.45538062584689115
7045,VLEKLELLQRRFGGT,75,0.0,0.08508279380579932
7046,VPTSWVPQGRTTWSI,75,0.25534,0.15933586135940353
7047,VTKTSGSAASMVNGV,75,0.47253,0.5400238088141589
7048,VTRMAMTDTTPFGQQ,75,0.42094,0.23270512786246508
7049,WKTWGKNLVFSPGRK,75,0.29038600000000003,0.13827125590227804
7050,WVPQGRTTWSIHGKG,75,0.0,0.1132865300098371
7051,YMPDVLEKLELLQRR,75,0.0,0.12693938543485567
7052,YYSEPTSENNAHHVC,75,0.332466,0.194628802315328
7053,AALHPFALLLVLAGWK,75,0.0,0.624694466816633
7054,MYYVSGARSNVTFTVK,75,0.23478600000000002,0.5843297121201169
7055,PKQMLVGGVVLLGAMK,75,0.41515100000000005,0.33794555193068954
7056,SLLWNGPMAVSMTGVK,75,0.5226529999999999,0.737989112765384
7057,KKEGNTSLLWNGPMAVS,75,0.248729,0.5756960017829377
7058,KKGLNWITKVIMGAVLI,75,0.426368,0.13919939494528938
7059,KKITKVIMGAVLIWVGI,75,0.0,0.26937443896987406
7060,KKPFALLLVLAGWLFHV,75,0.0,0.40939016831151764
7061,KKSGARSNVTFTVNQTS,75,0.278856,0.5256320925253591
7062,KKVGQVTLLDLLKLTVA,75,0.281538,0.1749286357085124
7063,NSYIAEMETESWIVDKK,75,0.297361,0.4396920975833762
7064,SGQVVTYALNTITNLKK,75,0.34657899999999997,0.30860155926374
7065,TVFGSAFQGLFGGLNKK,75,0.439565,0.6683940171948198
7066,VLTLGAAMVEIALGGKK,75,0.48931899999999995,0.510211756434098
7067,WLGARYLEFEALGFLKK,75,0.451233,0.5429027536670384
7068,EQEILNYMSPHHKKLHHHHHH,75,0.0,0.04808936272541336
7069,GAGKTRRFLPQILAEHHHHHH,75,0.300744,0.06385369283938032
7070,GSRAIWYMWLGARYLHHHHHH,75,0.0,0.17452349845044618
7071,HTMWHVTRGAFLVRNHHHHHH,75,0.24585700000000002,0.06936926563243101
7072,IWYMWLGARYLEFEAHHHHHH,75,0.0,0.17028482054668542
7073,MFFVKNPTDTGHGTVHHHHHH,75,0.196503,0.10049486904987644
7074,TRRFLPQILAECARRHHHHHH,75,0.233136,0.13043695756702017
7075,AEMVIHHQHVQDCDE,76,0.328958,0.0659615825731088
7076,AGWLFHVRGARRSGD,76,0.559864,0.644335151010968
7077,AMTDTTPFGQQRVFK,76,0.234062,0.4990653589657786
7078,CEHLEDGIYGIFQST,76,0.286408,0.4779390689223502
7079,CGSYVTKTSGSAASM,76,0.49901599999999996,0.8289012175034165
7080,CTDKMFFVKNPTDTG,76,0.279159,0.1799167877680218
7081,DGGGFYADDTAGWDT,76,0.225408,0.39819805229489313
7082,DLDDEQEILNYMSPH,76,0.367478,0.3016575776053717
7083,DQRGSGQVVTYALNT,76,0.34587399999999996,0.6968162590114019
7084,EERVERIKSEYMTSW,76,0.204916,0.1291693315778357
7085,EQEILNYMSPHHKKL,76,0.30576,0.3491515469986493
7086,ERKLHQQGRCRTCVY,76,0.231267,0.13782677034087382
7087,FEALGFLNEDHWASR,76,0.262018,0.31953705240992075
7088,FHVRGARRSGDVLWD,76,0.349858,0.3617095099616417
7089,FSSAGGFFTSVGKGI,76,0.558297,0.8369185156445565
7090,FTQTMKGVERLAVMG,76,0.529787,0.44940274838174477
7091,FYADDTAGWDTRITE,76,0.0,0.21922164887127438
7092,GAGKTRRFLPQILAE,76,0.508482,0.5669672582138442
7093,GETVKCRAPGGAKKP,76,0.167159,0.2865216446127055
7094,GGVFHTMWHVTRGAF,76,0.532098,0.725868470829785
7095,GKGEWMTTEDMLEVW,76,0.0,0.08684086754880818
7096,GKNLVFSPGRKNGSF,76,0.302191,0.47045472463786364
7097,GLALSHLNAMSKVRK,76,0.458064,0.7237052735870793
7098,GLCAFLATRIFGRRS,76,0.367675,0.7799565368354001
7099,GLFGGLNWITKVIMG,76,0.0,0.6006053322434972
7100,GPLDKEAIEERVERI,76,0.0,0.18745059613359769
7101,GRTTWSIHGKGEWMT,76,0.0,0.38358298172277455
7102,GRWDGEEEVQLIAAV,76,0.354878,0.46204702787110014
7103,HGVAKNPVVDGNPTV,76,0.32805300000000004,0.19451448970913918
7104,HTMWHVTRGAFLVRN,76,0.5439390000000001,0.7109732780187707
7105,IEEAPEMPALYEKKL,76,0.0,0.4090818698735859
7106,IGKLFTQTMKGVERL,76,0.407095,0.18196883206242978
7107,IHHQHVQDCDESVLT,76,0.0,0.09079449286437932
7108,IHLVIHRIRTLIGQE,76,0.244077,0.1580426740011777
7109,IHRIRTLIGQEKYTD,76,0.31257399999999996,0.12298737469100411
7110,INKGILVTVNPIAST,76,0.561458,0.7537057711804824
7111,ISGSSARYDVALSEQ,76,0.358651,0.34309469823852345
7112,ISRRDQRGSGQVVTY,76,0.277024,0.3942570898244892
7113,KEAIEERVERIKSEY,76,0.0,0.06842919390374608
7114,KGIHTVFGSAFQGLF,76,0.529219,0.9240234840028064
7115,KKGMTTVLDFHPGAG,76,0.313614,0.2718758609092694
7116,KNPTDTGHGTVVMQV,76,0.399966,0.4387310970799543
7117,KNPVVDGNPTVDIEE,76,0.268235,0.09845819298348772
7118,KTKNKTNWKQTWTFK,76,0.0,0.06546175905173243
7119,KYSYYPEDPVKLASI,76,0.31090300000000004,0.4485109566647447
7120,LAEGIVLASAALGPL,76,0.620059,0.963446194847142
7121,LDKRQFELYKRTDIV,76,0.250324,0.03557154271395571
7122,LGLTQPFLGLCAFLA,76,0.332872,0.9262141581743351
7123,LLVLAGWLFHVRGAR,76,0.345175,0.7027492647123531
7124,LNYMSPHHKKLAQAV,76,0.371506,0.20127549834929911
7125,LPQILAECARRRLRT,76,0.349452,0.6774222759328472
7126,LQEIPTMLKKGMTTV,76,0.369873,0.19614792389059854
7127,LQYGWKTWGKNLVFS,76,0.423253,0.18688254546535885
7128,LRLGKEFIRCLALPF,76,0.281422,0.48720367948622
7129,LRTLVLAPTRVVLSE,76,0.562265,0.8763627361772103
7130,LSEEKVPWDQVVMTS,76,0.306317,0.3948039178243627
7131,LSFMDKGIPFMKMNI,76,0.22381199999999998,0.4682882103523494
7132,LVDEERKLHQQGRCR,76,0.0,0.01945736475123827
7133,LWSPRERLVLTLGAA,76,0.575304,0.5053153854616672
7134,MFFVKNPTDTGHGTV,76,0.279045,0.25147071498688395
7135,MKGVERLAVMGDTAW,76,0.461269,0.5200428892327593
7136,MLGARYLEFEALGFL,76,0.0,0.4056763801692825
7137,MSIHGKGEWMTTEDM,76,0.25950300000000004,0.29750458133002883
7138,NLWKMKTGRRGSANG,76,0.0,0.1498074226270113
7139,NVYQRGTHPFSRIRD,76,0.459653,0.490810921564248
7140,PFSRIRDGLQYGWKT,76,0.400951,0.3923559161980715
7141,PTMLKKGMTTVLDFH,76,0.403389,0.3417893889010972
7142,PTVDIEEAPEMPALY,76,0.0,0.5077704820876122
7143,QRMFTREELIHFPEF,76,0.292288,0.23209664445570774
7144,RERLVLTLGAAMVEI,76,0.5949979999999999,0.7866590582230436
7145,RGTHPFSRIRDGLQY,76,0.397889,0.34300331809301315
7146,RTLIGQEKYTDYLTV,76,0.0,0.16238598689520148
7147,SAFQGLFGGLNWITK,76,0.419372,0.7334067983063245
7148,SARYDVALSEQGEFK,76,0.282084,0.35644589908852164
7149,SEYMTSWFYDNDNPY,76,0.39027,0.15904677146181273
7150,SGARSNVTFTVNQTS,76,0.43743999999999994,0.6615830642097004
7151,SGSAASMVNGVIKIL,76,0.461815,0.6456215073853807
7152,SHLNAMSKVRKDISE,76,0.268403,0.17811859033631214
7153,SNVTFTVNQTSRLLM,76,0.40815999999999997,0.4989813521260637
7154,SVKEDLVAYGGSWKL,76,0.37400900000000004,0.39795539238667443
7155,TARRHLAEGKVDTGV,76,0.266171,0.2220262834927968
7156,TPFSLAEGIVLASAA,76,0.611388,0.9071853900459442
7157,TRRFLPQILAECARR,76,0.464309,0.5862610329819253
7158,TRVVLSEMKEAFHGL,76,0.409393,0.2690889386292733
7159,VADDLTAAINKGILV,76,0.53036,0.501123443607757
7160,VAIKGPLRISASSAA,76,0.556757,0.7920844267608523
7161,VDGNPTVDIEEAPEM,76,0.0,0.20496095528449967
7162,VDRDTARRHLAEGKV,76,0.22439699999999999,0.21277209766077482
7163,VEIALGGVMGGLWKY,76,0.591596,0.6281908570119855
7164,VLAPTRVVLSEMKEA,76,0.5019239999999999,0.720984820633181
7165,VLAPYMPDVLEKLEL,76,0.378228,0.5012137640413888
7166,VLEKLELLQRRFGGT,76,0.283464,0.19652473294401268
7167,VPTSWVPQGRTTWSI,76,0.198507,0.580849414970389
7168,VTKTSGSAASMVNGV,76,0.515053,0.8353029854697372
7169,VTRMAMTDTTPFGQQ,76,0.474078,0.4458955620044985
7170,WKTWGKNLVFSPGRK,76,0.452956,0.36517226429319133
7171,WSIHGKGEWMTTEDM,76,0.209366,0.34152825968556394
7172,YMPDVLEKLELLQRR,76,0.0,0.12586399879670296
7173,DKGIPFMKMNISVIMK,76,0.35847199999999996,0.38057799359431516
7174,MYYVSGARSNVTFTVK,76,0.478229,0.767904296651574
7175,PKQMLVGGVVLLGAMK,76,0.40515,0.6303541929679172
7176,KKVGQVTLLDLLKLTVA,76,0.0,0.10249062372963852
7177,NSYIAEMETESWIVDKK,76,0.287896,0.22271239873339221
7178,SGQVVTYALNTITNLKK,76,0.255135,0.26208827302923493
7179,TVFGSAFQGLFGGLNKK,76,0.482918,0.5135903147664235
7180,VLTLGAAMVEIALGGKK,76,0.273785,0.566558207780948
7181,WLGARYLEFEALGFLKK,76,0.16475399999999998,0.31174027641026997
7182,AEMETESWIVDRQWA,77,0.0,0.4648853744812703
7183,AEMVIHHQHVQDCDE,77,0.431738,0.3134442605014326
7184,AGWLFHVRGARRSGD,77,0.9359370000000001,0.8633726768829798
7185,AMTDTTPFGQQRVFK,77,0.381152,0.5896936929400034
7186,ATPPGTSDEFPHSNG,77,0.0,0.07659569365053569
7187,CEHLEDGIYGIFQST,77,0.178026,0.5900482679939499
7188,CGSYVTKTSGSAASM,77,0.481216,0.8918646249300912
7189,CTDKMFFVKNPTDTG,77,0.666267,0.5813786065424786
7190,DCRTAFKPVLVDEGR,77,0.6461439999999999,0.7999536871446866
7191,DGGGFYADDTAGWDT,77,0.308114,0.388774450795515
7192,DLDDEQEILNYMSPH,77,0.0,0.17595655474136748
7193,DQGCSSALGSGPYGA,77,0.23208299999999998,0.47633737777696644
7194,DQRGSGQVVTYALNT,77,0.326081,0.7709655156144755
7195,EEPDDIDCWCYGVEN,77,0.0,0.12160478913307535
7196,EHEILNDSGETVKCR,77,0.21387199999999998,0.09964595609513267
7197,EQEILNYMSPHHKKL,77,0.5647300000000001,0.7432829270106169
7198,ERIKSEYMTSWFYDN,77,0.32747600000000004,0.4589619324646786
7199,FHVRGARRSGDVLWD,77,0.6034609999999999,0.8546580926525776
7200,FSSAGGFFTSVGKGI,77,0.560657,0.89487463497243
7201,FTQTMKGVERLAVMG,77,0.640305,0.5419227176595673
7202,FYADDTAGWDTRITE,77,0.514085,0.4179607840125268
7203,GAGKTRRFLPQILAE,77,0.743748,0.73532931956082
7204,GCSSALGSGPYGALG,77,0.366791,0.48665546566378043
7205,GETVKCRAPGGAKKP,77,0.579116,0.36610878178018447
7206,GGVFHTMWHVTRGAF,77,0.8344,0.9028354562052343
7207,GKCDSAGRSRRSRRA,77,0.0,0.6147167334201775
7208,GKEFIRCLALPFRGY,77,0.590489,0.7925615269900761
7209,GKGEWMTTEDMLEVW,77,0.0,0.07127979977781104
7210,GKNLVFSPGRKNGSF,77,0.447646,0.7377826000951203
7211,GKTFSVGTGNCTTNI,77,0.265318,0.5933262027134696
7212,GLALSHLNAMSKVRK,77,0.402377,0.8411186247595288
7213,GLCAFLATRIFGRRS,77,0.688783,0.9394326973523119
7214,GLRTLWSPRERLVLT,77,0.7703369999999999,0.7889925072188682
7215,GPLDKEAIEERVERI,77,0.0,0.1454643037488993
7216,GPLIEGNTSLLWNGP,77,0.0,0.3486577688873417
7217,GPLRISASSAAQRRG,77,0.5439390000000001,0.8319761965448981
7218,GRTTWSIHGKGEWMT,77,0.6231399999999999,0.7538491862912867
7219,GRWDGEEEVQLIAAV,77,0.235421,0.25662057650183223
7220,GSRAIWYMWLGARYL,77,0.6247199999999999,0.8534515351227967
7221,HGVAKNPVVDGNPTV,77,0.0,0.3384185646352812
7222,HTMWHVTRGAFLVRN,77,0.8984629999999999,0.9435005354381646
7223,HVTRGAFLVRNGKKL,77,0.8718739999999999,0.8553911079016915
7224,IEEAPEMPALYEKKL,77,0.238812,0.17032875053906238
7225,IGKLFTQTMKGVERL,77,0.365721,0.5300647139078406
7226,IHHQHVQDCDESVLT,77,0.242407,0.1651319936644062
7227,IHLVIHRIRTLIGQE,77,0.820152,0.7724707158127296
7228,IHRIRTLIGQEKYTD,77,0.496197,0.5960200619369966
7229,ISGSSARYDVALSEQ,77,0.543277,0.42707313816350817
7230,ISRRDQRGSGQVVTY,77,0.238616,0.6779313526329891
7231,KEFIRCLALPFRGYL,77,0.732862,0.8320518854288527
7232,KGIHTVFGSAFQGLF,77,0.398163,0.944673454452192
7233,KKGMTTVLDFHPGAG,77,0.23725700000000002,0.4161035866021039
7234,KNPTDTGHGTVVMQV,77,0.275154,0.7372267991488286
7235,KNPVVDGNPTVDIEE,77,0.0,0.12300026544548312
7236,KRVPMALQHFGWEVM,77,0.43598100000000006,0.8420127172937989
7237,KTKNKTNWKQTWTFK,77,0.0,0.22535690300533617
7238,KYSYYPEDPVKLASI,77,0.24554,0.2714172969889082
7239,LAEGIVLASAALGPL,77,0.42768100000000003,0.9244431881593315
7240,LDKRQFELYKRTDIV,77,0.378118,0.36750885493344226
7241,LLVLAGWLFHVRGAR,77,0.698876,0.8530427504600059
7242,LNDSGETVKCRAPGG,77,0.282202,0.2695706067951139
7243,LNYMSPHHKKLAQAV,77,0.6086699999999999,0.7703249677611554
7244,LPQILAECARRRLRT,77,0.556757,0.6768747069969081
7245,LQEIPTMLKKGMTTV,77,0.33667600000000003,0.7377124034039165
7246,LQYGWKTWGKNLVFS,77,0.611388,0.7336411830336513
7247,LRLGKEFIRCLALPF,77,0.47693199999999997,0.5764761732081777
7248,LRTLVLAPTRVVLSE,77,0.698876,0.9226488198316555
7249,LSEEKVPWDQVVMTS,77,0.373167,0.4576700076260367
7250,LSFMDKGIPFMKMNI,77,0.309841,0.7248854582472732
7251,LTAAINKGILVTVNP,77,0.21273899999999998,0.7214140519157516
7252,LVDEERKLHQQGRCR,77,0.297268,0.2553163129304033
7253,LWSPRERLVLTLGAA,77,0.25613400000000003,0.6884565694103022
7254,MFFVKNPTDTGHGTV,77,0.294008,0.5440976318750654
7255,MKGVERLAVMGDTAW,77,0.356177,0.5905387637932693
7256,MLGARYLEFEALGFL,77,0.41254700000000005,0.4937836953507296
7257,MSIHGKGEWMTTEDM,77,0.264087,0.5808681642003961
7258,NLWKMKTGRRGSANG,77,0.626328,0.7325494770372867
7259,NVYQRGTHPFSRIRD,77,0.352502,0.8349800997768639
7260,PFSRIRDGLQYGWKT,77,0.362398,0.5895912667947717
7261,PSWASVKEDLVAYGG,77,0.29383000000000004,0.38853198419085017
7262,PTMLKKGMTTVLDFH,77,0.41664799999999996,0.7288747765058363
7263,PTSENNAHHVCWLEA,77,0.387048,0.6636543804479017
7264,PTVDIEEAPEMPALY,77,0.0,0.22717123125930883
7265,QRMFTREELIHFPEF,77,0.35946100000000003,0.21407491142936313
7266,RERLVLTLGAAMVEI,77,0.47533500000000006,0.8367956435823589
7267,RGTHPFSRIRDGLQY,77,0.527533,0.7766421932741687
7268,RLGKEFIRCLALPFR,77,0.43765,0.6917626343201605
7269,RMLEPTRVVNWEVII,77,0.377019,0.5516591123788137
7270,RVAYGKCDSAGRSRR,77,0.0,0.43288490260054835
7271,RYLEFEALGFLNEDH,77,0.290729,0.3424196564729197
7272,SAFQGLFGGLNWITK,77,0.364664,0.7989609995919715
7273,SARYDVALSEQGEFK,77,0.27375,0.30555110432595545
7274,SEYMTSWFYDNDNPY,77,0.334237,0.3292899284698702
7275,SGARSNVTFTVNQTS,77,0.379342,0.8214454996793291
7276,SHLNAMSKVRKDISE,77,0.478229,0.5402790340190647
7277,SNVTFTVNQTSRLLM,77,0.43413900000000005,0.8753718910480287
7278,SVGTGNCTTNILEAK,77,0.0,0.44339887003057576
7279,SVKEDLVAYGGSWKL,77,0.360004,0.6205227799062075
7280,TESWIVDRQWAQDLT,77,0.27418000000000003,0.4967097704821815
7281,TLTYRMLEPTRVVNW,77,0.661401,0.8675545781936144
7282,TPFSLAEGIVLASAA,77,0.28881599999999996,0.8362690946631917
7283,TRRFLPQILAECARR,77,0.7703369999999999,0.611664934325513
7284,TRVVLSEMKEAFHGL,77,0.315616,0.4445787666109402
7285,VAIKGPLRISASSAA,77,0.6461439999999999,0.766596095097092
7286,VDFGNSYIAEMETES,77,0.0,0.4630520151036869
7287,VDGNPTVDIEEAPEM,77,0.0,0.139646445256681
7288,VDRDTARRHLAEGKV,77,0.0,0.4584649291616459
7289,VLAPTRVVLSEMKEA,77,0.49043100000000006,0.7801223653404491
7290,VLAPYMPDVLEKLEL,77,0.26008600000000004,0.46461130552694313
7291,VLEKLELLQRRFGGT,77,0.45221400000000006,0.5469043620229459
7292,VPTSWVPQGRTTWSI,77,0.6127779999999999,0.8204187913088922
7293,VTKTSGSAASMVNGV,77,0.353006,0.8240164974161284
7294,VTRMAMTDTTPFGQQ,77,0.260923,0.4168839761916775
7295,WSIHGKGEWMTTEDM,77,0.21718400000000002,0.6362795349808458
7296,WVPQGRTTWSIHGKG,77,0.674082,0.8332381954608808
7297,YYSEPTSENNAHHVC,77,0.351419,0.5469921061065166
7298,MYYVSGARSNVTFTVK,77,0.5820810000000001,0.9440248170522351
7299,QPFLGLCAFLATRIFK,77,0.588314,0.8768032979654335
7300,SLLWNGPMAVSMTGVK,77,0.50803,0.920036363918704
7301,IWYMWLGARYLEFEAKK,77,0.7102069999999999,0.630894198201341
7302,KKGLNWITKVIMGAVLI,77,0.522127,0.7256379663630544
7303,KKLVGGVVLLGAMLVGQ,77,0.513127,0.6799073139710001
7304,KKTLLDLLKLTVAVGLH,77,0.421645,0.5183826548104441
7305,KKVGQVTLLDLLKLTVA,77,0.321896,0.31145006808744385
7306,SGQVVTYALNTITNLKK,77,0.388151,0.687055759990681
7307,TVFGSAFQGLFGGLNKK,77,0.46072700000000005,0.7728791827267321
7308,VLTLGAAMVEIALGGKK,77,0.370177,0.7936297229194367
7309,WLGARYLEFEALGFLKK,77,0.500667,0.5758077835560814
7310,AEMVIHHQHVQDCDE,79,0.28510599999999997,0.19109233246938492
7311,AGWLFHVRGARRSGD,79,0.682619,0.3667284489330874
7312,AMTDTTPFGQQRVFK,79,0.338099,0.19078344176893844
7313,CEHLEDGIYGIFQST,79,0.0,0.06126621313092376
7314,CGSYVTKTSGSAASM,79,0.485708,0.7775614549305558
7315,CTDKMFFVKNPTDTG,79,0.325017,0.1348831533726217
7316,DGGGFYADDTAGWDT,79,0.0,0.08800486499311587
7317,DLDDEQEILNYMSPH,79,0.364187,0.06592634620305174
7318,DQRGSGQVVTYALNT,79,0.31133099999999997,0.381222915288293
7319,EERVERIKSEYMTSW,79,0.0,0.11960104111987434
7320,EQEILNYMSPHHKKL,79,0.38827399999999995,0.5403334534477916
7321,ERKLHQQGRCRTCVY,79,0.0,0.24429343962963093
7322,FEALGFLNEDHWASR,79,0.24451900000000001,0.10574588053824782
7323,FSSAGGFFTSVGKGI,79,0.420414,0.4719289158617819
7324,FTQTMKGVERLAVMG,79,0.52005,0.190010135257158
7325,FYADDTAGWDTRITE,79,0.439996,0.23640237296018293
7326,GAGKTRRFLPQILAE,79,0.45832700000000004,0.23114954256989817
7327,GETVKCRAPGGAKKP,79,0.23007800000000003,0.1348314699593117
7328,GGVFHTMWHVTRGAF,79,0.7102069999999999,0.8594720500803513
7329,GKGEWMTTEDMLEVW,79,0.0,0.03527124545530314
7330,GKNLVFSPGRKNGSF,79,0.327221,0.3123207582983496
7331,GLALSHLNAMSKVRK,79,0.27184,0.390286714476791
7332,GLFGGLNWITKVIMG,79,0.0,0.30604029902233437
7333,GPLDKEAIEERVERI,79,0.0,0.03475336073502995
7334,GRTTWSIHGKGEWMT,79,0.60734,0.5351915481892711
7335,GRWDGEEEVQLIAAV,79,0.0,0.037246815719172814
7336,HGVAKNPVVDGNPTV,79,0.0,0.037725525260689355
7337,HTMWHVTRGAFLVRN,79,0.698876,0.8903853081717389
7338,IEEAPEMPALYEKKL,79,0.20316700000000001,0.03449019918204281
7339,IGKLFTQTMKGVERL,79,0.400246,0.20244088447158198
7340,IHHQHVQDCDESVLT,79,0.0,0.10115122185712451
7341,IHLVIHRIRTLIGQE,79,0.7102069999999999,0.6987935684743791
7342,IHRIRTLIGQEKYTD,79,0.30545700000000003,0.25523298901918734
7343,INKGILVTVNPIAST,79,0.31703200000000004,0.25812112216674643
7344,ISGSSARYDVALSEQ,79,0.0,0.16770242866989588
7345,ISRRDQRGSGQVVTY,79,0.0,0.43968843354003967
7346,KEAIEERVERIKSEY,79,0.0,0.09612245638071448
7347,KGIHTVFGSAFQGLF,79,0.271003,0.7922413105407227
7348,KKGMTTVLDFHPGAG,79,0.286326,0.16538434974135327
7349,KNPTDTGHGTVVMQV,79,0.0,0.2875751322832542
7350,KNPVVDGNPTVDIEE,79,0.0,0.06755253865501466
7351,KTKNKTNWKQTWTFK,79,0.32105700000000004,0.06633185192534612
7352,KYSYYPEDPVKLASI,79,0.24031799999999998,0.06971014735977481
7353,LAEGIVLASAALGPL,79,0.306981,0.37173979540618096
7354,LDKRQFELYKRTDIV,79,0.30801,0.09158038644199235
7355,LGLTQPFLGLCAFLA,79,0.0,0.44078898352659845
7356,LLVLAGWLFHVRGAR,79,0.654552,0.5609422453350712
7357,LNYMSPHHKKLAQAV,79,0.325704,0.5609945532338022
7358,LPQILAECARRRLRT,79,0.27286,0.23064061526851776
7359,LQEIPTMLKKGMTTV,79,0.251048,0.17634203702764847
7360,LQYGWKTWGKNLVFS,79,0.6523770000000001,0.1979904919207216
7361,LRLGKEFIRCLALPF,79,0.0,0.22699894794946168
7362,LRTLVLAPTRVVLSE,79,0.440646,0.8945693200197464
7363,LSEEKVPWDQVVMTS,79,0.336183,0.07611802812809682
7364,LSFMDKGIPFMKMNI,79,0.0,0.13663941398401958
7365,LVDEERKLHQQGRCR,79,0.0,0.03343354889182496
7366,LWSPRERLVLTLGAA,79,0.409083,0.33417041822444454
7367,MFFVKNPTDTGHGTV,79,0.264313,0.14516464748033267
7368,MKGVERLAVMGDTAW,79,0.230906,0.16544635739377941
7369,MLGARYLEFEALGFL,79,0.0,0.1840934358764429
7370,MSIHGKGEWMTTEDM,79,0.20155,0.24675451194955547
7371,NLWKMKTGRRGSANG,79,0.256311,0.354450809745375
7372,NVYQRGTHPFSRIRD,79,0.0,0.5678868053392125
7373,PFSRIRDGLQYGWKT,79,0.253083,0.09061924616042856
7374,PTMLKKGMTTVLDFH,79,0.230996,0.30208002983254695
7375,PTVDIEEAPEMPALY,79,0.0,0.05836911367971838
7376,QRMFTREELIHFPEF,79,0.289534,0.16588366067398463
7377,RERLVLTLGAAMVEI,79,0.42882200000000004,0.43697480270079175
7378,RGTHPFSRIRDGLQY,79,0.330464,0.5286024323626529
7379,RTLIGQEKYTDYLTV,79,0.279538,0.06911294963083614
7380,SAFQGLFGGLNWITK,79,0.31257399999999996,0.1316948020992846
7381,SARYDVALSEQGEFK,79,0.0,0.21829382991261925
7382,SEYMTSWFYDNDNPY,79,0.271595,0.08629291289237588
7383,SGARSNVTFTVNQTS,79,0.466873,0.6714270595789891
7384,SGSAASMVNGVIKIL,79,0.352669,0.21424431072629263
7385,SHLNAMSKVRKDISE,79,0.28228000000000003,0.3396552392453955
7386,SNVTFTVNQTSRLLM,79,0.584113,0.8072916601038597
7387,SVKEDLVAYGGSWKL,79,0.243148,0.045986192197488514
7388,TARRHLAEGKVDTGV,79,0.0,0.14229618705519287
7389,TPFSLAEGIVLASAA,79,0.0,0.38954144237933663
7390,TRRFLPQILAECARR,79,0.0,0.14389592659642464
7391,TRVVLSEMKEAFHGL,79,0.0,0.3283985458099879
7392,VADDLTAAINKGILV,79,0.0,0.15194214455561983
7393,VAIKGPLRISASSAA,79,0.584113,0.4918601913557881
7394,VDGNPTVDIEEAPEM,79,0.0,0.054701318791301995
7395,VDRDTARRHLAEGKV,79,0.0,0.22817680056442058
7396,VEIALGGVMGGLWKY,79,0.387905,0.09602713450472307
7397,VLAPTRVVLSEMKEA,79,0.284341,0.5860645688055816
7398,VLAPYMPDVLEKLEL,79,0.310264,0.15236399531738265
7399,VLEKLELLQRRFGGT,79,0.418684,0.08655182735287517
7400,VPTSWVPQGRTTWSI,79,0.5210819999999999,0.7342180289809345
7401,VTKTSGSAASMVNGV,79,0.0,0.21190091978498307
7402,VTRMAMTDTTPFGQQ,79,0.0,0.12849628522682552
7403,WKTWGKNLVFSPGRK,79,0.599739,0.49813024904469044
7404,WSIHGKGEWMTTEDM,79,0.27215500000000004,0.31147159542713454
7405,WVPQGRTTWSIHGKG,79,0.6384380000000001,0.7699934523921954
7406,YMPDVLEKLELLQRR,79,0.30687800000000004,0.03665118935921757
7407,DKGIPFMKMNISVIMK,79,0.310264,0.4632325315592684
7408,MYYVSGARSNVTFTVK,79,0.41143100000000005,0.8815186703543455
7409,PKQMLVGGVVLLGAMK,79,0.0,0.4216453651497842
7410,KKVGQVTLLDLLKLTVA,79,0.0,0.07175936826749979
7411,NSYIAEMETESWIVDKK,79,0.0,0.22234612755833408
7412,SGQVVTYALNTITNLKK,79,0.43892200000000003,0.16669249105315043
7413,TVFGSAFQGLFGGLNKK,79,0.0,0.12149376067039372
7414,VLTLGAAMVEIALGGKK,79,0.0,0.3473793901579229
7415,WLGARYLEFEALGFLKK,79,0.0,0.31123408183082873
7416,FLARSALIL,0,0.57719,0.5859422561166311
7417,IILKANFSV,0,0.0,0.21061369413348782
7418,LTQRGSVLR,0,0.0,0.20547469131397197
7419,RPFNNILNL,0,0.119155,0.15718621503219765
7420,VTSLDVINY,0,0.038699000000000004,0.08743918502513133
7421,EIYKRWIILG,0,0.234413,0.1563809484707931
7422,KRWIILGLNK,0,0.020624,0.2922201412345512
7423,RPSTKNFFEL,0,0.050658999999999996,0.05041997288467638
7424,VLMEWLKTRPI,0,0.558297,0.24904066460652766
7425,AAAAAVAAEAY,0,0.239722,0.7929005190068752
7426,ILGLNKIVRMY,0,0.25143699999999997,0.36910630264887595
7427,MSSGSFINISV,0,0.150504,0.3512473963921632
7428,PKYVKNNTLKLA,0,0.0,0.6099980923407375
7429,AALLVVAVGLRV,0,0.741643,0.7247912043841969
7430,ACIEWEKAQHGA,0,0.7426,0.8372889443377527
7431,ALLVVAVGLRVV,0,0.877043,0.7499434977610268
7432,AVGLRVVCAKYA,0,0.576321,0.7119748095301089
7433,CDKKCIEWEKAQ,0,0.24243800000000001,0.2433630983601193
7434,DPEDSALLEDPA,0,0.064063,0.13064644988348192
7435,EDPEDSALLEDP,0,0.0,0.0734589247452298
7436,EDSALLEDPAGT,0,0.0,0.23285899593955323
7437,EDTFAHLTPTPT,0,0.501084,0.4161611299172242
7438,ELVPEDPEDSAL,0,0.005385,0.09590600980427014
7439,FSQPEQEFPQPQ,0,0.0,0.0977668271403238
7440,FYKTLRAEQASQ,0,1.0,0.8557189547170823
7441,GLRVVCAKYALA,0,0.725585,0.7820377631394475
7442,GVTYEIDLTNKN,0,0.0,0.2422896205112922
7443,KAIEWEKAGHGA,0,0.689423,0.8191360304783462
7444,KCAEWEKAQHGA,0,0.21906799999999998,0.7425261364026162
7445,KCIEWEKAAHGA,0,0.724053,0.8725495021542982
7446,KCIEWEKAQAGA,0,0.753486,0.8820562148757074
7447,KCIEWEKAQHAA,0,0.796925,0.87252219052882
7448,KCIEWEKAQHGA,0,0.728342,0.8566482144845522
7449,KCIEWEKAQHGG,0,0.547879,0.7455863859249742
7450,LLVVAVGLRVVC,0,0.696993,0.7363961613744349
7451,LVPEDPEDSALL,0,0.0,0.14442771229917772
7452,LVVAVGLRVVCA,0,0.572922,0.7024441848927664
7453,NANPNANPNANP,0,0.0,0.07800733500681528
7454,NKIVRMYSPISI,0,0.8604799999999999,0.5019733956423964
7455,NKIVRMYSPTSI,0,1.0,0.33306470841589547
7456,NKKCDKKCIEWE,0,0.0,0.049451868460629454
7457,NPGLIIGALAGS,0,0.664784,0.7963036661695493
7458,PEDPEDSALLED,0,0.002732,0.061735397151590606
7459,PEDSALLEDPAG,0,0.0,0.21784356252622797
7460,PELVPEDPEDSA,0,0.345316,0.07113957285137242
7461,PGLIIGALAGST,0,0.6252300000000001,0.8095398807671886
7462,RFYKTLRAEQAS,0,0.877863,0.8684052485854301
7463,VAVGLRVVCAKY,0,0.514338,0.7409026269815241
7464,VGLRVVCAKYAL,0,0.619672,0.7400922689428046
7465,VPEDPEDSALLE,0,0.0,0.08614461917480616
7466,VVAVGLRVVCAK,0,0.583074,0.6873781944470555
7467,WIILGLNKIVRM,0,0.767897,0.6843339757749324
7468,PEVIPMFSALSEG,0,0.6920270000000001,0.7733311711934464
7469,AGWLADRSVRYPI,0,0.164827,0.5764666278704215
7470,AVFEAALTKAITA,0,0.260025,0.9045709920096201
7471,DKFKIFEAAFSES,0,0.260025,0.7909767050010209
7472,DMTPADALDDFDL,0,0.0,0.17530601586017522
7473,DPIELNATLSAVA,0,0.047212,0.749436941719719
7474,EEYVEIRQVGDFH,0,0.0,0.2883139365465008
7475,FHYRAISTRYTLD,0,0.887942,0.8092943169364955
7476,FYKTLRAEQASQE,0,1.0,0.8680516204124173
7477,KMFLSEESERSTD,0,0.371712,0.4740379804580635
7478,KPLLIIAEDVEGE,0,0.614189,0.4324309850734822
7479,KVIQAQTAYSANP,0,0.6330520000000001,0.71277721789986
7480,NQFVAVTSTNAAK,0,0.578148,0.7593543848394023
7481,PKYVFQNTLKLAT,0,0.787187,0.8821498105733151
7482,PKYVKQSTLKLAT,0,0.723124,0.8340523208942628
7483,PKYVKQTTLKLAT,0,0.723124,0.8323865645598365
7484,PRFLEQVKHECHF,0,0.046899,0.3189267957772552
7485,PTFGRSFTLASSE,0,0.0,0.7506216355548939
7486,REYLKLIGITAIM,0,0.575304,0.8878348619787199
7487,RFYKTLRAEQASQ,0,0.966398,0.8724787480306276
7488,SPEVIPMFSALSE,0,0.752676,0.7279957022961699
7489,VKYAVFEAALTKA,0,0.425625,0.9372059298997683
7490,GSDARFLRGYHQYA,0,0.23427199999999998,0.8818187527015063
7491,GSDLRFLRGYHQYA,0,0.6517350000000001,0.9153579377730786
7492,GSDTRFLRGYHQYA,0,0.38900500000000005,0.8349126880258816
7493,GSDVRFLRGYHQYA,0,0.5805859999999999,0.7673116321694512
7494,GSDWRFLRGYHLYA,0,0.719945,0.9324518425720593
7495,GSDWRFLRGYHQYA,0,0.617479,0.8010280656296598
7496,EAMSQANSAILMQR,0,0.351578,0.7976194781310362
7497,EYRSTVNPWASQLG,0,0.446092,0.43108597783908825
7498,HHMVKISGGPHISY,0,0.427691,0.5994086916325119
7499,IEKFEKEAAEMGKG,0,0.5369,0.5944994642228556
7500,ISQAVHAAHAEINE,0,0.08015900000000001,0.7376759370930862
7501,KPLLIIAEDVEGEY,0,0.605126,0.5797882016532321
7502,MLFRILSLNLIKIK,0,0.8718799999999999,0.8384826459208474
7503,NTSYRLISCNTSVI,0,0.628366,0.7185777372274043
7504,RETQISKTNTQTYR,0,0.0636,0.4929371916818417
7505,RQDILDLWIYHTQG,0,0.020624,0.4544664547785624
7506,TDRESLRNLRGYYN,0,0.587555,0.7613468741981191
7507,TSICSLYQLENYCN,0,0.136713,0.7721181962229249
7508,VLAGWLFHVRGARR,0,0.648881,0.8641305082099379
7509,YARFQRQTTLKAAA,0,0.901596,0.9194538025884402
7510,AAAAPAAVGAAVGGT,0,0.382088,0.8282983210193943
7511,AAAGLAAAAPLESRQ,0,0.73342,0.8691305372775965
7512,AAAKVAHHMVKISGG,0,0.156884,0.8824297102148471
7513,AAAKVLHHMVKISGG,0,0.276644,0.862435723609474
7514,AAALHHMVKISGGPH,0,0.249545,0.7464166812225052
7515,AAALHNVKCKTPTQL,0,0.0,0.5830877490733231
7516,AAEWVLAYMLFTKFF,0,0.639147,0.9459402081623549
7517,AAGAQLLWQLPLLSI,0,0.51464,0.8781148178623928
7518,AAGVAAWSLIALMIP,0,0.412444,0.932020480603908
7519,AALHNVKCKTPTQLS,0,0.45025,0.46016360914082804
7520,AALPLLFFALAGQRI,0,0.6096020000000001,0.9547509073643373
7521,AAPEAARSLASSLPG,0,0.186347,0.850848807327152
7522,AAPLSWSKDIYNYME,0,0.402305,0.48096419549288844
7523,AASGADGTYDITKLG,0,0.22069299999999997,0.3852774796626761
7524,AATNDHNVMESVTLD,0,0.183599,0.5804025805326125
7525,AAVELARALVRAVAE,0,0.762278,0.9399446118745555
7526,AAVKAGATLLDGGNM,0,0.48626099999999994,0.8551847105295032
7527,ACMAKQSQTPLNDVV,0,0.0,0.7322001655180795
7528,ACMLDGGNMLETIKV,0,0.455333,0.9059055137467351
7529,ADDLTAAINKGILVT,0,0.513787,0.950356446854762
7530,ADKNLIKCSDHYLCL,0,0.46353,0.5529919652024765
7531,ADNSLDYAANFSHML,0,0.345301,0.8889752133443414
7532,ADSVKGRFTISRDNS,0,0.29130700000000004,0.7776383565164945
7533,AEFKSRFYEWGEEVP,0,0.0,0.30061187753845453
7534,AELMILIATNLLGQN,0,0.5994689999999999,0.9351041185643431
7535,AENVKPPKVDPATYG,0,0.0,0.2615817904935952
7536,AEPTKGKNNSENLTL,0,0.331891,0.4330775910539388
7537,AFFSWSLSDPKGNDM,0,0.670769,0.7182996748269315
7538,AFMLAWNYGVPRVMS,0,0.958536,0.9325141326382484
7539,AFQGLFGGLNWITKV,0,0.408948,0.879122846045623
7540,AGACLIDGGNMLETI,0,0.46207700000000007,0.682582120422252
7541,AGALEVHAVKPVTEE,0,0.37550300000000003,0.7054369942558265
7542,AGAWRTAAVELARAL,0,0.858217,0.9302172165556778
7543,AGIFGAKPLQSLQVC,0,0.39498099999999997,0.9188409974339564
7544,AGILARNLVPMVATV,0,0.533597,0.9542187884661105
7545,AGLIAIVMVTILLCC,0,0.157559,0.8213046711366702
7546,AGLLGNVSTVLLGGV,0,0.560657,0.9444682062769056
7547,AGLLGVVSTVLLGGV,0,0.560657,0.932880626045476
7548,AGLTHMMIWHSNLND,0,0.275432,0.9201001850007287
7549,AGNGVVRIWDVSDPS,0,0.170403,0.4690317168980442
7550,AGPPQVGLSYSQTML,0,0.070747,0.8716524257960029
7551,AGRFEVHAQTVEDEA,0,0.43465200000000004,0.43158599080621746
7552,AGWDTVLQSITTILA,0,0.543246,0.8384151137399128
7553,AGYLVGRKPLAFFSW,0,0.9544870000000001,0.9255146699939515
7554,AHARSYQTLSTQAAA,0,0.617255,0.9037769944694128
7555,AHWTEARIMLDNINM,0,0.0,0.7956114065232824
7556,AIAGAWENGVCGIRS,0,0.446234,0.4449622257797563
7557,AIGIITLYLGAVVQA,0,0.344163,0.9658954755297726
7558,AINDNKVGEVCSFYA,0,0.19713699999999998,0.6149045919699446
7559,AINIFNVEKYGAVGD,0,0.20778000000000002,0.8080499240846089
7560,AKAPETKDSPRASLI,0,0.16134500000000002,0.5815534705856148
7561,AKKLDRTFFTSAALR,0,0.581654,0.9252813724820039
7562,AKMLQLDPNAKTWMD,0,0.6729609999999999,0.8450512159911135
7563,AKPDGKTDCTKEVEE,0,0.127895,0.08946649218752846
7564,AKRKTVTAMDVVYAL,0,0.975751,0.8077112242797582
7565,AKTGETSVPKCWLVT,0,0.059807000000000006,0.6085275718122976
7566,ALFSGVSWVMKIGIG,0,0.766417,0.8902768682018078
7567,ALGLKTIATHGIAAI,0,0.7886479999999999,0.8768154762273698
7568,ALGPFQSFVSKVVNK,0,0.42106899999999997,0.8439595106664465
7569,ALHNMIDIMISWIRS,0,0.6236510000000001,0.7771688956182576
7570,ALKESWGAIWRIDTP,0,0.159718,0.7488500720396936
7571,ALLPRAGAAAAAALP,0,0.601205,0.9524897451498257
7572,ALQSHDDVALVSVMW,0,0.35531799999999997,0.7963408772021107
7573,ALRVIAGALEVHAVK,0,0.641273,0.9460485456883309
7574,ALSDADWHFIADPAS,0,0.210162,0.5676039801568418
7575,ALSDPYLSFAAALNG,0,0.5850420000000001,0.9416520265105974
7576,ALTIACMTVQGGETM,0,0.46233199999999997,0.780765487247987
7577,ALTKAITAMSEVQKV,0,0.578078,0.8102720133580121
7578,ALTSLGLLYTVKYPN,0,0.5146729999999999,0.9019550085748718
7579,AMFVEDIAMGYVVSS,0,0.9483370000000001,0.8690582585288016
7580,AMLKNLCFYSQESPQ,0,0.544272,0.7590194994540685
7581,ANQFNKAISQIQESL,0,0.986867,0.8621809280207741
7582,ANSHQRSDSSLVDEF,0,0.14893399999999998,0.40954658869891175
7583,APGAAAAPLSWSKDI,0,0.678805,0.7448268380037827
7584,APNGGFRRIPRGALH,0,0.773748,0.8095383260545556
7585,APSVVPNTTLGMHCG,0,0.34935700000000003,0.8240927592818762
7586,APYMVGDVITSGDIT,0,0.9919889999999999,0.6619204162485349
7587,AQAVYDFRSIVDYLR,0,0.434987,0.7633439356180202
7588,AQIYQAVSAQAAAIH,0,0.769385,0.9000690705154535
7589,AQKLLSEAINKSAFQ,0,0.49368999999999996,0.9453919045819934
7590,AQVRADRILALDADP,0,0.350409,0.7948821885559538
7591,ARGYISTRVGMGEAA,0,0.43381000000000003,0.8239018446222869
7592,ARHINAQVAKSHNVS,0,0.619727,0.8044653525647492
7593,ARNLVPMVATVQGQN,0,0.6903779999999999,0.851107547830935
7594,ARYPIDPFLLNCETD,0,0.388736,0.651925273293684
7595,ASAAILGHDGTVWAQ,0,0.38712199999999997,0.5694053926080195
7596,ASAHIRQSDYVDHEL,0,0.088666,0.5093587877192514
7597,ASGLVDSKFDSLEDF,0,0.057851,0.7021637609392064
7598,ASGSIEGHQFLDGVN,0,0.400163,0.6864858925802034
7599,ASIAARGYISTRVGM,0,0.583546,0.8933640300297755
7600,ASLIDGGNMLETIKV,0,0.355804,0.8953492995320421
7601,ASLIYRRRLMKQDFS,0,0.152375,0.880895121549124
7602,ASNPNYLAILVKYVD,0,0.575995,0.9147579506182835
7603,ASPLTGIADASQSSM,0,0.068131,0.9006427977018627
7604,ASVGKMIDGIGRFYI,0,0.215903,0.7862341790689684
7605,ASVYYSQLMCQPILL,0,0.6754859999999999,0.9168902289600881
7606,ATARTLGNFSWFPHK,0,0.747633,0.6775138624632093
7607,ATEVPANSTVLSFCA,0,0.479125,0.8096228243007499
7608,ATFFIFNKLVKDPPN,0,0.863226,0.8258108537943426
7609,ATPPPPPPPQLGASP,0,0.13714500000000002,0.050668866428493116
7610,ATSPTAEGGKATTEE,0,0.103065,0.1449943323467006
7611,ATTANVPPADKYKTF,0,0.431167,0.32843056498537654
7612,AVFEAALTKAITAMS,0,0.736011,0.9534906593930926
7613,AVFEAALTKAITAMT,0,0.604951,0.9658037404733038
7614,AVGLFIRLLGGESDA,0,0.946574,0.8822360081401909
7615,AVHVWLRLPAGRVEI,0,0.683843,0.9601432456697261
7616,AVIRGKKGAGGITIK,0,0.480601,0.5325982088993765
7617,AVMLTFDNAGMWNVR,0,0.408649,0.905732854530233
7618,AVSGGLNTLVLRAVL,0,0.44616000000000006,0.9625001050222405
7619,AVYKSSEKCNFFLEE,0,0.606941,0.49228408392080175
7620,AWASACGGTGKNTIV,0,0.37233299999999997,0.25212686284754693
7621,AWENTTIDLTNEKLA,0,0.49505600000000005,0.38585843127601105
7622,AWIMLLQFAYSNRNR,0,0.927321,0.9240102897694412
7623,AWMSAAATQAEQAAT,0,0.6879649999999999,0.8462146101381072
7624,AYDLIGPDNPGEPLV,0,0.6634,0.4586171085501967
7625,AYGSFVRTVSLPVGA,0,0.83375,0.9687608487525625
7626,AYSDDKSMKVTVAFN,0,0.39516100000000004,0.8031739137941692
7627,AYTSSDDQISLFDQS,0,0.525637,0.35337754083028555
7628,AYTSSDDQITLFDKR,0,0.35033400000000003,0.383491681850946
7629,AYTSSDDQITLFDRR,0,0.17593699999999998,0.35762807649417605
7630,AYVATVSEALRIIAG,0,0.587154,0.9372893973877174
7631,CADILAIASRVLVTM,0,0.47685299999999997,0.937324028508087
7632,CDASILIDPLSNQSA,0,0.354583,0.8496595979233176
7633,CDGERPTLAFLQDVM,0,0.329218,0.7320592889705912
7634,CDKQSHPEAHRDHIC,0,0.01211,0.19134776592656028
7635,CEICEKKPKVIYCQK,0,0.5213909999999999,0.5353298476410019
7636,CFWSTLFYVSSIFLH,0,0.881878,0.914558483697331
7637,CGGTGKNTIVIPKGD,0,0.072451,0.47183158820598053
7638,CGLIGLVTFLLLCGR,0,0.7928470000000001,0.9508014095598637
7639,CGYKDVDKPPFDGMT,0,0.044587,0.23369098899492266
7640,CIEYVTLNASQYANC,0,0.520925,0.95659398882455
7641,CLEKWMLISSELKCF,0,0.9057219999999999,0.9227993292766218
7642,CLHVVGPNLNAGEDI,0,0.872086,0.8579497775002494
7643,CLSGEGWPYIGSRSQ,0,0.1386,0.5053024874591746
7644,CLTKQGQVDLNDAVQ,0,0.30333699999999997,0.5781053880313154
7645,CMKMILLQMNANAYS,0,0.631875,0.9557044233046835
7646,CMTVQGGETMNSVIQ,0,0.45462700000000006,0.4706914607764254
7647,CNRDGITLYICDKQS,0,0.0,0.5552235413042642
7648,CPLDHVNTLHFLTRG,0,1.0,0.867124285553334
7649,CQFLKVEKSQLLNEF,0,0.9389,0.8764325655993335
7650,CQSVCEEFFHQKLLL,0,0.265166,0.6427327093488963
7651,CRCGRFQKLGKQVTW,0,0.715059,0.7175376959421862
7652,CRKVQHMVVKSALLA,0,0.911962,0.9329802385874714
7653,CRSCTLPPLRYMGED,0,0.298309,0.9011829979947573
7654,CRTLGSKCVRGPNKE,0,0.751008,0.8063097357281646
7655,CSDHYICLKCLNIML,0,0.563743,0.8081983426133144
7656,CSFYADPKRYFPAIF,0,0.49875699999999995,0.852658159805438
7657,CSNLAEEIITLNSYG,0,0.373461,0.7277662838328114
7658,CSNLSTCVLGKLSQE,0,0.31085,0.8319942693634093
7659,CSSSPTILDNYTQCI,0,0.695288,0.4009411599841755
7660,CTGMLKRRLGLMSLS,0,0.9301010000000001,0.9736904977800164
7661,CTSAKGPDYKRPGVS,0,0.24061799999999997,0.21093000849538823
7662,CVSLFNRGKLRVSGD,0,0.43892700000000007,0.9119807747152843
7663,CWFANTNLIKCSDHY,0,0.33232399999999995,0.5834041581753427
7664,CYIQRFPITNNIIGL,0,0.27669099999999996,0.9396812367502226
7665,CYSKSLRDLVISDSS,0,0.507092,0.828495543391597
7666,CYSKSRRRVMIQSSG,0,0.425616,0.8641338618514552
7667,DAGIVGVLTLDNQDL,0,0.662639,0.8617701704957698
7668,DALTLRTATNIWIDH,0,0.46540600000000004,0.7786394208638705
7669,DAPYMVGDVITSGDI,0,1.0,0.7057389294520374
7670,DCSEYPKPDCTAEDR,0,0.019133,0.143502374521537
7671,DDIRKLLESQGRKDI,0,0.391691,0.6676975199478469
7672,DDIVKTDGTLMIERF,0,0.47593100000000005,0.669175071365658
7673,DDMIYNAKKFLSKDG,0,0.11173599999999999,0.8654351418978572
7674,DDVGTPELELNVDAM,0,0.319065,0.5752028023999163
7675,DEARRMWASAQNISG,0,0.778827,0.9025620652134315
7676,DEKCQDRTELLEMVC,0,0.14144400000000001,0.3647609929150943
7677,DELMELSSDLEKLKQ,0,0.44724200000000003,0.8168920078326927
7678,DEPMVQVEAGKVNHS,0,0.23979299999999998,0.6909748554880243
7679,DERLLGFTMEWFLSG,0,0.5472199999999999,0.8197255170521075
7680,DESWQQFRQELIPLL,0,0.364991,0.8742696418687872
7681,DFFYSNFQVGVVPSH,0,0.770062,0.8770167335584054
7682,DFGNSYIAEMETESW,0,0.312136,0.5841966394188449
7683,DFSEAVGSSMRYTCL,0,0.461025,0.869596971843264
7684,DFTIVHDLYKKQLTK,0,0.257742,0.8166385783044738
7685,DFYSELGNKYAYDLI,0,0.835044,0.9235894023901343
7686,DGDMVPHISRQRLTK,0,0.786159,0.7667992939491439
7687,DGGNMLESILIKPSN,0,0.423616,0.8565825777141194
7688,DGKGGFLYIKDIFTR,0,0.858809,0.6908015006922665
7689,DGQGKAVWGKNSCAK,0,0.166214,0.4303263360837049
7690,DHTNFKYNYSVIEGG,0,0.336538,0.7989407385723953
7691,DIAMGYVVSSFDNIK,0,0.48485500000000004,0.8585796271499054
7692,DIDLGRNEVVNDVST,0,0.33987,0.452619305376421
7693,DIDYVPLKSATCITR,0,0.88215,0.9268823444871969
7694,DIFTNSRGKRASKGN,0,0.643292,0.7911301124140616
7695,DIKVQFQSGGNNSPA,0,0.181222,0.6489359493507104
7696,DINASFRAAMATTAN,0,0.716603,0.9486684590199931
7697,DISSNKSVVVPKLDE,0,0.304715,0.6190441241489412
7698,DITVKNCVLKKSTNG,0,0.142439,0.6625917293883736
7699,DIYKGVYQFKSVEFD,0,0.191726,0.731555669620407
7700,DKGVAPGTAVLRQWL,0,0.702177,0.9425162005797845
7701,DKKCIEWEKAQHGAC,0,0.567351,0.6062098364156726
7702,DKLTGPFTVRYTTEG,0,0.30509000000000003,0.7830281911696656
7703,DKPFQNVNRITYGAC,0,0.21500500000000003,0.7397962086694233
7704,DKSVERILHDHGILT,0,0.453874,0.7697710518045356
7705,DKSVETILVESGIVC,0,0.302044,0.7621249250300994
7706,DKVNLNQVIQSVRRL,0,0.239862,0.8758391119336211
7707,DKVSVAEDNIEHLIH,0,0.314719,0.4353714141440918
7708,DKVYEILKINSVKYY,0,0.743753,0.9164793863332744
7709,DLFNRDKNEAILQFG,0,0.463462,0.5948766672015884
7710,DLGNCLNKSDSSWAI,0,0.61822,0.5408519933497203
7711,DLHTVLRNVACQEAV,0,0.5088739999999999,0.8782850643808104
7712,DLKTVHNILPHDLIF,0,0.40441,0.8857226065824152
7713,DLRLVLRTKLMTSRR,0,0.7564649999999999,0.9504789980695404
7714,DLSCSYDHSKWGPTM,0,0.142439,0.4258882079518327
7715,DLTILGLAAEWVLAY,0,1.0,0.9504577379067861
7716,DLVANQPNLKALREK,0,0.449267,0.7236709329645231
7717,DMDKVETFLRIVQCR,0,0.338963,0.8764461576244831
7718,DMLKLFEFNKKAIET,0,0.996001,0.8741914999291857
7719,DNGVMSEQGSFYCDP,0,0.0,0.34981531182327663
7720,DNLFPKVAPQAISSV,0,0.28279099999999996,0.9223188488037826
7721,DPIYDEPTTTTSVPL,0,0.257343,0.6427601280822963
7722,DPQFKDNVILLNKHI,0,0.486601,0.8586057792732262
7723,DRQGKTPLTLVDICF,0,0.486887,0.7287237043632939
7724,DRTELLEMVCFHEFL,0,0.28539000000000003,0.7031747305965896
7725,DRYAYEIVGPECSDS,0,0.555995,0.7592217168274115
7726,DSCQDAIESLRKSGL,0,0.247915,0.725263243351123
7727,DSIDFLVLKNLTNLV,0,0.9095549999999999,0.9084637367019504
7728,DSLMILAQALVSDRP,0,0.776751,0.9163499981395468
7729,DSVETLLCQLWPYLK,0,0.5923619999999999,0.7969566728721204
7730,DTFRKDFRVYDNFLR,0,0.49159200000000003,0.6605915069928153
7731,DTFRKLFRRYSNFLR,0,0.599739,0.9633053063343342
7732,DVDIIVDARLDLSST,0,0.202282,0.8623415642561314
7733,DVFYNGAYFVSSGKY,0,0.42271499999999995,0.9148293173127892
7734,DVLSQPMLPHTWDGS,0,0.29238200000000003,0.6929115070088084
7735,DYFSLVLTNACELGE,0,0.704757,0.9682466102485628
7736,DYNFQPSTEQLKNIQ,0,0.450342,0.7304580271077433
7737,EAAFNKAIKESTGGA,0,0.406035,0.7672573649979882
7738,EAVIREAVGKLDPTN,0,0.400879,0.7470771742804674
7739,EAVLEDPYILLVSSK,0,0.674082,0.9015215091570933
7740,EAYRMRFAAVITRVI,0,0.8667809999999999,0.9699542538010573
7741,ECNFEQKFVDTILSE,0,0.585721,0.7141454952935216
7742,ECTIFKDAMGKPVPY,0,0.863966,0.6054313715764431
7743,EDIAMGYVVSNFEGV,0,0.556633,0.8031119140430963
7744,EDPLFQLVSKLYEVV,0,0.40428800000000004,0.893869841132392
7745,EDQDVKDWVDGSRGY,0,0.257685,0.2893360559768815
7746,EEDIEIIPPIQEEEY,0,0.0,0.15966032110882603
7747,EEFVSLASRFLVEED,0,1.0,0.9358056763278728
7748,EEHLAPFMSDLQFNQ,0,0.555052,0.8784215708622513
7749,EEIITLNSYGSFQEF,0,0.842764,0.7962027815357857
7750,EENLINLISRGGDEA,0,0.44906,0.8043353326275874
7751,EESRIFEDLVWKRFE,0,0.25654,0.5952400394505131
7752,EFIPMKSSWGAIWRI,0,0.601104,0.8592160261512635
7753,EFKSRFFVMGEETPL,0,0.557846,0.7074143871167884
7754,EFVTLAAKFIIEEDS,0,0.544186,0.8824747432510989
7755,EGHHLASAAIFGHDG,0,0.59102,0.8997824874401894
7756,EGHHLASAAILGHDG,0,0.582756,0.9382877462249859
7757,EGKVVQYENLKYTVI,0,0.363392,0.8197006560210017
7758,EGLKLLSRCIEIDSA,0,0.38160700000000003,0.6941454288390635
7759,EGSTELSPLYFTSVI,0,0.07535900000000001,0.7265759689910753
7760,EGWPYIACRTSIVGR,0,0.553624,0.9200834382254061
7761,EHELYVAVLSNALHR,0,0.306775,0.9618133720463139
7762,EIDIEDQEYQRLIHS,0,0.46298900000000004,0.7437611161392971
7763,EIESCRKNSCECNFE,0,0.0,0.200128192795528
7764,EILKASKSMLEIDIE,0,0.587819,0.9068653441464617
7765,EIPSFRWTQSLRREL,0,0.70815,0.9404559669457045
7766,EITGIMKDFDEPGHL,0,0.166365,0.17328694876406892
7767,EKEPSLATVKNVVLR,0,0.565004,0.8498997198283866
7768,EKFGHLCKHHNGVVV,0,0.37193699999999996,0.7287092336197902
7769,EKFGHLCRAHNGVIV,0,0.8072630000000001,0.8326100210628529
7770,EKGEDQTIKECQMQC,0,0.26207199999999997,0.30317419313967364
7771,EKKYFAAFQFEPLAA,0,0.773824,0.9840479648152628
7772,EKKYFAALQFEPLAA,0,0.8798969999999999,0.9873315560048121
7773,EKKYFAARQFEPLAA,0,0.682929,0.9878751925763377
7774,EKKYFAATEFEPLAA,0,0.535207,0.9585069092362791
7775,EKKYFAATKFEPLAA,0,0.5831689999999999,0.9871931766648403
7776,EKKYFAATQAEPLAA,0,0.8614139999999999,0.9538423651113667
7777,EKKYFAATQCEPLAA,0,0.617294,0.9475798633898312
7778,EKKYFAATQDEPLAA,0,0.6118779999999999,0.838556235220057
7779,EKKYFAATQEEPLAA,0,0.584623,0.884028966023103
7780,EKKYFAATQGEPLAA,0,1.0,0.921931918526042
7781,EKKYFAATQHEPLAA,0,0.6237739999999999,0.9441458909887421
7782,EKKYFAATQIEPLAA,0,0.701006,0.9569911007744214
7783,EKKYFAATQKEPLAA,0,0.594283,0.9532600334039121
7784,EKKYFAATQLEPLAA,0,0.63673,0.9692113347371619
7785,EKKYFAATQMEPLAA,0,0.70189,0.9657291968207238
7786,EKKYFAATQNEPLAA,0,0.778343,0.9452273890338319
7787,EKKYFAATQPEPLAA,0,0.8526389999999999,0.9134672480372231
7788,EKKYFAATQQEPLAA,0,0.620757,0.9361063101688368
7789,EKKYFAATQREPLAA,0,0.571327,0.9524064834997259
7790,EKKYFAATQSEPLAA,0,0.7986989999999999,0.9581001259641913
7791,EKKYFAATQTEPLAA,0,0.7825340000000001,0.9640414565849099
7792,EKKYFAATQVEPLAA,0,0.817033,0.9650106900993329
7793,EKKYFAATQWEPLAA,0,0.5865600000000001,0.9689951041006388
7794,EKKYFAATQYEPLAA,0,0.607699,0.9703710779236828
7795,EKKYFAATWFEPLAA,0,0.6079319999999999,0.985454004865374
7796,EKKYFACTQFEPLAA,0,0.763681,0.9827481571615114
7797,EKKYFAHTQFEPLAA,0,0.582104,0.9892189548144262
7798,EKKYFANTQFEPLAA,0,0.631703,0.9826055577118848
7799,EKKYFATTQFEPLAA,0,0.696162,0.9875849300433511
7800,EKLKQKVQRTERVGN,0,0.276226,0.5569738576380543
7801,EKLQFTEYDFVLVGP,0,0.132635,0.7580814887337685
7802,EKMFVSPTPGQRNPY,0,0.36689499999999997,0.5962307215873794
7803,EKMVSLLSVLLSMQG,0,0.6892229999999999,0.958814690209367
7804,EKYGHLCKHHNGVVV,0,0.500951,0.7865304641229773
7805,ELAAVSVDCSEYPKP,0,0.197465,0.7162104478172132
7806,ELKCFGNTAIAKCNL,0,0.621776,0.7517386364727838
7807,ELKESWGAIWRIDTP,0,0.324549,0.6763365220749908
7808,ELLDQSDVKEPGVSR,0,0.299402,0.40461220667861636
7809,ELLGYCVSLFNRGKL,0,0.562667,0.9273361253638457
7810,ELSYQKEALLSQVEV,0,0.692499,0.8660832516600677
7811,ELTKAVATRTYFDHE,0,0.69613,0.8830848344129846
7812,ELVIGAVIIRGHLRM,0,0.7777890000000001,0.9648640436216287
7813,ELYKYKVVKIEPLGV,0,0.569508,0.8528471709737286
7814,EMCIDQVTIAGAKLR,0,0.781093,0.8358290628900498
7815,EMETESWIVDRQWAQ,0,0.043439,0.45138562841472596
7816,EMIYDLHRVVLLESI,0,0.528981,0.9301960349039649
7817,EMPTLIKTIQSRLSR,0,0.845658,0.9040093757112608
7818,ENEYATGAVRPFQAA,0,0.223833,0.848339936509937
7819,ENHCKYAGPFGMSRI,0,0.831915,0.7575494360070306
7820,ENHCTYAGPFGMSRI,0,0.0,0.7458216684189939
7821,ENLVIEGPTTCGYLP,0,0.696666,0.5777916629975647
7822,EPAYFATAESVRDHL,0,0.502866,0.905755343994658
7823,EPCPLPHRLNSRGGC,0,0.43613199999999996,0.5729610170088939
7824,EPKVKFGCAVVNPSL,0,0.562257,0.9616276027311911
7825,EQCCTSICSLYQLEN,0,0.18771500000000002,0.6993667227960567
7826,EQCGRQAGGKLCPNN,0,0.338171,0.3678223349059461
7827,EQDVKDWVDGSRGYR,0,0.07738099999999999,0.49514009503189294
7828,EQFLCYALDLLYDVI,0,0.499968,0.888298744965574
7829,EQFLGALDLAKKRVH,0,0.592735,0.9271225457853914
7830,EQGSFYCDPKRFFLP,0,0.070747,0.7631820149124984
7831,ERESNSEALSKALSL,0,0.191726,0.8743005616535128
7832,ERLNEQLLKDIVGEV,0,0.18573,0.5874811854598432
7833,ERRNKYLEEHPSAGK,0,0.391531,0.6900655806350624
7834,ERVGNGTGQYQGNLS,0,0.20729,0.4608814585335945
7835,ESELVIGAVIIRGHL,0,0.387488,0.9527955033105837
7836,ESFAIHLDYTGSMNQ,0,0.376875,0.7154416157470118
7837,ESLHNPYPDYHWLRT,0,0.39848,0.42257416412811627
7838,ESSFVMMSAPPAEYK,0,1.0,0.8352927345760945
7839,ESTGGAYDTYKSIPS,0,0.525551,0.505387174237826
7840,ESWGAVWRIDTPDKL,0,0.14064000000000002,0.4853391361672742
7841,ESWIVDRQWAQDLTL,0,0.294532,0.595372146764557
7842,ETFYPKLQASQAWQP,0,0.6101439999999999,0.9577413506272161
7843,ETIRVTPDNFSSLIK,0,0.422045,0.6323622399031982
7844,ETKKQVNLMGQTINA,0,0.6921069999999999,0.9483525569461199
7845,ETLMLVALLGAMTAG,0,0.515404,0.932122301013717
7846,ETLYRIDGAHLTKMS,0,1.0,0.8597884355936325
7847,ETPIAYRNVLLRKNG,0,0.697017,0.8671967777857397
7848,EVFCQTIKLDSEEYH,0,0.280944,0.5833092833330918
7849,EVFSRKGKHLLNKQD,0,0.16758199999999998,0.7082564341384459
7850,EVILKVVAVDQSVSG,0,0.6036100000000001,0.8653686811112703
7851,EVKFNAPALQEAYYR,0,0.932392,0.9124108452909065
7852,EVKSFLWTQSLRREL,0,0.56589,0.9489550644637194
7853,EVLDLEDDSQVDLAE,0,0.12387000000000001,0.17510557277337674
7854,EVLGFRMVQDERVGR,0,0.520753,0.6970578285589997
7855,EVPISVAEAYCTGML,0,0.54608,0.8434898761884918
7856,EVSNVQRIMRKEKRD,0,0.028419,0.6472478396857765
7857,EVVKANGGYLAAGKL,0,0.822052,0.9066083474286992
7858,EVYEARLTKFKYLAG,0,0.437668,0.9111406056884607
7859,EWCEFVDFSVCYSKS,0,0.27608699999999997,0.6987085068568716
7860,EYARPGLISSIIRSL,0,0.852124,0.9016959567461569
7861,EYEDKVWDKYGWLCK,0,0.0,0.3183331899550654
7862,EYIEAAKWLLPPPKV,0,0.838858,0.8800956753902246
7863,EYTNWEVGISPQQVC,0,0.299221,0.8180203919538696
7864,FANNQDERLLGFTME,0,0.667205,0.622089669902282
7865,FARIETAFANLYPGE,0,0.6591359999999999,0.8780765105597652
7866,FAVATITHAAELQRV,0,0.672245,0.8238451276776175
7867,FCNNKLMEIVYNVTF,0,0.32355,0.897226344722123
7868,FDAVASLPPGSAKLS,0,0.802187,0.8722586498108171
7869,FDELELDPPEIEPGV,0,0.193641,0.21621130121776508
7870,FDHEFTFGWDELLSK,0,0.281141,0.5862572678508937
7871,FDNIKVFLEGVSVDN,0,0.7459560000000001,0.8484901112382088
7872,FDPYGATISATPESA,0,0.351433,0.7840699242738471
7873,FDREFTFGWDELLSK,0,0.389854,0.5862572678508937
7874,FDWILGWTIKGLGHD,0,0.8381219999999999,0.7921468761289212
7875,FEAAFNDAIKASTGG,0,0.534079,0.819292609853262
7876,FEFNKKAIETLNDNT,0,0.578152,0.8504558380756382
7877,FEGRNFVQNIIVKLE,0,0.60009,0.8278246494044126
7878,FEGRNLVQNIIVKLE,0,0.042276999999999995,0.8693107278774518
7879,FEKMVSLLSVLLSMQ,0,0.711011,0.9713633604070506
7880,FENLVAENVKPPKVD,0,0.6279640000000001,0.7661331776414209
7881,FEQITFMQALQLLLE,0,0.85125,0.9668324057147833
7882,FESASKARLPDLKTV,0,0.33597899999999997,0.904978883359777
7883,FEVLAVEDTQGMDNL,0,0.42868,0.7260109231382277
7884,FFKGEIDRRLLDECL,0,0.410681,0.440171557185322
7885,FFVKNPTDTGHGTVV,0,0.0,0.7105485097563
7886,FFVMGEETPLLTKFV,0,0.648471,0.8981210093118351
7887,FFWFNEVLDLEDDSQ,0,0.35939299999999996,0.6967540997123292
7888,FFYLLGLSAIMQVFF,0,0.838973,0.9764075630504631
7889,FGFFVNPKEAITPEE,0,0.3056,0.7883406858447073
7890,FGPASFARIETAFAN,0,1.0,0.8771892340938449
7891,FGTMPSLTLACLTKQ,0,0.951192,0.9326110166154751
7892,FGWLVIGVAFLAVFQ,0,0.340498,0.9211258359032097
7893,FIFLLFLTLTSGSDL,0,0.538507,0.9257945458106552
7894,FIMAYVNQAHHIDLM,0,0.9438719999999999,0.9514557984138287
7895,FIRRQVPDIPELSYQ,0,0.483649,0.6835540605814855
7896,FIVFLLLAGRSCSYK,0,0.9816950000000001,0.9847696976285321
7897,FKCLSHISLSLVNSM,0,0.856526,0.9538647425914046
7898,FKKLKNHVLFLQMMN,0,0.9230200000000001,0.8671719900146903
7899,FKLTGKTLILLETFV,0,0.765184,0.9203334096229219
7900,FKSRFFVMGEETPLL,0,0.780354,0.8789350352086026
7901,FKTKGRYNLDPDSMD,0,0.399565,0.5919110473364738
7902,FKTKGRYNLDPDTID,0,0.515456,0.5710994155907044
7903,FLADWVVERVRWLLI,0,0.748142,0.9052326861711145
7904,FLAVAVVLGLATSPT,0,0.687312,0.9457559027912646
7905,FLDLCVALDVNCEAL,0,0.6910109999999999,0.8139429585595925
7906,FLDLIILNFVAHVYK,0,0.608527,0.9666464242414102
7907,FLFLAWIMLLQFAYS,0,0.39363200000000004,0.8295152471630006
7908,FLFQRAVAREAIIAL,0,1.0,0.931555262564155
7909,FLISEMLSKEYSDRQ,0,0.365294,0.8726796191437632
7910,FLLMYEMHRESLLKS,0,0.9632700000000001,0.9517847225934886
7911,FLTRGKNIQLPRRSL,0,0.55223,0.8724277255145283
7912,FLYANVGEEAEKGED,0,0.6584439999999999,0.5931293210031516
7913,FLYIKDIFTRIMPCL,0,0.793702,0.8795528437568448
7914,FNGLTGTGVLTPSSK,0,0.6040989999999999,0.8729170458491133
7915,FNKGRLRVNGTLGTD,0,0.8005359999999999,0.8898850154296271
7916,FNKLVKDPPNVQIHT,0,0.784988,0.6369172866938456
7917,FNMVYMPASWVMRIM,0,0.8332959999999999,0.9338652730954794
7918,FNSLISIAQHLVSDR,0,1.0,0.9677861332691625
7919,FPERQELAYQRDIFL,0,0.8313870000000001,0.6405458779295865
7920,FPPNGTHSWEYWGAQ,0,0.081466,0.46434261797866966
7921,FQFICNLLLLFVTIY,0,0.541447,0.7196360348268418
7922,FQQQQVRSPGVVRIW,0,0.44480299999999995,0.606416014876512
7923,FQTMPGTFQTTTGEI,0,0.538024,0.805555124727007
7924,FQTVGSGLDHILSLA,0,0.333106,0.876788692073717
7925,FRKYTAFTIPSINNE,0,0.517517,0.9376109806595766
7926,FRPTFTSTALDISSN,0,0.6838029999999999,0.7926758734806981
7927,FSTVFPPTSFGPLVR,0,0.581879,0.8230371816940638
7928,FTAGLTYSQLMTLKD,0,0.622197,0.9624570690333398
7929,FTSLEYIEAAKWLLP,0,0.570076,0.9523934724111214
7930,FTSVIKDQCGLDEMA,0,0.0,0.7338105936495656
7931,FTWFPHKTSIPEGEG,0,0.367746,0.6926817712737922
7932,FVAAALHNVKCKTPT,0,0.532699,0.8238830586058045
7933,FVLKDFIRRQVPDIP,0,0.267138,0.9003363758232543
7934,FVMGEETPLLTKFVS,0,0.614567,0.8530152536237707
7935,FVMMSAPPAEYKLQQ,0,1.0,0.9003946032848936
7936,FVNQHLCGSHLVEAL,0,0.664596,0.8989306863168081
7937,FVQNIIVKLETKDMK,0,0.900258,0.7699751431054473
7938,FVRIQPGQTFSVLAC,0,0.9708049999999999,0.9243886917762377
7939,FVVTGRVYCDPCRAG,0,0.22516599999999998,0.27624127575694846
7940,FWYVNHTGFNVHSLP,0,0.9821469999999999,0.8869720826077023
7941,FYCDPKRFFLPVFSD,0,0.438301,0.7961539970060426
7942,FYHKDLIDKIREELI,0,0.349663,0.6907131516687223
7943,FYLLGLSAIMQVFFG,0,0.335318,0.9705617580269044
7944,FYYIWKSYVHIMDGC,0,0.648937,0.9592180202891023
7945,GAFKVPGVKTVWKRR,0,0.641935,0.7423592720612947
7946,GARYLEFEALGFLNE,0,0.685131,0.8249211276330402
7947,GAVDIINKWQVVAPQ,0,0.21652600000000002,0.8404891809002891
7948,GAVIIRGHLRMAGHP,0,0.757366,0.8733879039599054
7949,GAYFVSSGKYEGGNI,0,0.391958,0.8697621494066307
7950,GDEVPLLTKFVAAAL,0,0.75278,0.9455600620561807
7951,GDLRLVLRTKLMTSR,0,0.869166,0.9543331530717255
7952,GDLRTKMFTRLIEDY,0,0.793335,0.8154496077218255
7953,GDLSCSYDHSKWGPT,0,0.31809299999999996,0.5705853923578196
7954,GDWFSCMKMILLQMN,0,0.681814,0.9084991145246544
7955,GEGIPLYDAIKCMRT,0,0.376404,0.7461527179127238
7956,GEIYKRWIILGLNKI,0,0.592716,0.9194049189221081
7957,GELEFEEFVSLASRF,0,0.565521,0.8522796200683292
7958,GELQIVDDIDAAFKI,0,0.463063,0.753142615302667
7959,GELQIVDIIDAAFKI,0,0.58363,0.960766772109658
7960,GELQIVDKFDAAFKI,0,0.362628,0.8386224519286927
7961,GELQIVDKLDAAFKI,0,0.5900569999999999,0.9473895474076425
7962,GELQIVDKRDAAFKI,0,0.299039,0.7622116035708326
7963,GELQIVDKYDAAFKI,0,0.232246,0.8622934494010496
7964,GELQIVDQIDAAFKI,0,0.6096,0.9491096571765564
7965,GELQIVDWIDAAFKI,0,0.564926,0.9534294907393667
7966,GELQIVHKIDAAFKI,0,0.581638,0.968680593547145
7967,GELQIVNKIDAAFKI,0,0.6698270000000001,0.9802345356871177
7968,GELQIVTKIDAAFKI,0,0.512616,0.959994923414098
7969,GENGRKTRSAYERMC,0,0.251023,0.6743417590045284
7970,GEQNSEMLHGEQVED,0,0.466422,0.4761035371727286
7971,GEVEIQFRRVKCKYP,0,0.230395,0.5712902239317047
7972,GEVLNALAYDVPIPG,0,0.57287,0.9175024842541405
7973,GEWIEFTNFKVAYSK,0,0.819565,0.9195283457317676
7974,GFLFLAWIMLLQFAY,0,0.263418,0.8355814911562015
7975,GFLYIKEVYSGVSAC,0,0.824536,0.9338503142354425
7976,GFMYIREVLNKQRVC,0,0.7665529999999999,0.8709078015091645
7977,GFPTHRHIRGEPCPL,0,0.406582,0.46561593140971375
7978,GFQFICNLLLLFVTI,0,0.7519060000000001,0.7857700955445469
7979,GFTRRFKFLLNISYL,0,1.0,0.9257094199376432
7980,GGACGYKDVDKPPFS,0,0.09712,0.27134785581775084
7981,GGDEALSGFLQYAGC,0,0.43031,0.8686648250959892
7982,GGETMNSVIQALTSL,0,0.6255229999999999,0.9153911770333832
7983,GGGFGMLLRKYGIAA,0,0.42661800000000005,0.9468496200226945
7984,GGKEEITPHCALMDC,0,0.144009,0.6203445357055739
7985,GGNMLETIKVSPQTM,0,0.774876,0.910614870480633
7986,GGNMLETIKVTPNNF,0,0.625323,0.8895365481780855
7987,GGSCPKPHRLTSKGI,0,0.33731,0.46608395777560424
7988,GGSILKISNKFHTKG,0,0.728263,0.8808500101857516
7989,GGSILKISNKYHTKG,0,0.6906399999999999,0.8988135712985037
7990,GGTIDAYTSSDDQIS,0,0.40729499999999996,0.34892828784149693
7991,GGYCLTRWMLIEAEL,0,0.6929890000000001,0.926238479788913
7992,GHMLDMYSVMLTNDN,0,0.951274,0.8893674374774128
7993,GHSMQNCLLRLKVDT,0,0.594256,0.8718760031084594
7994,GIHTVFGSAFQGLFG,0,0.224516,0.8450938967365352
7995,GIKVGYTAHIRKATE,0,0.483509,0.8770969531212714
7996,GIRHLFGNYITNDSY,0,1.0,0.8908085856239975
7997,GIVEQCCTSICSLYQ,0,0.138913,0.48517412801159093
7998,GKGTLDGQGKAVWGK,0,0.477088,0.5634551037055475
7999,GKIDFLNNYALFLSP,0,1.0,0.9342790885244456
8000,GKIVHISPLSGSAQH,0,0.7256600000000001,0.9137742764767598
8001,GKLFTQTMKGVERLA,0,0.46811800000000003,0.9101902544323169
8002,GKLIHEWCCRSCTLP,0,0.27324699999999996,0.5671328064492472
8003,GKNNSENLTLKHLNP,0,0.135239,0.5312019904784082
8004,GKQAANVEATSYALL,0,0.41158999999999996,0.8950904572507639
8005,GKQLYNVEATSYALL,0,0.454712,0.9601065869046816
8006,GKSSFCDICGEELPT,0,0.642853,0.28789785721129124
8007,GKTPLTLVDICFWST,0,0.442845,0.8021231365112326
8008,GKTVWFVPSIKAGND,0,0.7443609999999999,0.9027004309399875
8009,GLAYKFVVPGAATPY,0,0.895432,0.9164207467078739
8010,GLEWNDNTVRVSETL,0,0.23923899999999998,0.652013652786975
8011,GLGHDFLRDPRICCE,0,0.24358000000000002,0.6365290601061424
8012,GLISSIIRSLPKSMV,0,0.6886939999999999,0.9443940287554703
8013,GLLYTVKYPNLDDLE,0,0.377422,0.7225827610219673
8014,GLSGEPKGGAESSSK,0,0.417304,0.6160667505921756
8015,GLTHMMIWHSNLNDT,0,0.233952,0.9316165074884807
8016,GLVDVCFWSTLFYVS,0,0.360184,0.675923924779195
8017,GLVPKLDAAYSVAYK,0,0.737736,0.864954775004935
8018,GLWPYLKATKQIINF,0,0.622008,0.9517882867116775
8019,GMSRILFAQEKTKFL,0,0.595226,0.8998026282784909
8020,GMSRILLSQEKTKFF,0,0.369798,0.8888348256933912
8021,GMTGMLWETSLLDPE,0,0.14583800000000002,0.8634006818521952
8022,GNDMPGGYCLERWML,0,0.399061,0.8644585419346973
8023,GNIVAVDIKPKDSDE,0,0.18647,0.7070508380340786
8024,GNLTQSQLEKRAGIL,0,0.33300599999999997,0.7823151084788111
8025,GNQAANVEATSYALL,0,0.36230500000000004,0.9003701938623291
8026,GNRELYIGDLRTKMF,0,0.443205,0.7615836180036659
8027,GPDTGRLKFSLSYKE,0,0.40213899999999997,0.7523203776119606
8028,GPDYKRPGVSKKFLS,0,0.482548,0.8691752011766204
8029,GPNKENLYIKSIQSL,0,0.52993,0.894467458261937
8030,GPPVEASAAALAGDA,0,0.6567,0.7679967510479865
8031,GQREPRMVLIEGLKL,0,0.360987,0.8333143001259106
8032,GQTVTKKSAAEASKK,0,0.38949,0.7630416601334652
8033,GRKDIKLIDIALSKT,0,0.518219,0.9069964385177143
8034,GRKPLAFFSWSLSDP,0,0.6350720000000001,0.9183557148222015
8035,GRKRPIVRILRRVHH,0,0.599016,0.8009292161588163
8036,GRKTRSAYERMCNIL,0,0.472972,0.6994869581649852
8037,GSHLVEALYLVCGER,0,0.421116,0.8844737170564559
8038,GSILKISNKYHTKGD,0,0.540034,0.9016323034233721
8039,GSLRLKGITCKPINL,0,0.395007,0.8339657571791395
8040,GSLSKDELMELSSDL,0,0.16278499999999999,0.7658333381080065
8041,GSLTLEQEDIMIRGL,0,0.323801,0.3758736224076489
8042,GSNRELYVGDLNTKL,0,0.283731,0.7849848024981889
8043,GSRSQIIGRSWDNTS,0,0.172713,0.3391758762911729
8044,GSWKLEKASLIEVKT,0,0.632033,0.8915416360490022
8045,GTGVLTPSSKRFQPF,0,0.966245,0.8538814417239203
8046,GTKGEAKDVIPEGWK,0,0.082062,0.15613972561134185
8047,GTWLTYHGAIKLDDK,0,0.623247,0.8874968443589112
8048,GVLKNEFMSLAFDYW,0,0.44401499999999994,0.8983637866505082
8049,GVSWMIRILIGFLVL,0,0.12276400000000001,0.8042935040298007
8050,GVTLIGESVKTQFNY,0,0.850197,0.8577851774083866
8051,GVVKIWDIKDPSLLV,0,0.7918069999999999,0.8505578592674891
8052,GWIISNIFGAIPVLA,0,0.698889,0.9578095523558376
8053,GWIISNIFGAIPVLG,0,0.624424,0.9580532062016015
8054,GWLCKMHTGIVRDKK,0,0.5563279999999999,0.8494561800411922
8055,GWTIKGLGHDFLRDP,0,0.661879,0.6609649156113766
8056,GYGETPFGAIEDQDV,0,0.284501,0.5641631342164639
8057,GYKDWILWISFAISC,0,0.186101,0.8729314355520025
8058,HALMSIISTFHLSIP,0,0.84588,0.8799015828328851
8059,HAYYLQYKNVRPDYL,0,0.35731799999999997,0.9261086242113639
8060,HDLYKKQLTKSIESF,0,0.634053,0.861619536834205
8061,HDYEGLSYRSLQPET,0,0.471538,0.8710755872763478
8062,HEDLMAAYVENTSIT,0,0.585965,0.8432789325704187
8063,HEWCCRSCTLPPLRY,0,0.429259,0.6451090642134606
8064,HFSNVFRSVMAPFTM,0,1.0,0.9103116660765525
8065,HFSWWTAFVTNVNAS,0,0.7481300000000001,0.8585038351833758
8066,HGILTPSLCFVVPDG,0,0.669669,0.8740060540528927
8067,HGRQIRMAKLLGRDP,0,0.352479,0.9394385062097533
8068,HIDLMSKLAVECKSS,0,0.588471,0.8815478253532211
8069,HISLSLVNSMKTSFS,0,0.736553,0.9514117059287641
8070,HLDSDVSSCPFCNNK,0,0.336125,0.2649291851927458
8071,HLDYTGSMNQQAKYL,0,0.808708,0.8914255188731143
8072,HLISFYADPKRFFLP,0,0.43942200000000003,0.7428729959435697
8073,HLLKAKDNSIYIVKQ,0,0.786774,0.9029047052115357
8074,HLVGIPTHRHLKGEA,0,0.8383360000000001,0.7691855165056258
8075,HMAKEDLVANQPNLK,0,0.20878200000000002,0.7059335041020225
8076,HNCRCCWFANTNLIK,0,0.614823,0.7015229394761324
8077,HNGVIVPKKKKDKDI,0,0.908108,0.20966360847955437
8078,HNILPHDLIFRGPNV,0,0.034976,0.7611504609987205
8079,HNTSDLYGLITEQFL,0,0.310094,0.8094850558181236
8080,HNVKCKEPHQLCETI,0,0.17171,0.34591841266917694
8081,HNYEQKFIDVILSDG,0,0.46363999999999994,0.7129204450831135
8082,HPIMHYTKFEDYNFQ,0,0.144784,0.7463695722972162
8083,HPIMYYTKFEDYNFQ,0,0.14263699999999999,0.5704455468898771
8084,HPTSCMVNHSTYYVH,0,0.576835,0.6723415226632905
8085,HRTGITLVPVVDGRG,0,0.49283599999999994,0.7797955817046627
8086,HSDSLAPECPMCCSK,0,0.217761,0.4898641016855966
8087,HSLLRTQRLHKFLVC,0,0.452858,0.876966991332266
8088,HSRNLINELSERMAG,0,0.5703050000000001,0.730356548676419
8089,HTLWSNGVLESDMII,0,0.142241,0.8123644301684947
8090,HTQTAGPWHLGKLEL,0,0.23328800000000002,0.7221154923569421
8091,HVRQSEYTNWEVGIS,0,0.336198,0.3533809843585299
8092,HWMLLTFLTSLLILV,0,0.574271,0.9405983268482611
8093,HYLSVLSLCNKIKGL,0,0.562103,0.9184513659511767
8094,IAAMMTSPLSVASMT,0,0.8561989999999999,0.9424543683934297
8095,IACRTSIVGRAWENT,0,0.24013800000000002,0.7905977785468294
8096,IAGLIAIVMVTILLC,0,0.17566099999999998,0.8494669518225968
8097,IAIAFLSVSNNYEYI,0,0.532162,0.8953165514150047
8098,IALIAVSIISILKGV,0,0.703621,0.7574159647814568
8099,IANGVSTHIVSKISI,0,0.44062399999999996,0.7895452900892647
8100,IAPIMFSNKMARLGK,0,0.6247199999999999,0.9494091646752051
8101,IASLFAAAGLAAAAP,0,0.935824,0.9849059064749464
8102,IAVLDMCAALKELLQ,0,0.697995,0.831912510433787
8103,ICLKCLNIMLGKSSF,0,0.852542,0.9338210091846855
8104,ICLSGEGWPYIGSRS,0,0.30444099999999996,0.5276997570785742
8105,IDAYKTFPPTEPKKD,0,0.92791,0.7837462813197744
8106,IDIMISWIRSCPDLK,0,0.127197,0.7117759779697332
8107,IDQVTIAGAKLRSLN,0,1.0,0.9068769797977754
8108,IEAELKCFGNTAVAK,0,0.854276,0.9099443394250544
8109,IEAIFHDDKETSFIR,0,0.21915199999999999,0.36056319048729596
8110,IEFRFYKEITNVFRG,0,0.812891,0.8751411158871518
8111,IFSDAALHNMIDIMI,0,0.0,0.8796613095010444
8112,IFSDEVLYNMIDIMI,0,0.354954,0.9020158949006089
8113,IGDCAHKDLMSMSDG,0,0.0,0.6210851538820918
8114,IGFLFLAWIMLLQFA,0,0.6367510000000001,0.862284588163049
8115,IGGWLLLEPWISPSV,0,1.0,0.9150828216201078
8116,IGPEAAEAAAAAPAA,0,0.575383,0.8784762575246063
8117,IGRIAETILGYNPSA,0,0.670231,0.8944155029075883
8118,IGSFYCDPKRYFVPI,0,0.42904499999999995,0.6522693604000668
8119,IGSYVAFLSQTFAFI,0,0.15854400000000002,0.9417965692306947
8120,IHKASTVLAFPAGVC,0,0.485983,0.940542303129074
8121,IIELFTAKGFTVQEM,0,0.793275,0.84338349565515
8122,IIFCSDALTLIPEFS,0,0.833548,0.8272045975720226
8123,IILFLTLIVFTSCEL,0,0.18473299999999998,0.7836967665112557
8124,IISIVQMAPVSAMVR,0,1.0,0.9125830933472971
8125,IISTFHLSIPNFNQY,0,0.9350350000000001,0.8569648831868937
8126,IITPTNVSHIQSAVV,0,0.815658,0.7302806605765423
8127,IKDVLKYRWLNLSAN,0,1.0,0.9385984701012058
8128,IKEDLAVAGITLVPI,0,0.9006139999999999,0.9401041201277144
8129,IKQPDFNSLISIAQH,0,0.694793,0.8892197864247746
8130,ILAAELKCFGNTAVA,0,0.421833,0.8873563243174093
8131,ILDLCYQLSMRIANQ,0,1.0,0.9118016991499459
8132,ILESDFLISEMLSKE,0,0.8362879999999999,0.8674738631909266
8133,ILFLVKMNALRRLPV,0,1.0,0.9626680751782873
8134,ILGAVLEAVDNWVEF,0,0.580839,0.8874725859309959
8135,ILKGLYNFATCGLIG,0,0.9958110000000001,0.9344965379463802
8136,ILKGVINIWGSGLLQ,0,1.0,0.8449594555072808
8137,ILNASYITPYVPMPC,0,0.797515,0.9446497479572623
8138,ILNFVAHVYKTQPSE,0,0.6373770000000001,0.7946177447596546
8139,IMLLQFAYSNRNRFL,0,0.898201,0.9275636982720403
8140,IMRIKKLTITGKGTL,0,0.46208999999999995,0.8841147811976762
8141,IMVNLMVDISDSCQD,0,0.23096399999999997,0.6396446181042109
8142,IMYQSVMDGKMVDEE,0,0.737434,0.8414104952720688
8143,INIWGSGLLQFIVFL,0,0.18720499999999998,0.9204021254658238
8144,INLIIHYVDRPGALG,0,0.517331,0.8086196250834172
8145,IPKEQKYSFLQNPQT,0,0.551559,0.8658781554929834
8146,IPKGDFLTGPLNFTG,0,0.724396,0.7789038240517986
8147,IPSIIHEALNIALIA,0,0.944694,0.9433105720545051
8148,IPVGEIYKRWIILGL,0,0.111275,0.7640556175287444
8149,IPVMAYLVGLFAWVL,0,0.379803,0.9571161333937914
8150,IPVSYTSSDDQITLI,0,0.42363500000000004,0.3916531219153347
8151,IQKCLLAVGLSFEHY,0,0.825293,0.8748882121403135
8152,IQRAGLAPTGGVVKI,0,0.36623,0.865660351622195
8153,IQRLSVKIVDMVLSD,0,0.441594,0.8994176021903006
8154,IQSSGGKLRLKGRTC,0,0.36415,0.8015623897024285
8155,IRSIFARTLDAANHS,0,0.7848729999999999,0.9114642034907458
8156,ISATPEWATPFPHRK,0,0.044015,0.4568116077968199
8157,ISDFRAAIANYHYDA,0,0.8018310000000001,0.8769160542308889
8158,ISGLKPGVDYTITVY,0,0.532724,0.5663164779094468
8159,ISIVQMAPVSAMVRM,0,0.9337219999999999,0.9180528739581304
8160,ISMGKSGLELTFTND,0,0.498899,0.685209053443363
8161,ISSYKLDLTILGLAA,0,0.9964379999999999,0.9193593762269658
8162,ITAMSEVQKVSQPAT,0,0.5818840000000001,0.7205624602212154
8163,ITDAVGNDMPGGYCL,0,0.360987,0.37834607825536676
8164,ITFMQALQLLLEVEQ,0,0.762939,0.873149576023169
8165,ITLVDICFWSTIFFT,0,0.039305,0.6403672129061889
8166,ITLYICDKQSHPEAH,0,0.046283,0.5563301810586584
8167,ITPEEECVFYEQMKK,0,0.161022,0.36187800867255904
8168,ITPEEECVFYEQMKR,0,0.0,0.32173245783370163
8169,ITPHCALMDCIMFDA,0,0.485336,0.4954685027342305
8170,ITTYPGQGCAGYTLE,0,0.8054399999999999,0.592818612318597
8171,IVKLETKDMKVFLAG,0,0.35937399999999997,0.7382594713659569
8172,IVLNHMTGAQSGKGT,0,0.9863299999999999,0.8839862250963876
8173,IVQMAPVSAMVRMYI,0,0.957219,0.8890235384643842
8174,IVQNAYKQMIKSRTL,0,0.9704209999999999,0.8984533447362277
8175,IVSTQLKTLMLLLLC,0,0.296159,0.9301552026966161
8176,IYCQKSLKEVNQFSK,0,0.61769,0.757913028092086
8177,IYEPEDLGNCLNKSD,0,0.239447,0.5141896419216371
8178,IYLSINGVLEEQGSF,0,0.6395689999999999,0.8838096211903365
8179,IYWTIVKPGDILLIN,0,0.5396770000000001,0.8701730681519193
8180,KAIKESTGGAYDTYK,0,0.567546,0.40929717790866615
8181,KALGALEDDEGVVSM,0,0.689964,0.2742747309028323
8182,KALSLTNCTTAMLKN,0,0.684978,0.9054960216335833
8183,KARLPDLKTVHNILP,0,0.0,0.8065232184265152
8184,KASNPNYLAILVKYV,0,0.899393,0.8843786791827994
8185,KAVRQIEDQLGMNHV,0,0.5513,0.8048797194027832
8186,KCCWFADKNLIKCSD,0,0.19983499999999998,0.7345984233732007
8187,KCGCCICLEWPGVVY,0,0.575907,0.5505300842065859
8188,KCKYPEGTKVTFHVE,0,0.144977,0.7110274339350743
8189,KDAMGKPVPYCYDTN,0,0.6642520000000001,0.5167429737689018
8190,KDKDIPQSSEPHCAL,0,0.055346000000000006,0.5097078895102429
8191,KDKWIELKESWGAIW,0,0.355252,0.6552126922178343
8192,KDQSKYCHGILLKDV,0,0.832614,0.858754937050983
8193,KEELSLLYEHLSEDV,0,0.640134,0.769265520283533
8194,KEKRDDKDLQRLRSL,0,0.16652,0.3994436994803442
8195,KELLTVEDLKRPGVS,0,0.343356,0.6145770867415689
8196,KEPHQLCETIDTIAD,0,0.0,0.3898263728898482
8197,KEPVASIITKLNSLN,0,0.8690049999999999,0.8716358642781227
8198,KEVEEAWASACGGTG,0,0.215275,0.6142376180767455
8199,KEYTFPITLSSTSNP,0,0.254855,0.9145336817678881
8200,KFFSEGDWFSCMKMI,0,0.433395,0.46954881625897316
8201,KFFSENDWFSCMKMI,0,0.023535,0.5084971673014157
8202,KFFYLLGLSAIMQVF,0,1.0,0.9788776126126973
8203,KFLDVCIALDMMNEN,0,0.5368189999999999,0.8687766071471617
8204,KFTQFAGKDLESIKG,0,0.43613199999999996,0.7229013138276497
8205,KFTRGAQKLLSEAIN,0,0.406366,0.9195147315331554
8206,KFVDSTVVASVTIID,0,0.23111500000000001,0.870287245373302
8207,KGDGEEFKNTKGLHH,0,0.23562800000000003,0.3527578122237795
8208,KGITCKPINLSNSVT,0,0.44216000000000005,0.84361951167026
8209,KGKDKWIELKESWGA,0,0.222375,0.5429378056351186
8210,KGLHHLQIILSGKMA,0,0.941242,0.9379861810793052
8211,KGNDMPGGYCLERWM,0,0.380062,0.6689953390029179
8212,KGSNDHYLALLVKYA,0,0.595485,0.8639069732992318
8213,KGVERLAVMGDVAWD,0,0.286853,0.8347987456309042
8214,KHLAVLVKYEGDTMA,0,0.24528699999999998,0.8942606955778369
8215,KIDPTLTTWIDIEGT,0,0.258421,0.3229743235243376
8216,KIEIDQDHQEEICEV,0,0.355252,0.1739571814791178
8217,KIGIGVLLTWIGLNS,0,0.265218,0.8910662173103849
8218,KIILFLTLIVFTSCE,0,0.35848,0.8272434888829875
8219,KILEPFRKYTAFTIP,0,0.330069,0.9514546757209241
8220,KILESLWSPHQVNRA,0,0.818066,0.9055050671810467
8221,KIRELMSVPYCNYTK,0,0.837047,0.8483414452624746
8222,KKAVNLAQILMDNDL,0,0.568605,0.8808297984840712
8223,KKEITPHCALMDCII,0,0.129502,0.6238148562644844
8224,KKFLSLLTSSFNNGS,0,0.8297059999999999,0.9487065091606287
8225,KKGAGGITIKKTGQA,0,0.202454,0.6691326669333906
8226,KKPKVIYCQKSLKEV,0,0.45638599999999996,0.8120242879402751
8227,KLCLMKAQPTSWPLQ,0,1.0,0.9006379800548224
8228,KLCPNNLCCSQWGWC,0,0.11256,0.4287168837620068
8229,KLCVAVYDSPLRPTF,0,0.618383,0.866446528777468
8230,KLDLTILGLAAEWVL,0,0.938765,0.9671752946652379
8231,KLIADSLDFTQVSQV,0,0.392396,0.8425659103251598
8232,KLKIQNVIIDECYGA,0,0.08014,0.7018057800835595
8233,KLLEYSKQEEKVFEE,0,0.590306,0.5548131796781646
8234,KLLEYSNQNEKVFEE,0,0.325945,0.4899699427470273
8235,KLPWKNESSIKVIKQ,0,0.49765699999999996,0.7043539401675262
8236,KLRFWFKKEIFDKQL,0,0.6459600000000001,0.6288414039412035
8237,KLSQELHKLQTYPRT,0,0.727865,0.7918882638632477
8238,KLTITGKGTLDGQGK,0,0.409103,0.5451667829539885
8239,KLVDVRLTSEQARQF,0,0.721692,0.8394902833085439
8240,KMDKLELKGMSYAMC,0,0.489896,0.8859010614506762
8241,KMGALFEGRNFVQNI,0,0.599504,0.8219647340058764
8242,KMGALFEGRNLVQNI,0,0.169816,0.8650462580516667
8243,KMPMYIAGYKTFDGR,0,0.409775,0.8898997598734699
8244,KNKRGEEDLNKLRDL,0,0.098085,0.09517165918117461
8245,KNLTTKSYEDDEFFD,0,0.27463000000000004,0.14804157173831725
8246,KNTIVIPKGDFLTGP,0,0.42342700000000005,0.665714260929105
8247,KPHYYTWGKADIAAN,0,0.45098999999999995,0.7238558857831481
8248,KPILWDYFSLVLTNA,0,0.731078,0.8798037850497554
8249,KPPFSGMTGCGNTPI,0,0.549791,0.36923663052344124
8250,KQCFRKLPVNRPIDW,0,0.8984629999999999,0.8190429596238128
8251,KQIANELNYILWENN,0,0.632166,0.7368811646727934
8252,KQLTKSIESFGEWIE,0,0.414397,0.5603022678069306
8253,KQRVCPCEICAQNPG,0,0.161827,0.44471203867582004
8254,KQSECASAHIRQSDY,0,0.38083,0.760721633793245
8255,KRFFLPVFSDEVLAG,0,0.985191,0.9254465306628119
8256,KRGRIFEENLINLIG,0,0.695184,0.8286824365599599
8257,KRHRKVLRDNIQGIT,0,0.0,0.7110586473431916
8258,KRRLGLMSLSCQSVC,0,0.698334,0.9756019540913569
8259,KRSQKLLQNLRYFIM,0,0.673949,0.8554162905116928
8260,KRWIILGLNKIVRMY,0,0.8673649999999999,0.9406341647454041
8261,KRWIIVGLNKIVRMY,0,0.574375,0.9271560949501585
8262,KSIIKARVVWKAIIE,0,0.648891,0.9378257254607246
8263,KSIVAYTMSLGADSS,0,0.795201,0.9584194467945982
8264,KSMKVTVAFNQFGPN,0,0.23734499999999997,0.8906787354547272
8265,KSRTLKSFFAWSLSD,0,1.0,0.9388366915678202
8266,KSTNGLRIKSYEDAK,0,0.306442,0.6898984685320677
8267,KSVQNNTVLKVGDLG,0,0.377577,0.7894164542622538
8268,KSYVKSKLKLLRGSE,0,0.561856,0.8783042501490047
8269,KTDCTKEVEEAWASA,0,0.39028,0.3773045151827562
8270,KTGEKSRCYSIYLSI,0,0.738404,0.8407407979917446
8271,KTKGRYNLDPDSIDF,0,0.40425900000000003,0.521222026964599
8272,KTLILLETFVRVNPD,0,0.9919389999999999,0.8921786276368215
8273,KTLILLETFVRVNPE,0,1.0,0.8686476856865325
8274,KTRRFLPQILAECAR,0,0.621182,0.9282348888080907
8275,KTSLCLVMILPAALA,0,0.796638,0.8906422080797033
8276,KTVSEGAVDIINKWQ,0,0.242312,0.6737619534576126
8277,KTVTAMDVVYALKRQ,0,0.702501,0.8673693497709501
8278,KTWMDIEGRPEDPVE,0,0.233658,0.19899326600144587
8279,KVAFSRSLNDLLISD,0,0.934097,0.8827796500253496
8280,KVFEESEYFRLCESL,0,0.127197,0.5525570047010966
8281,KVGEVCSFYADPKRY,0,0.741397,0.6206144633331035
8282,KVQRTERVGNGTGQY,0,0.157726,0.4681321966661481
8283,KVTFLSQVHPSPLLT,0,1.0,0.8954620899027074
8284,KVVNKNVERPMFRND,0,0.114186,0.5507912235316839
8285,KWGPTMSPALFLALL,0,0.917214,0.9457267062142947
8286,KWVERRQQAEMSKIT,0,0.675221,0.7377412742559204
8287,KYDAYVATLSEALRI,0,0.787008,0.9474009775521629
8288,KYKFVRIQPGQTFSV,0,1.0,0.9364042944495473
8289,KYKTFEAAFTVSSKR,0,0.6930029999999999,0.9762967450897886
8290,KYTVIITVHTGDQHQ,0,0.8886780000000001,0.6590904562477321
8291,LAETIDTIIDQSVAN,0,0.670836,0.5522218593706829
8292,LAHPSKRSQKLLQNL,0,0.461884,0.8050935265159161
8293,LALYQPANKHYIHCF,0,0.490443,0.944138175164542
8294,LAPLLSAGIFGAKPL,0,0.49187600000000004,0.9667659322145168
8295,LAPTGGVVKIWDIKD,0,0.31264000000000003,0.7064773631206765
8296,LAQILMDNDLAATND,0,0.661165,0.821525818851098
8297,LASFGDLRLVLRTKL,0,0.619617,0.957213744442765
8298,LATVAYFNMVYMPAS,0,0.642464,0.9443924828333568
8299,LATVKNVVLRASGSI,0,0.507706,0.9353894815269042
8300,LCETIDTIADQAIAN,0,0.0,0.6467109055999593
8301,LCKHHNGVVVNKKKR,0,0.316902,0.6901017685506204
8302,LCKHHNGVVVSKKKR,0,0.45152299999999995,0.7318975237998684
8303,LCLMMIMPAALAFHL,0,0.6465930000000001,0.9720197917105697
8304,LCMLNNSFYYMKGGV,0,0.928119,0.9318789815659756
8305,LCRAHNGVIVPKKKN,0,0.232694,0.8171315318613629
8306,LDDLEKLTLEHDCLQ,0,0.198766,0.2563491749111376
8307,LDGISEQSLRLVDAM,0,0.821018,0.8229703302755462
8308,LDGNLLSSNDLAKYK,0,0.551763,0.8827131788687469
8309,LDHSKWGPFMSPALF,0,0.627537,0.7889344738116284
8310,LDICPLELLLKNLTT,0,0.58629,0.8714937854365016
8311,LDLGGFSPELSDKYS,0,0.191609,0.6281263726022628
8312,LDMIITAVNSLISDN,0,0.966462,0.9060262760392866
8313,LDMYSVMLTNDNTSR,0,0.642729,0.8543176543712905
8314,LDPNAKTWMDIEGRP,0,0.050658999999999996,0.34804199081518766
8315,LEAKATFYGSNPRGA,0,0.16877999999999999,0.8053051681579542
8316,LECFVRSSPANFEQK,0,0.7187859999999999,0.7736136616582611
8317,LEDDEGVVSMLHQLW,0,0.28581,0.8733386017132172
8318,LEGYEKISDVLGNLF,0,0.400382,0.8725849587171854
8319,LEKISNEIKIVATPD,0,0.42708599999999997,0.7963121094340435
8320,LEKLKKKIGDRESNS,0,0.0,0.3003109253137527
8321,LELLLKNLTTKSYED,0,0.563384,0.8733807633930101
8322,LESCKVNACHHNYEQ,0,0.330557,0.6102368330019194
8323,LESILIKPSNSEDLL,0,0.205607,0.8865594286886668
8324,LETFVRVNPDEFEKK,0,0.472778,0.7121313160461051
8325,LFAQEKTKFLTRRLA,0,0.629935,0.8269175107733802
8326,LFDMSKFPLKLRGTA,0,0.6898770000000001,0.9158386416792071
8327,LFEEHLAPFMNDLQV,0,0.672411,0.9050589501655393
8328,LFFNHHKVMLLGHDD,0,0.33006399999999997,0.9578063561870371
8329,LFGGLNWITKVIMGA,0,0.127895,0.9060729098073856
8330,LFKQKGRPLRWAGKV,0,0.513338,0.8885776689963618
8331,LFLDLIMVNLMVDIS,0,0.43184399999999995,0.8698267013807462
8332,LFNRGKLKVSGELKN,0,0.501237,0.8017622216751327
8333,LGAVYRYKKLKEMSA,0,0.358504,0.8463944612049107
8334,LGEPKMTKALEFFKH,0,0.46547200000000005,0.7344201614180286
8335,LGEVFIAQSKGLYRQ,0,1.0,0.8765237597171244
8336,LGFIAGLIAIVMVTI,0,0.17084000000000002,0.9322419476340561
8337,LGIVPLLLLDMWEHA,0,0.585389,0.8603259760412596
8338,LGMNHVLQSIRRNYP,0,0.995458,0.8860824383568247
8339,LGNKYAYDLIGPDNP,0,0.205407,0.7097990454091655
8340,LGPQFCKSCWFENKG,0,0.148007,0.4416909206686458
8341,LGSQEGAMHTALTGA,0,0.410713,0.7729389488336632
8342,LHFSEALRIIAGTPE,0,0.599966,0.9668516730010943
8343,LHLYSHPIILGFRKI,0,0.49043100000000006,0.9452982900731677
8344,LHTEFQTVSFSMVGL,0,0.746987,0.8921073939822511
8345,LIDKIREELITDTEF,0,0.15058,0.3137965428834927
8346,LIKEFSELYENLADS,0,0.468891,0.7113317397334243
8347,LIKTLQSKLSKNFTK,0,0.799979,0.8626375401387205
8348,LIKTLQSKLSRNFTK,0,0.901128,0.9144461205847836
8349,LIRKHIPERCEFGHQ,0,0.267343,0.5041146860022508
8350,LIVLKIHLLNSNALL,0,0.608873,0.9474338950084245
8351,LKCRLKMDKLELKGM,0,0.375867,0.8057182899832681
8352,LKEDIHRTGITLVPV,0,0.8276899999999999,0.8767619260972493
8353,LKGEACPLPHKLDSF,0,0.44732200000000005,0.6459319674173164
8354,LKGVMCRPLASTPQV,0,0.8192209999999999,0.9194585458600871
8355,LKISTAPSSPPPYEE,0,0.16389,0.810173388970205
8356,LKIVDVKLSAEESRI,0,0.7531939999999999,0.8046768804907083
8357,LKLATGMRNVPEKQT,0,0.442745,0.9041043791144667
8358,LKNCVDAKMTEEDKE,0,0.0,0.4559820491178094
8359,LKTFFWFNEVLSIEE,0,0.748229,0.7593533335544942
8360,LKTIATHGIAAINSV,0,0.659466,0.9566111274592115
8361,LKTLMLLLLCSPSKR,0,0.887279,0.9030938496727299
8362,LLALQQLEVKFNAPA,0,0.6532319999999999,0.870753005178546
8363,LLCGRSCSTSLYKGV,0,0.739408,0.8511845876258897
8364,LLESQGRKDIKLIDI,0,0.171421,0.45161453177456357
8365,LLGSKRILDGIRSID,0,0.37645100000000004,0.7940744068463034
8366,LLISDPQGQFRLKGV,0,0.753605,0.7193616090931253
8367,LLIVLKIHLLNSNAL,0,0.323745,0.9212935419300201
8368,LLKDVEYARPGLISS,0,0.787593,0.8274315679459725
8369,LLKIWKNYMKIMNHL,0,0.556757,0.9078475688354637
8370,LLMKNKIRELMSVPY,0,0.860265,0.9191109330152017
8371,LLNEFNNLYADKVSV,0,0.965247,0.9059675790595668
8372,LLQTLVLSSAHSDSL,0,0.732627,0.9098508180022025
8373,LLSAKVTDMVMRKRR,0,0.0,0.9136604958659439
8374,LLSLREVKTIKVFTT,0,0.769345,0.8731901763226607
8375,LLTFLTSLLILVQST,0,0.6020220000000001,0.7619573111849066
8376,LLTKFVSAALHNVKC,0,0.609016,0.970101626577189
8377,LLTWIKMLAAKNLPI,0,1.0,0.9450953479457072
8378,LLVTFKNAHAKKPEV,0,0.8438200000000001,0.938229611680845
8379,LLWDYMCISLSTAIE,0,0.947558,0.9421986043590278
8380,LLYEHLSEDVMKAFE,0,0.803689,0.8364246879923554
8381,LLYKLCLSGEGWPYI,0,0.755434,0.9071253631973962
8382,LLYQKTGESSRCYSI,0,0.255614,0.7984695718268431
8383,LLYRLIRALMNLILS,0,0.931206,0.9579841458278686
8384,LMRFITAETHGHERG,0,0.479079,0.9038579003689827
8385,LMSFPQAAPHGVVFL,0,0.631708,0.8346810574360685
8386,LMSLSCQSVCEEFFH,0,0.497122,0.6431037956374119
8387,LMTSRRVLEREEVPT,0,0.590959,0.5490198154775038
8388,LMWFIISIVQMAPVS,0,0.886999,0.9608657250813145
8389,LNCLTLLLSVSNRCP,0,0.399467,0.8527250506409921
8390,LNDVVQALTDLGLLY,0,0.189493,0.8755627236714357
8391,LNIKLNMPLYIAGNK,0,0.537895,0.9284148208587033
8392,LNIMLGKSSFCDICG,0,0.686782,0.8140126850575299
8393,LNKQDYEYKVQQAMS,0,0.767996,0.7614245845995083
8394,LNLTEPKSRTRLNLD,0,0.197247,0.7997106290303461
8395,LNTKLMTRLVEDFSE,0,0.630129,0.847458219352012
8396,LNTLVLRAVLPRDMV,0,0.780058,0.9351008552411948
8397,LNWITKVIMGAVLIW,0,0.520733,0.9424281896318887
8398,LPDTTYLGPLSCKSC,0,0.12507200000000002,0.7292908786146676
8399,LPHDLIFRGPNVVTL,0,0.349978,0.8961890895225525
8400,LPSLCRVNNSYSLIR,0,0.8271790000000001,0.8522827925739812
8401,LPTMSSSEDGLDGFD,0,0.065439,0.42993909583205225
8402,LQFAKLTGFTLMGKG,0,0.821118,0.9253774986067522
8403,LQFNQMMNPSHVKFL,0,1.0,0.8904093249102825
8404,LQIVGMRKPQQGASG,0,0.458028,0.8456369865496036
8405,LQMVGMRRPQQGASG,0,0.605317,0.8008555471516592
8406,LQNSMSGASADSTQA,0,0.796979,0.7715596390652071
8407,LQSLWANFYELLADA,0,0.363138,0.8732138360679843
8408,LRAHRLHQLAFDTYQ,0,0.529787,0.830283595307438
8409,LRAVLPRDMVFRTST,0,0.645193,0.8009968204907119
8410,LRDNIQGITKPAIRR,0,0.749713,0.9187588324023996
8411,LREVKTIKVFTTVDN,0,0.447716,0.6492512666379664
8412,LRIAAKIYSEADEAW,0,0.318683,0.9383798805465164
8413,LRKDYIKRQGSTPLA,0,0.777563,0.893228489305126
8414,LRKLGFQQQQVRSPG,0,0.532257,0.8667913196527368
8415,LRLANLTEIQEAVIR,0,0.507915,0.793599040516318
8416,LRMVLRQKVVYPSVM,0,0.6137130000000001,0.9564914823892737
8417,LRNSDLCNICWKPLP,0,0.053810000000000004,0.3482138089127343
8418,LRPTFFLEKPLDICP,0,0.81433,0.5785671152736096
8419,LRQNEFGPARYQVVR,0,0.629742,0.7934807494586236
8420,LRRELGMFTEPTKSS,0,0.582092,0.7710753634082408
8421,LRRELSGYCSNIKLQ,0,0.426545,0.882724543831829
8422,LRRGLSQFTHTVKTD,0,0.435404,0.9613223587084185
8423,LRTKLMTSRRVLEKE,0,0.990517,0.9524715010229688
8424,LRYRYGLFKQRIAKE,0,0.481022,0.9475100123827782
8425,LSCSHFFKGEIDRRL,0,0.687669,0.5894782018174366
8426,LSFAAALNGLAGPLH,0,0.788816,0.9352807015012131
8427,LSIEEEDQIDLGELT,0,0.12435299999999999,0.17610925734486774
8428,LSKDGCTSAKGPDYK,0,0.21075700000000003,0.2577581515036374
8429,LSKEYQDRQGKTPLT,0,0.301053,0.39215713082982845
8430,LSPLTKGILGFVFTL,0,0.503509,0.9150256517039207
8431,LSPLYFTSVIKDQCG,0,0.17648599999999998,0.7731958199267654
8432,LSREAVESCPLMRFI,0,0.0,0.8373167501146557
8433,LSSDLEKLKQKVQRT,0,0.21169699999999997,0.6145377066414882
8434,LSSDSVCACGLFKQK,0,0.684791,0.46034488751340513
8435,LSSNDLAKYKANWIE,0,0.307543,0.8010132694089199
8436,LSVDERESLESLWAP,0,0.106047,0.473600226221432
8437,LSYRSLQPETFAVVD,0,0.647313,0.8873374940658958
8438,LSYYKLGASQRVGTD,0,1.0,0.9693712184356458
8439,LTEIQEAVIREAVGK,0,0.36183899999999997,0.7371458537936502
8440,LTFLTSLLILVQSTQ,0,0.637211,0.7675988591387928
8441,LTHMMIWHSNLNDAT,0,0.267701,0.9269576302658538
8442,LTKFVAAALHNVKCK,0,0.92019,0.9722692899173911
8443,LTKFVSAALHNVKCK,0,0.8258629999999999,0.9577571724612112
8444,LTKYTMADLVYALRH,0,0.760951,0.9511914349386261
8445,LTNACELGEWVFSAI,0,0.42139899999999997,0.6589239400453919
8446,LTRGLNLDGTKTLHS,0,0.517061,0.7211654013676467
8447,LTRLVKRPMRDIRSP,0,0.465183,0.7518574174627993
8448,LTWHMHKLVEVPFPV,0,0.346846,0.8920248219075461
8449,LVECNNHYLCLNCLT,0,0.379774,0.5752780078280593
8450,LVEMFKTKGRYNLDP,0,0.155348,0.8650039253887439
8451,LVKFVAGDGDVVAVD,0,0.416705,0.7111501521636934
8452,LVKYEGDTMAEVELR,0,0.315422,0.8264492234858972
8453,LVPFVQWFVGLSPTV,0,0.4471,0.8721121945585117
8454,LVQNIIVKLETKDMK,0,0.419818,0.8310384222916899
8455,LVSDRPIMRYSVERG,0,0.309382,0.6148217104498137
8456,LVSKLYEVVPGILTE,0,0.8593790000000001,0.8958932052792238
8457,LWNGPMAVSMTGVMR,0,0.51951,0.9660455059812407
8458,LWSPHQVNRAIKNET,0,0.314565,0.6550577284424212
8459,LWTQSLRRELSGYCS,0,0.447007,0.8452569647250258
8460,LYGLITEQFLCYALD,0,0.57943,0.8889086359663617
8461,LYRIDGAHLTKMSEY,0,0.6751520000000001,0.8287244222042427
8462,LYVGDLNTKLMTRLV,0,0.764079,0.9552404090379605
8463,MAAYVENTSITIKKP,0,0.71345,0.8629432986361854
8464,MAFLRSVSRLAAAVF,0,0.662616,0.9620764327219106
8465,MANLAPHLLLIVIGH,0,0.7402310000000001,0.9018693218549833
8466,MASSSSVLLVVALFA,0,0.09712,0.7634472579938566
8467,MASSSSVLLVVVLFA,0,0.032409,0.6472567223199026
8468,MAVVHSVNSLVSSME,0,0.8748229999999999,0.9169751477510881
8469,MDCIIFESASKARLP,0,0.807689,0.9582936986614098
8470,MDEKVFVLKDFIRRQ,0,0.525066,0.795137938878452
8471,MDEYVQELKGLIRKH,0,0.62031,0.7995892117984431
8472,MDNDLAATNDHNVME,0,0.330892,0.47098072322177
8473,MECQCSSLTEEFYHS,0,0.30687800000000004,0.5537824775659357
8474,MFIFLLFLTLTSGSD,0,0.556479,0.96365323908285
8475,MGAVLIWVGINTRNM,0,0.157053,0.9190839015462627
8476,MGEAVQNTVEDLKLN,0,0.10486600000000001,0.4054118421333294
8477,MGEETPLLTKFVAAA,0,0.844633,0.9444057069430528
8478,MGHFSWWTAFVTNVN,0,0.720959,0.7912616021584422
8479,MGNLSSQQLDQRRAL,0,0.407013,0.6079974951203962
8480,MGNSKSKSNPSSSSE,0,0.070747,0.2624196016382529
8481,MGQLISFFGEIPSII,0,0.937161,0.8513430482522515
8482,MGRDIKVQFQSGGAN,0,0.238163,0.8338192958575749
8483,MHTGIVRDKKKKEIT,0,0.103065,0.5247756795684166
8484,MHWVRQAPGKGLEWV,0,0.8892399999999999,0.7736672026360654
8485,MILVGVIMMFLSLGV,0,0.136514,0.509975095987859
8486,MITEMLRKDYIKRQG,0,0.10516199999999999,0.7968066211931465
8487,MKIILFLTLIVFTSC,0,0.47661000000000003,0.727458932369036
8488,MKYFVKIGPERTCCL,0,0.856785,0.8279231603855686
8489,MKYTCLNSEKEFERA,0,0.7607229999999999,0.6576000450117949
8490,MLISSELKCFGNTAI,0,0.735441,0.6983810064450959
8491,MLLRKYGIAAENVID,0,0.561314,0.940139597349809
8492,MLSKEYSDRQGKTPL,0,0.068131,0.4522906101990253
8493,MMCYKRNRATRVECT,0,0.8369139999999999,0.8898429791908572
8494,MNALRRLPVICSFLV,0,0.931428,0.9413323141320868
8495,MNMSRQGIFQTVGSG,0,0.300159,0.7374607425847479
8496,MPFVTTQPEALAAAA,0,0.6009720000000001,0.9439743487352933
8497,MPGGYCLEKWMLISS,0,0.7411409999999999,0.9391923373004695
8498,MQVFFGYFASHFISN,0,0.8466959999999999,0.9148375333992502
8499,MRNVTLDLGGFSPEL,0,0.5723600000000001,0.7354058879705638
8500,MSFVTTQPEALAAAA,0,0.5994510000000001,0.9371358372643852
8501,MSKITQSSQCLSKNQ,0,0.585045,0.8856043088721853
8502,MSLLTEVETYVLSII,0,0.313141,0.8306807553490247
8503,MSLLTEVETYVLSIV,0,0.258252,0.8306807553490247
8504,MSQIMYNYPAMMAHA,0,0.575128,0.9387846897470864
8505,MSQIMYNYPAMRAHA,0,0.559408,0.9413353690773949
8506,MTKALEFFKHNPCDY,0,0.23179499999999997,0.6671394347753644
8507,MTLKDAKMLQLDPNA,0,0.749988,0.8289457869245052
8508,MTLLCLIPTAMAFHL,0,0.692053,0.9098791573834069
8509,MTSRRVLEKEEMPTL,0,0.198873,0.44790759187533424
8510,MVDEEPVALLPLSLL,0,0.599921,0.8306593210655866
8511,MVDISDSCQDAIESL,0,0.453417,0.3648594767032744
8512,MVLSDGSDPDMHMTR,0,0.372168,0.31935367372688483
8513,MVQSQMLLIVLKIHL,0,0.41822,0.6863469565657946
8514,MVSVLPLLRGKKAVN,0,0.825743,0.9299179415993053
8515,MVVERLGDYLVEQGM,0,0.272867,0.6448888070983005
8516,MVYMPASWVMRIMTW,0,0.882762,0.9296727337324804
8517,MWEHAFYLQYKNVKV,0,0.675718,0.8729005839761015
8518,MYFHRRDLRLASNAI,0,0.657129,0.9695162388123182
8519,NAKKFLSKDGCTSAK,0,0.690766,0.7563622638033635
8520,NASKGKILESLWSPH,0,0.72949,0.8303448948628747
8521,NCARKVFNDIKRGRI,0,0.48862799999999995,0.8356057487343245
8522,NCEALSLVSHIVKWK,0,0.9448979999999999,0.8650242221300185
8523,NCKSCWQKFDSLVRC,0,0.523476,0.5696634022483719
8524,NCVLKKSTNGLRIKS,0,0.553682,0.8962542739410259
8525,NDAIKASTGGAYESY,0,0.515204,0.7366811302829896
8526,NDFLKTGHYTQMVWA,0,0.402163,0.8799650352714717
8527,NDKPFQNVNRITYGA,0,0.198873,0.7080009058457106
8528,NDWFSCMKMILLQMN,0,0.12191400000000001,0.9185984546743768
8529,NEIEYGFTRRFKFLL,0,0.716911,0.8651860694769044
8530,NEKLATNSPRPVPGA,0,0.322794,0.6760723100836868
8531,NEMFPLRMVLRQKVV,0,0.458495,0.9604270199172427
8532,NESDFRNEWILESDH,0,0.417667,0.2651369397576171
8533,NESVVSYFRPLLWDY,0,0.695559,0.8321217052217282
8534,NEVLELEDDSQIELA,0,0.355961,0.29057840446225763
8535,NFGTFYEHIDDRYAY,0,0.51156,0.5810862953916467
8536,NFTVGRIIELFTAKG,0,0.5512239999999999,0.9238628181573401
8537,NGSYLNESDFRNEWI,0,0.322991,0.4928545992705544
8538,NGVLEEQGSFYCDPK,0,0.06313400000000001,0.30353332618498924
8539,NHDPTPLCQKQTSTV,0,0.183852,0.4535112700574421
8540,NHFFNHHKVMLLGHD,0,0.708141,0.914207664475719
8541,NHFFNHHKVMLLGHS,0,0.614348,0.9447904227871928
8542,NHLINTPKIMPHHII,0,0.331928,0.7406792144166997
8543,NHVIQSVRRLYPKIF,0,0.778696,0.9002884237982431
8544,NHYLCLNCLTLLLSV,0,0.720305,0.8199040249183273
8545,NILYKVCLSGEGWPY,0,0.225971,0.802366703513233
8546,NIQGITKPAIRRLAR,0,0.505363,0.9053565741946261
8547,NITDIEKEPSLATVK,0,0.696038,0.8082712194049526
8548,NIWADDLAASLSTLE,0,0.490339,0.8752120669862962
8549,NKEVDRLMSMKSVQN,0,0.662148,0.9350370673050942
8550,NKEYIDRQGKTPLTL,0,0.353292,0.7829800580131165
8551,NKGILVTVNPIASTN,0,0.493442,0.8961968279667054
8552,NKHIDAYKTFPPTEP,0,0.443738,0.6642159720145578
8553,NKLACIKEDLAVAGI,0,0.783315,0.5866650272006657
8554,NKLCSKFTRGAQKLL,0,0.41386300000000004,0.8812755641903401
8555,NKNFFWAVKPKAVRQ,0,1.0,0.9442156345746678
8556,NKVSRAMFVEDIAMG,0,0.76262,0.8212609500287873
8557,NKYLEEHPSAGKDPK,0,0.385583,0.6881781839703746
8558,NLDDEKIPTIVKTIQ,0,0.373266,0.49336480534614985
8559,NLDGTKTLHSSVQSY,0,0.8868389999999999,0.8792076276520094
8560,NLFWAVKPKIQKHIE,0,0.854339,0.9228753401733786
8561,NLISRGGDEALSGFL,0,0.48116899999999996,0.6464650325623277
8562,NLLLSVSDRCPLCKY,0,0.047949,0.683200225981266
8563,NLLWKQIANELNYIL,0,0.12092,0.9241187252132416
8564,NLLYKICLSGEGWPY,0,0.746555,0.8916600932673017
8565,NLMGKTLILLETFVR,0,0.982369,0.9465918291640246
8566,NLNIKLNMPLYIAGN,0,0.420559,0.930412813000455
8567,NLTLSKGNAQSLCFL,0,0.746297,0.8897940697387399
8568,NLVIEGPTTCGYLPT,0,1.0,0.6662342170612595
8569,NMVVERLGDYLVEQG,0,0.5396340000000001,0.6615652418609278
8570,NNLYADKVSVAEDNI,0,0.21234899999999998,0.8340404762488145
8571,NNRIWLQFAKLTGFT,0,0.665743,0.9374855729715935
8572,NNVVQALTSLGLLYT,0,1.0,0.9601729538465295
8573,NPKEAITPEEECVFY,0,0.064063,0.24269510784734868
8574,NPLIRHENRMVLAST,0,0.7381449999999999,0.9404430166968041
8575,NPPLNGSLTLEQEDI,0,0.114722,0.5855681682031141
8576,NPRQAYANYRDIDLG,0,0.28107600000000005,0.7954770558639276
8577,NPTDTGHGTVVMQVK,0,0.0,0.6970085620267128
8578,NQALSVEYVDVHPVL,0,0.734215,0.7984981509464161
8579,NQNVSRAMFVEDIAM,0,0.599382,0.7708134553511268
8580,NQVIQSVRRLYPKIF,0,0.5743060000000001,0.9416412996473054
8581,NRELYVGDLNTKLMT,0,0.6882659999999999,0.9124264541598394
8582,NRIMADGGSIQNTNL,0,0.373315,0.6317550608894764
8583,NRTKTEGFIFQVNTS,0,0.643054,0.7278477792598843
8584,NSFYYMKGGVNTFLI,0,1.0,0.9782889992642541
8585,NSLVYGASDSNVYDL,0,0.177672,0.8635439602974433
8586,NSMKTSSTVKLRQNE,0,0.63489,0.8196651215562094
8587,NSTIARYNRGRRAND,0,0.4219,0.720568133486057
8588,NSVIIMAYVTGGLVQ,0,0.7530600000000001,0.9616911437679134
8589,NSVIQALTSLGLLYT,0,1.0,0.8981558367814672
8590,NSVVQALTSLGLLYT,0,1.0,0.9597448343657371
8591,NSYLNESEFRNDWII,0,0.545932,0.5413861012798531
8592,NTEFTRVNAKPPPGD,0,0.0,0.5253079908878308
8593,NTKLMTRLVEDFSEA,0,0.297573,0.8617282043032811
8594,NTLLFLDLIMLNFVV,0,0.42105,0.8526137253462353
8595,NTSDLYGLITEQFLC,0,0.588954,0.8629476423671631
8596,NVNLQKQLLTNHLIN,0,0.578148,0.8166948373097612
8597,NVSHIQSAVVCGRRH,0,0.520435,0.8239601696168553
8598,NVVLRASGSIEGHQF,0,0.715075,0.6773534363979105
8599,NYCVSLFNRGKLKVS,0,0.704458,0.9245236050168195
8600,NYLALLVKFVAGDGD,0,0.6497729999999999,0.9215704151306799
8601,NYNTDLLPDWATERF,0,0.273343,0.56719674357854
8602,NYSKFWYLEHAKTGE,0,0.543609,0.8366455815684931
8603,NYTCLNSEKEFERAI,0,0.613736,0.6446874388722319
8604,PAAAYATATPAAATA,0,1.0,0.8184552826698469
8605,PADIATEEELDDMIY,0,0.234612,0.09320296164592463
8606,PAGVCPTIGVGGNFA,0,0.16230799999999998,0.357308654471376
8607,PALFFTFLANLNLTE,0,0.9420229999999999,0.8094737400317322
8608,PALLALLALPALLLL,0,0.5856319999999999,0.5967090003152462
8609,PARFNQNQLIASGLV,0,0.734729,0.9601227056972312
8610,PASWKNNRIWLQFAK,0,0.285306,0.9208912531888782
8611,PCKGDSVTIKLDGNL,0,0.218198,0.46631566679286607
8612,PCRAGFETNVSHNVQ,0,0.473342,0.6539370340648524
8613,PCRFVTDTPKGPKVK,0,0.805057,0.40360634308488236
8614,PDATHLGPQFCKSCW,0,0.11735599999999999,0.7342644803646523
8615,PDLPYDYGALEPAIS,0,0.469891,0.8421490197094392
8616,PEGLLWLLLTGKVPT,0,0.572427,0.9647985723156387
8617,PELELNVDAMSQCVS,0,0.492935,0.7872324173390988
8618,PEQIQLLKKAFDAFD,0,0.364822,0.8374785586029424
8619,PEVKYAVFEAALTKA,0,0.715724,0.9829275652749084
8620,PEWEPVPLTVKMGAL,0,0.204603,0.8629112641088891
8621,PFGAIEDQDVKDWVD,0,0.438999,0.24599469991951012
8622,PFMSDLQFNQMMNPS,0,0.70913,0.793539133668427
8623,PFRMVSLVTSFLLMI,0,0.829758,0.9475835445179678
8624,PFWITAIYVFCISLK,0,0.580438,0.9475718978535363
8625,PGLPLIIPDGYKLID,0,0.382023,0.7617440745476427
8626,PGTFQTTTGEIGAIA,0,0.498996,0.7498152737107266
8627,PGVSRELLGYCVSLF,0,0.8290190000000001,0.8034973944228011
8628,PHCALMDCIIFESAS,0,0.0,0.6504219584737082
8629,PIAYRNVLLRKNGNK,0,0.5385810000000001,0.920499037662305
8630,PIEHIASMRRNYFTA,0,0.384436,0.9086051530761566
8631,PIIIDQKYCPNKICT,0,0.574716,0.5296093220685497
8632,PILWDYFSLVLTNAC,0,0.444796,0.952151216587441
8633,PIYIVTPTNASHIQS,0,0.526115,0.9213114892573775
8634,PKDSDEFIPMKSSWG,0,0.45617399999999997,0.5066706394520347
8635,PKGGAESSSKAALTS,0,0.462822,0.7949458672196534
8636,PKPHRLSSDSVCACG,0,0.529844,0.6593908528377536
8637,PLCKYPLPTKLKIST,0,0.54994,0.9224721735092626
8638,PLCKYPLPTRLKIST,0,0.132855,0.9437181666597856
8639,PLEDCFTKDPVALVE,0,0.41930500000000004,0.8214390703725012
8640,PLLRGKKAVNLAQIL,0,0.9105700000000001,0.9582964877081847
8641,PLPTKLKISTAPSSP,0,0.572349,0.9514772361613547
8642,PLPTRLKISTAPSSP,0,0.326054,0.9446401110480376
8643,PLSTKENDEDFDWLE,0,0.049042,0.04003480700429654
8644,PLVLCNKNFFWAVKP,0,0.190675,0.8835642364286092
8645,PLYKLVHVFINTQYA,0,0.593303,0.949715827697212
8646,PNTYLEGSVRVVTTF,0,0.659849,0.904110751479561
8647,PPDAASAAPLRTITA,0,0.470105,0.8633158524815594
8648,PPPPQLGASPYKLGP,0,0.353976,0.7901222190396577
8649,PPTATISGLKPGVDY,0,0.403828,0.7764641550870749
8650,PQGQFRLKGVTCRPL,0,0.593838,0.8642754437524975
8651,PQQVCRNFMVQVVLS,0,0.598923,0.8553064287427583
8652,PQVKYAVFEAALTKA,0,0.869951,0.9812539395485856
8653,PRDMVFRTSTPKVVL,0,0.690674,0.9319347856165077
8654,PSLLVNQFGSVPAVT,0,0.629106,0.9292967994364747
8655,PSLNGTLTESQEHQM,0,0.097443,0.49909765109753157
8656,PSLTMACMAKQSQTP,0,0.335465,0.8768863562531836
8657,PSMGRDIKVQFQSGG,0,0.0478,0.7166396149294638
8658,PSPSMGRDIKVQFQS,0,0.307433,0.6438043475189198
8659,PTHRHLKGEACPLPH,0,0.805075,0.7050183155597748
8660,PTKSSVLNDAKLIAD,0,0.529957,0.8750428818962168
8661,PTLAFPAGVCPTIGV,0,0.507957,0.8059258381089539
8662,PVFSDEVLAGMCEEM,0,0.38923,0.6903414899056365
8663,PVGEIYKRWIILGLN,0,0.22236199999999998,0.881850920652241
8664,PVGEIYKRWIIMGLN,0,0.25951599999999997,0.8364911070695824
8665,PVPGAAGPPQVGLSY,0,0.188416,0.3108134471517903
8666,PVQEFTVPLQPPTAT,0,0.622788,0.8236593062081854
8667,PVSYTSSDDQITTFK,0,0.431671,0.407881616113007
8668,PYGATISATPEWATP,0,0.327642,0.7641299197597134
8669,QAGGKLCPNNLCCSQ,0,0.041099000000000004,0.5296526308335991
8670,QALTSLGLLYTVKFP,0,0.687742,0.8948443709935738
8671,QARQFDQQVWEKYGH,0,0.0,0.19801074086532136
8672,QASVNGVTLIGESVK,0,1.0,0.8434518834075151
8673,QCAMRPNHTIKGSFL,0,0.968001,0.5886813895083814
8674,QDHQEEICEVVLAKS,0,0.381741,0.7648833475643433
8675,QDRQGKTPLTLVDLC,0,0.397583,0.700679899264099
8676,QDVLLFTPASTEPQS,0,0.79096,0.9261369280830224
8677,QEDMIDLHTVLRNVA,0,0.585461,0.8747192807975872
8678,QEHQMISSIDRFFSK,0,0.342519,0.636610257867797
8679,QELKGLIRKHIPERC,0,0.262828,0.7742467094363448
8680,QESPQSYNSVGPDTG,0,0.12042,0.2452786393495324
8681,QESVVREAMGKIDPT,0,0.248042,0.7841751655992271
8682,QEVFKAIQSLKTTEV,0,0.8972030000000001,0.9357851942289827
8683,QFKRASPILRFLYAN,0,0.980605,0.9625443320364584
8684,QFRRVKCKYPEGTKV,0,0.0,0.4985767274207903
8685,QGEPGAVIRGKKGAG,0,0.464848,0.6287062338993561
8686,QGEPGRVIRGKKGAG,0,0.48899,0.5236783633988596
8687,QGKTPITLVDICFWS,0,0.376436,0.6985573131098561
8688,QGPDGHLISFYADPK,0,0.214189,0.7049732657518055
8689,QHLCGSHLVEALYLV,0,0.525332,0.8929232883811229
8690,QHMVVKSALLADKFP,0,0.583486,0.8932478124980131
8691,QHNHRPGYHTQTAGP,0,0.25613600000000003,0.48095107367448847
8692,QIEKVYLSLLSACNK,0,0.867036,0.9634646388392878
8693,QIHQYIMALREEYFD,0,0.86872,0.9184833542553988
8694,QIRMAKLLGRDPEQS,0,0.26971999999999996,0.8533996730732155
8695,QITLIKTPSLDIEGG,0,0.769547,0.8380161790243841
8696,QKHIEDRLSLNHILH,0,0.699235,0.8346945390261911
8697,QKLIEDINASFRAAM,0,0.704381,0.9092093154730714
8698,QKQLLTNHLINTPKI,0,0.397889,0.8926176545717952
8699,QKRTLSLLQYARYPI,0,0.683887,0.9429024750108865
8700,QKSIVAYTMSLGADS,0,0.753274,0.9496198734877597
8701,QKYCPNKICTSKGDS,0,0.235118,0.6895360951074792
8702,QLEVKFNAPALQEAY,0,0.709281,0.9172810424133546
8703,QLLKDIVGEVRESKI,0,0.35184499999999996,0.7398386271825573
8704,QLSALWARFPLPVIP,0,0.46508900000000003,0.959582944519327
8705,QLYSKFLLKAEPLAF,0,0.865195,0.9286473721846522
8706,QMLLIVLKIHLLNSN,0,0.340498,0.9223160823697332
8707,QNQLIASGLVDSKFD,0,0.389995,0.9184794168210009
8708,QPCNGVTMNDVKIEY,0,0.331764,0.4778609039137476
8709,QPNLKALREKVLGLP,0,0.587615,0.8712896088428069
8710,QQAMSNLVLGSGQHK,0,0.308533,0.8577541357520552
8711,QQLIRAAEIRASANL,0,0.839518,0.9494107032815752
8712,QQQRGAGNGVVRIWD,0,0.19020399999999998,0.40892646299735735
8713,QRALRKNKRGEEDLN,0,0.038699000000000004,0.14541332257909903
8714,QRIMRKEKRDDKDLQ,0,0.0,0.1991286601747508
8715,QRNPYENVLYKLCLS,0,0.57757,0.7926933582267606
8716,QRRALLNMIGMSGGN,0,0.875294,0.9103133789848123
8717,QRSQILQMVGMRRPQ,0,0.875618,0.8938042434656968
8718,QSFVSKVVNKNVERP,0,0.30843400000000004,0.7944886735233955
8719,QSQTPLNDVVQALTD,0,0.0,0.7123194226836786
8720,QSVSGSGGNHMLLDG,0,0.473287,0.6792758164455057
8721,QTGIAVLDMCAALKE,0,0.808654,0.849234549335161
8722,QTINALISDNLLMKN,0,0.889396,0.9065208069962207
8723,QTYVTQQLIRAAEIR,0,0.986716,0.9413491708590046
8724,QVHFQPLPPAVVKLS,0,0.8293370000000001,0.8556755939151122
8725,QVMLLVLCAVQLLLM,0,0.236281,0.640306008769024
8726,QVNRAIKNETSIHEI,0,0.5868800000000001,0.530193693927388
8727,QVPSASMGRDIKVQF,0,0.33508499999999997,0.7055564533231794
8728,QVTIAGAKLRSLNLG,0,1.0,0.9466239799926117
8729,QWNLVIGFLFLAWIM,0,0.22950900000000002,0.8787200576281456
8730,QYENLKYTVIITVHT,0,0.807483,0.9339333410622107
8731,RADITTVSTFIDLNI,0,0.206854,0.465102601055218
8732,RAGILRTLGFQQQRG,0,0.5746939999999999,0.9373525764853582
8733,RAIWYMWLGARYLEF,0,0.604545,0.9506334028008155
8734,RAMFVEDIAMGYVVS,0,1.0,0.9006500282362503
8735,RASLIPDATHLGPQF,0,0.425893,0.7855823611616284
8736,RCALHWFPGSHLLAC,0,0.508851,0.9351450542864682
8737,RCALHWFPGSHLLHV,0,0.5878979999999999,0.9377838080019146
8738,RCYSIQGPDGHLISF,0,0.560467,0.5724958961092319
8739,RDCLIAHGAANTITE,0,0.829325,0.8782250862994853
8740,RDGKGGFLYIKEVYS,0,0.686718,0.7585159991090457
8741,REAMGKIDPTLTTWI,0,0.760274,0.5810799409749123
8742,REELIKLRFWFKKEI,0,0.48618,0.8432255139863802
8743,REELITDTEFLLYRL,0,0.609812,0.5585178224347846
8744,RELLSYCVSLFNKGR,0,0.7727430000000001,0.9380000653236779
8745,RELYIGDLRTKMFTR,0,0.714062,0.8456925134482537
8746,REQFLGALDLAKKRV,0,0.523133,0.9263032764160398
8747,REVLNKQRVCPCEIC,0,0.42239,0.5523888509938735
8748,REYPDSCLDGKLCLM,0,0.628088,0.6080037240269881
8749,RFFVWGDEVPLLTKF,0,0.990253,0.8439072219168348
8750,RFKTKGRYNLDPDST,0,0.28735,0.6601746165232363
8751,RFTISRDNSKNTLYL,0,0.49149899999999996,0.5083072467035888
8752,RGILKRNSSSSSTDS,0,0.0,0.8712573230685744
8753,RGLLRRARGGPHHRR,0,0.33912600000000004,0.8791718682784279
8754,RHIRGEPCPLPHRLN,0,0.357962,0.44244645797246773
8755,RIANQTSLENNFDEP,0,0.068131,0.42415130107190074
8756,RIDTPDKLTGPFTVR,0,0.465933,0.5814223278634666
8757,RIIAGTLEVHAVKPA,0,0.438518,0.9259359684013699
8758,RILHDHGILTPSLCF,0,0.5386489999999999,0.878133767462439
8759,RKELLVTFKNAHAKK,0,0.849193,0.9397103358937781
8760,RKHIEWNCDVCRHGD,0,0.0,0.29119498870431154
8761,RKNSCECNFEQKFVD,0,0.035607,0.11002032752684322
8762,RKPESSRLLEDKVNL,0,0.11631099999999998,0.6864302918219689
8763,RKVLRDNIQGITKPA,0,0.0,0.744827306382778
8764,RLATAIAGAWENGVC,0,0.228345,0.8218033999848193
8765,RLEFDEFVTLAAKFI,0,0.631483,0.906118815893846
8766,RLKGESRKTFVELMR,0,0.679619,0.7621116057275343
8767,RLMSMKSVQNNTVLK,0,0.9420299999999999,0.890199601530897
8768,RLTSEQARQFDQQVW,0,0.38511100000000004,0.5219285637459841
8769,RMAMTDTTPFGQQRV,0,0.305532,0.39313353000986584
8770,RMFSSTLRAAVPWYA,0,0.801285,0.952204549219713
8771,RMVLASTTAKAMEQM,0,0.573489,0.92065091322205
8772,RMVLIEGLKLLSRCI,0,0.24586999999999998,0.908667065034834
8773,RNFMVQVVLSSMINP,0,0.7082390000000001,0.9385617935018328
8774,RNFQKVNPEGLIKEF,0,0.761318,0.7250488202909974
8775,RNMTLFSDLVAEKFI,0,0.275336,0.8425430598767311
8776,RNTLLFLDLIILNFV,0,0.40170900000000004,0.7609214569006442
8777,RNTLLFLDLVLLNLL,0,0.330737,0.5988447547737135
8778,RNYPKLFEEHLAPFM,0,0.403968,0.7962327821716001
8779,RPGVSKKFLSLLTSS,0,0.7095319999999999,0.9511518565726893
8780,RPGVSRELLSYCVSL,0,0.644718,0.9173435663693633
8781,RPLMESELVIGAVII,0,0.554984,0.8536101756900202
8782,RPMFLYVRTNGTSKI,0,0.85125,0.9414926016402854
8783,RQGIFQTVGSGLDHI,0,0.44075,0.7186723821575806
8784,RQKIIYSGAVNLDDE,0,0.769575,0.9120068631969993
8785,RQQAEMSKITQSSQC,0,0.07535900000000001,0.6590637054071123
8786,RQTLDYRWVNLASFG,0,0.701451,0.7924897427612277
8787,RREVHIYYLEKANKI,0,0.674082,0.8602306139043231
8788,RRNTLLFLDLIMVNL,0,0.41403100000000004,0.7911559689634958
8789,RRNYPVLFDEHLAPF,0,0.471053,0.7671412759667289
8790,RRRVMIQSSGGKLRL,0,1.0,0.8886530080668523
8791,RSDSSLVDEFVVSTR,0,0.14837899999999998,0.4977515549535809
8792,RSILWDYFSLVLTNA,0,0.566457,0.9324311350718345
8793,RSLNDLLISDPQGQF,0,0.48854899999999996,0.6473781830934101
8794,RSNHPSKNDLSDILK,0,0.1189,0.432901608101503
8795,RSRCYSVYLSDNGVM,0,0.543142,0.795564262129189
8796,RSRPRRTTRRMDRRT,0,0.362754,0.1831485728417249
8797,RSSPANFEQKYIEDF,0,0.15076099999999998,0.40934264083532995
8798,RTATNIWIDHNSFSN,0,0.21179,0.44442145745866674
8799,RTITADTFRKLFRVY,0,0.537519,0.7100556344939161
8800,RTKMFTRLIEDYFES,0,0.378996,0.814077320084345
8801,RTLGSFTWFPHKTSI,0,0.548523,0.7232237518098892
8802,RVIRGKKGAGGITIK,0,0.485415,0.599771710573784
8803,RVNPDEFEKKWKSDM,0,0.218111,0.10496824100579775
8804,RVWEQIFSTWLLKPG,0,0.632951,0.8336543442786897
8805,RVYCDPCRAGFETNV,0,0.10456800000000001,0.4673950969472309
8806,RWLLIDILKKSKFMQ,0,0.569186,0.8872831797611668
8807,RWTQSLRRELGMFTE,0,0.6636380000000001,0.9267234463744438
8808,RYFGNVRLRECYIQR,0,0.627668,0.874849865583421
8809,RYTCLNSEKEFERAI,0,0.78177,0.6446874388722319
8810,SAALHNVKCKTPTQL,0,0.377795,0.49804169564616385
8811,SAAPLRTITADTFRK,0,0.347368,0.7865442502839309
8812,SACNKIKGKKVFNTR,0,0.882056,0.7152697039153746
8813,SADEVQRMMAEIDTD,0,0.374319,0.6388957628515977
8814,SAGIFGAKPLQSLQV,0,0.61731,0.9386233517648025
8815,SAIRAAPEAARSLAS,0,0.540795,0.8623012109581675
8816,SAKLSQTVRFRIKSQ,0,0.5933930000000001,0.9549017672448297
8817,SCDDWLGGSVAEDID,0,0.067242,0.48902490114690983
8818,SCKSCWQKFDSLVRC,0,0.41706099999999996,0.5809918916216192
8819,SCLDGKLCLMKAQPT,0,0.7794,0.8819803168254635
8820,SCSTSLYKGVYELQT,0,0.6923050000000001,0.8201375321491966
8821,SDDQISIMKLPLSTK,0,1.0,0.8353462722425763
8822,SDLLTNSVIIMAYVT,0,1.0,0.9386687146160719
8823,SDVKEPGVSRELLGY,0,0.575563,0.7946408538134964
8824,SEALSKALSLTNCTT,0,0.785917,0.8960375362570666
8825,SEEVVENPTIQKEVI,0,0.31755900000000004,0.38369741992675854
8826,SEEYHLLYQKTGESS,0,0.507668,0.8562072159812262
8827,SEKCNFFLEEVLDVC,0,0.656921,0.5801199350869148
8828,SELVIGAVIIRGHLR,0,0.459934,0.9530149910885438
8829,SEQGSFYCDPKRFFL,0,0.511107,0.40795657813384695
8830,SFFGEIPSIIHEALN,0,0.7620319999999999,0.7879383678979962
8831,SFGIVVAWQVKLLPV,0,0.856268,0.9570794453394157
8832,SFLQNPQTSLCFSES,0,0.409548,0.8072758354610627
8833,SFSCIAIGIITLYLG,0,0.559974,0.7778022702450623
8834,SFVMMSAPPAEYKLQ,0,0.99961,0.9562872082560625
8835,SGIVCPGLPLIIPDG,0,0.525462,0.7051286957851771
8836,SGKLFMHVTLGSDVE,0,0.381957,0.9063602450888266
8837,SGLLQFIVFLLLAGR,0,0.43763,0.5309285358712296
8838,SGPTFKGKSAWYVDT,0,0.7113689999999999,0.6579002821516875
8839,SGRVTRDSRRLRRIC,0,0.512446,0.3269815566806649
8840,SGTVDFDEFMEMMTG,0,0.180904,0.31597847283297464
8841,SGYCSNIKLQVVKDA,0,0.67245,0.8898536791340619
8842,SHIQSAVVCGRRHGV,0,0.474999,0.7447952891597476
8843,SIAQHLVSDRPIMRY,0,1.0,0.767102425089709
8844,SIESFGEWIEFTNFK,0,0.363844,0.2975714737534773
8845,SIKRNYPYLFEEHLA,0,0.786276,0.5987607391397696
8846,SIMKLPLSTKENDED,0,0.626794,0.8345501605253541
8847,SIVGRAWENTTIDLT,0,0.15378599999999998,0.6143066607440714
8848,SKCVRGPNKENLYIK,0,0.243248,0.20683606212940042
8849,SKIITGLHPTQAPTH,0,0.832541,0.8784984630056674
8850,SKLKLLRGSETTVTE,0,0.672988,0.9200506346490476
8851,SKNDLSDILKTLTSE,0,0.589288,0.8117183820831791
8852,SKQEEKVFEESEYFR,0,0.038699000000000004,0.12301608249086471
8853,SKSMLEIDIEDQEYQ,0,0.099984,0.4546821235179144
8854,SLELELLGSKRILDG,0,0.724032,0.9073110504057147
8855,SLIYRRRLMKQDFSV,0,0.10215199999999999,0.8875118380016486
8856,SLKLYRDSLGEAVMR,0,0.778379,0.9171347483396316
8857,SLKRNSNSIVGEQNS,0,0.572443,0.5586087146866817
8858,SLLILVQSTQWSLFF,0,0.179979,0.9000437251205018
8859,SLLQYARYPIDPFLL,0,0.5538270000000001,0.8530455414247456
8860,SLPPGSAKLSQTVRF,0,0.605368,0.8926388111074438
8861,SLPRCWLVRNNSYLN,0,0.7219220000000001,0.9007205299726879
8862,SLSDPKGNDMPGGYC,0,0.505804,0.16281589790145443
8863,SLTLACLTKQGQVDL,0,0.366142,0.7190789880578629
8864,SLYGRHNCRCCWFAN,0,0.18473299999999998,0.39153624082157984
8865,SMKLPGSLSALIRAT,0,0.521493,0.9816824358107128
8866,SNDPVELALYQPDTG,0,0.204096,0.6331785133378287
8867,SNEIKIVATPDGGSI,0,0.27163000000000004,0.641924752533505
8868,SNIEKHYLSVLSLCN,0,0.8169810000000001,0.8961765401918895
8869,SNQNEKVFEESEYFR,0,0.0636,0.17530373681123218
8870,SNRELYVGDLNTKLM,0,0.7781,0.8864762907161994
8871,SNSIVGEQNSEMLHG,0,0.703573,0.7547110935595644
8872,SPALFHAFFGALKFK,0,0.854514,0.9140804439445503
8873,SPILRFLYANVGEEA,0,1.0,0.9034636941112086
8874,SPTPGQRNPYENVLY,0,0.21837199999999998,0.2516187704309272
8875,SQAWQPGVAMPNLYK,0,1.0,0.8197183991429492
8876,SQFTHTVKTDVLKDA,0,0.446086,0.5627325312352001
8877,SQLEKRAGILRTLGF,0,0.547882,0.9281107149331238
8878,SQLMCQPILLLDQVL,0,0.6464880000000001,0.8436864685375505
8879,SQQLDQRRALLNMIG,0,0.6141,0.8407369787374658
8880,SQTMLLKDLMGGIDP,0,0.238682,0.8783920533809135
8881,SQVHPSPLLTEGFKL,0,0.542874,0.7472459055369393
8882,SRAEVSYVHVNGAKF,0,0.534293,0.840423450439629
8883,SRCYSIYLSINGVLE,0,1.0,0.9387835540413565
8884,SRFFVMGEETPLLTK,0,1.0,0.9444937293293919
8885,SRLLEDKVNLNHVIQ,0,0.389477,0.768514346348627
8886,SRLLEDKVNLNQVIQ,0,0.11631099999999998,0.804420982648002
8887,SRSFLKHSLLRTQRL,0,0.45710200000000006,0.9115185926168499
8888,SSAGGFFTSVGKGIH,0,0.278388,0.7766625785719415
8889,SSEDGLDGFDWLELL,0,0.27552600000000005,0.2850879088730639
8890,SSILTDSQTATKRIR,0,0.428947,0.8373284221929347
8891,SSKAATAKAPGLVPK,0,0.569117,0.793773299032381
8892,SSLGAHLDSDVSSCP,0,0.009645,0.6726656050468899
8893,SSLIKSTLQVKRKEG,0,0.46716199999999997,0.9335309777555333
8894,SSLTEEFYHSYLQIQ,0,0.525684,0.6369184900276657
8895,SSSEVVVQRLAVGLF,0,0.876866,0.9423299272921003
8896,SSTVKLRQNEFGPAR,0,0.430486,0.4736934566737504
8897,SSYAATEVANAAAAS,0,0.549609,0.8697641304785582
8898,SSYAATEVANAAAGQ,0,0.5212100000000001,0.9249355687937256
8899,STCVSTMAERFKTKG,0,0.7338560000000001,0.8204323037211503
8900,STHIVSKISIRVNQL,0,0.705562,0.9375430296463966
8901,STLIGDCATVHTANK,0,0.559702,0.8267133750130394
8902,STVVASVTIIDRSLP,0,0.21705700000000003,0.6986494794408131
8903,STWLLKPGAGIMIFD,0,0.631894,0.9561201161918456
8904,SVDFTHNQNNTDCLK,0,0.477505,0.32764477743735504
8905,SVDFTHNQNNTDCLR,0,0.033701999999999996,0.32764477743735504
8906,SVEFDMSHLNLTMPN,0,0.118131,0.9180292294033657
8907,SVLLSMQGAVDINRL,0,0.5253680000000001,0.9380774090588935
8908,SVLLVVALFAVFLGS,0,0.21151,0.5867344086667898
8909,SVRIRVRSGGHDYEG,0,0.228032,0.47739173294666615
8910,SVTIKLDGNLLSSND,0,0.850175,0.8925224110206429
8911,SVYLSDNGVMSEQGS,0,0.8574780000000001,0.7488219261252973
8912,SWKLEKASLIEVKTC,0,0.49067200000000005,0.8689524854028237
8913,SWLMWFIISIVQMAP,0,0.38895599999999997,0.9048941008003879
8914,SWMIRILIGILVLWI,0,0.378794,0.5235103934875873
8915,SYDHSKWGPTMSPAL,0,0.47898500000000005,0.642610696885871
8916,SYFRPLLWDYMCISL,0,0.708282,0.8578231458766754
8917,SYIAEMETESWIVDR,0,0.301726,0.6832285949823217
8918,SYNSVGPDTGRLKFS,0,0.45083599999999996,0.413963359331052
8919,SYVHVNGAKFIDTQN,0,0.574559,0.7809901079132736
8920,TAAINKGILVTVNPI,0,0.283431,0.9309663715041501
8921,TAAVELARALVRAVA,0,0.76341,0.9349943076869045
8922,TADDITMGYVCSNLA,0,0.726349,0.8540749036853849
8923,TAKAPGLVPKLDAAY,0,0.511487,0.660016179251979
8924,TAMDVVYALKRQGRT,0,0.274973,0.8918941403200581
8925,TANKLIRQKLTTNEK,0,0.39732,0.7765142026289711
8926,TANVPPADKYKTLEA,0,0.29801500000000003,0.3312728561827018
8927,TATSASAGWDTVLQS,0,0.62955,0.6289899370912481
8928,TAVNSLISDNTLMKN,0,0.710823,0.8264025753630225
8929,TCVLGKLSQELHKLQ,0,0.698876,0.8552267478276084
8930,TDALRTLGSTSADEV,0,0.65032,0.8796196273155736
8931,TDFAGKTVWFVPSIK,0,0.355133,0.8430979111941272
8932,TDKMFFVKNPTDTGH,0,0.055346000000000006,0.7955911199811735
8933,TDPVELALYQPANKH,0,0.485968,0.8808608112552176
8934,TDTEFLLYRLIRALM,0,0.8310860000000001,0.9624435767860383
8935,TDTTPFGQQRVFKEK,0,0.265166,0.4997743894040633
8936,TEEELDDMIYNAKKF,0,0.430249,0.6602762563129173
8937,TENLVIEGPTTCGYL,0,0.714983,0.6905834675552607
8938,TEQFLCYALDLLYDV,0,0.757851,0.8390157468530857
8939,TFLANLNLTEPKSRT,0,0.8460780000000001,0.7826821455567108
8940,TFTRGAQKLLSEAIN,0,0.5629350000000001,0.9305542143049778
8941,TFYGSNPRGAAPDDH,0,0.31388699999999997,0.5862937079352906
8942,TGESSRCYSIQGPDG,0,0.244042,0.5527779493756751
8943,TGHMLDMYSVMLTND,0,0.860625,0.8851966205615807
8944,THGIAAINSVPWSKI,0,0.612413,0.9488763554365656
8945,THMMIWHSNLNDATY,0,0.299547,0.882524705002605
8946,THMMIWHSNLNDTTY,0,0.20640300000000003,0.8989637350853531
8947,TIAAMMTSPLSVASM,0,0.8769389999999999,0.9339445858950111
8948,TIDLTNEKLATNSPR,0,0.347407,0.8116351349435651
8949,TIKLDSEEYHLLYQK,0,0.5708310000000001,0.537204292301047
8950,TILIDSGIVCPGLPL,0,0.36894899999999997,0.68482995327571
8951,TILVESGIVCPGLPL,0,0.145553,0.8105135951575752
8952,TISNNLFFNHHKVML,0,0.217498,0.8805469115453409
8953,TKDMKVFLAGLEGYE,0,0.368846,0.8695103382329972
8954,TKDSPRASLIPDATH,0,0.139422,0.5803991971801358
8955,TKFFYLLGLSAIMQV,0,1.0,0.9771006084436281
8956,TKFVSAALHNVKCKT,0,0.811958,0.9518389497113591
8957,TKKFDEVVKANGGYL,0,0.651004,0.8009373319585767
8958,TKLMTRLVEDFSEVV,0,0.437125,0.7680047408544267
8959,TKPFRMVSLVTSFLL,0,0.8398549999999999,0.9443018758421909
8960,TKVIMGAVLIWVGIN,0,0.0,0.9170260718749035
8961,TKVTFHVVGVGPLLH,0,0.691906,0.9317263851950182
8962,TLELLYADTVAFCFR,0,0.474667,0.8967840507515987
8963,TLGSTSADEVQRMMA,0,0.28441500000000003,0.5373917889033673
8964,TLILLETFVRVNPDD,0,0.603731,0.81901547938599
8965,TLLLLALLATVTGGI,0,0.41446000000000005,0.9544454486048556
8966,TLMLVALLGAMTAGI,0,0.662392,0.9187049128699993
8967,TLSYYKLGASQRVGT,0,0.950426,0.9775254704351817
8968,TLTESQEHQMISSID,0,0.166825,0.534946968474186
8969,TLVDICFWSTVFFTA,0,0.290752,0.5195305275223824
8970,TLVPVVDGRGNYNTD,0,0.210945,0.35333345928198745
8971,TMAERFKTKGRYNLD,0,0.498013,0.5405088691225928
8972,TMGYVCSNLAEEIIT,0,0.681081,0.8312978708479225
8973,TMSMKLPGSLSALIR,0,0.798762,0.9821207453302342
8974,TNCTTAMLKNLCFYS,0,0.6007,0.7772212505246944
8975,TNFKYNYSVIEGGPI,0,0.0,0.8971519014988912
8976,TNLIKCSDHYICLKC,0,0.5879770000000001,0.43905398328388007
8977,TNNVAFQTVKPGNFN,0,0.47661499999999996,0.7026769557874871
8978,TNSPRPVPGAAGPPQ,0,0.009645,0.20046206822953333
8979,TPDNFSSLIKSTIQV,0,0.607313,0.9319445135119024
8980,TPDNFSSLIKSTLQV,0,0.733588,0.9350818607343997
8981,TPLTLVDICFWSTLF,0,0.253971,0.6944352799214958
8982,TPTNASHIQSAVVCG,0,0.189551,0.8243387032442894
8983,TQTMKGVERLAVMGD,0,0.181678,0.9159632571185983
8984,TRKYLPAIVREAIKR,0,0.783982,0.9392078547552691
8985,TRSAYERMCNILKGK,0,0.492908,0.7974530502390959
8986,TRWMLIEAELKCFGN,0,0.710033,0.8064036777102312
8987,TSALIWMASPPEVHS,0,0.234028,0.9072838103832893
8988,TSDLLTNSVIIMAYV,0,0.806331,0.9178831709550525
8989,TSISSNSGNLKFGLS,0,0.541571,0.6408452158207759
8990,TSLLILVQSTQWSLF,0,0.17171,0.9047288701030312
8991,TSSDDQITLIKTPSL,0,0.844075,0.6446117851851912
8992,TSTALDISSNKSVVV,0,0.5945819999999999,0.8452724463287594
8993,TSYTSSDDQISIMKL,0,0.31744,0.5230890671769176
8994,TSYVKVLHHMVKISG,0,0.5833520000000001,0.9231110136044015
8995,TTCFSVAALTNNVAF,0,0.568941,0.877186873670413
8996,TTEMLSRALKKVPVD,0,0.969482,0.9181188900727093
8997,TTLFAGTHITMTTVY,0,0.6169720000000001,0.9262888200993319
8998,TTRLYANASIGLFGA,0,0.315841,0.9638291935851755
8999,TTRQYANASIGLFGA,0,0.133452,0.9309300847487484
9000,TVAAAPQVKYAVFEA,0,0.433497,0.8897427522314988
9001,TVGTKTFLVHREWFM,0,0.828069,0.8169707273353073
9002,TVLAFPAGVCPTIGV,0,0.43315699999999996,0.8746186135663748
9003,TVPLQPPTATISGLK,0,0.363716,0.828263583061168
9004,TVSTFIDLNITMLED,0,0.438284,0.7065979945189942
9005,TWQGGSGMASHIIYE,0,0.311757,0.7892641446723381
9006,TYSQLMTLKDAKMLQ,0,1.0,0.917482836525357
9007,VAALTNNVAFQTVKP,0,0.24567600000000003,0.8438125341269207
9008,VAEAYCTGMLKRRLG,0,0.287267,0.9593910528419097
9009,VALDVNCEALSLVSH,0,0.5849409999999999,0.8153367505465673
9010,VANSMNYTCLNSEKE,0,0.355311,0.5864214679109719
9011,VAPIEHIASMRRNYF,0,0.45221400000000006,0.8944283901137499
9012,VASIKNFKAVLYYQN,0,0.772419,0.9335121496937416
9013,VATLSEALRIIAGTL,0,0.44079700000000005,0.9455463694874311
9014,VATRTYFDHEYFQCF,0,0.169373,0.44764374572419835
9015,VAYFNMVYMPASWVM,0,1.0,0.9276761398251056
9016,VCACGLFKQKGRPLR,0,0.8788799999999999,0.6328496862269927
9017,VCLSGEGWPYIACRT,0,0.081298,0.728786421274873
9018,VDFSVCYSKSLRDLV,0,0.727847,0.8723173922070825
9019,VDGRGNYNTDLLPDW,0,0.0,0.28452276948154037
9020,VDIKPKDSDEFIPMK,0,0.185108,0.2612449353043242
9021,VDLAKSLRIAAKIYS,0,0.645033,0.9597255647908731
9022,VEALYLVCGERGFFY,0,0.599739,0.7840497819940005
9023,VEDEARRMWASAQNI,0,0.458851,0.7453420260555582
9024,VEDLKRPGVSRELLS,0,0.516444,0.8654764932894138
9025,VEKSQLLNEFNNLYA,0,0.603875,0.6749190740105752
9026,VESCPLMRFITAETH,0,0.32967399999999997,0.908754457959177
9027,VEYVDVHPVLCSSSP,0,0.248921,0.6870750209673284
9028,VFGNCEGVKIIGISI,0,0.269969,0.6056621276901523
9029,VFGSAFQGLFGGLNW,0,0.360165,0.854995614704715
9030,VFHTLWHTTKGAALM,0,0.390901,0.9336353648902284
9031,VFLAGLEGYEKISDV,0,0.507866,0.834077516059915
9032,VFNDIKRGRIFEENL,0,0.157559,0.43619237761629026
9033,VGDLNTKLMTRLVED,0,0.704923,0.9162074418885298
9034,VGEEAEKGEDQTIKE,0,0.15483,0.061637029730844055
9035,VGLSYSQTMLLKDLM,0,0.46297,0.9316388912358267
9036,VGNVAWMHVLAAKYI,0,0.621768,0.9444464957337592
9037,VGQQAVEVWQGLALL,0,0.53036,0.8187992956897671
9038,VGSSMRYTCLNSEKE,0,0.7010770000000001,0.7870627477814447
9039,VHAQTVEDEARRMWA,0,0.175246,0.2323567012952536
9040,VHPVLCSSSPTILDN,0,0.5601470000000001,0.6483567503660096
9041,VIGVAFLAVFQSATK,0,0.942859,0.9259265384827098
9042,VIKLDSEEYHLLYQK,0,0.307278,0.537204292301047
9043,VIPANWKPDTVYTSK,0,0.071176,0.5789283666920998
9044,VIPDGYRFFNKTLIL,0,0.654392,0.7938353930429576
9045,VKGDPVGILYAVFKA,0,0.488216,0.811927931085391
9046,VKIEYSGTNNKTMAV,0,0.416868,0.8490991973171915
9047,VKIVDMVLSDGSDPD,0,0.329726,0.5869659781270411
9048,VKLSAEESRIFEDLV,0,0.485108,0.620565085584377
9049,VKPKIQKHIEDRLSL,0,0.248671,0.584370556984903
9050,VKPLYIITPTNVSHI,0,0.915961,0.8942990402799081
9051,VKQNTLKLATGMRNV,0,0.729093,0.9309567108013526
9052,VKYPNLDDLEKLTLE,0,0.044015,0.2573335332742074
9053,VLDILTANKLIRQKL,0,0.9425879999999999,0.9191349719546893
9054,VLEKEEMPTLIKTIQ,0,0.5270699999999999,0.8532413289047528
9055,VLHHMVKISGGPHIS,0,0.396094,0.7973047153948704
9056,VLLDCWRLVLSGPTF,0,0.8209120000000001,0.8789640303215637
9057,VLNDAKLIADSLDFT,0,0.419493,0.8369742871151764
9058,VLQSIRRNYPVLFDE,0,0.8915299999999999,0.6751966638995576
9059,VLRTKLMTSRRVLER,0,0.9919030000000001,0.9381727511337403
9060,VLSSAHSDSLAPECP,0,0.166825,0.579818200054475
9061,VLTLDNQDLNGNWYD,0,0.372579,0.3120411429100133
9062,VLTNACELGEWVFSS,0,0.554838,0.7256584849209651
9063,VLTNACELGEWVFST,0,0.444788,0.7256584849209651
9064,VLYNMIDIMISWIRS,0,0.232917,0.8682983704691798
9065,VMDGKMVDEEPVALL,0,0.575426,0.6018462478494458
9066,VMLLVLCAVQLLLMR,0,0.48987600000000003,0.8390364250868618
9067,VNACHHNYEQKFIDV,0,0.173424,0.6156516192301119
9068,VNFYAWKRMEVGQQA,0,0.513605,0.7574945792272356
9069,VNLMGQTINALISDN,0,0.62295,0.9428773955395333
9070,VNPEGLIKEFSELYE,0,0.34494,0.5951969651853434
9071,VNQAHHIDLMSKLAV,0,0.633061,0.8510968439631215
9072,VNTLHFLTRGKNIQL,0,0.667108,0.9220143017489993
9073,VNYWFAPGAAAAPLS,0,0.964458,0.9488638827414038
9074,VPDIPELSYQKEALL,0,0.642654,0.7771794280790215
9075,VPFVQWFVGLSPTVW,0,0.276876,0.8879027897373372
9076,VPKKKKDKDIPQSSE,0,0.0,0.4809560983545273
9077,VPLTIKMGALFEGRN,0,0.557018,0.8698015053381248
9078,VPLTVKMGALFEGRN,0,0.351516,0.9286614505443025
9079,VPMPCMINDTHFLLR,0,0.597838,0.8811121830058056
9080,VPPADKYKTFEAAFT,0,0.48158900000000004,0.8092221445512222
9081,VPSPSMGRDIKVQFQ,0,0.265793,0.6459080423814392
9082,VQHMVVKSALLADKF,0,0.8253659999999999,0.9368450600205919
9083,VQNTVEDLKLNTLGR,0,0.10366900000000001,0.5868954023596024
9084,VRDKKKKEITPHCAL,0,0.022091,0.7962968428563162
9085,VREFVATARTLGNFS,0,0.844025,0.9415241071846217
9086,VRILRRVHHRKYLTD,0,0.536758,0.7286328885095887
9087,VRLRECYIQRFPITN,0,0.403217,0.8213430030566453
9088,VRSGGHDYEGLSYRS,0,0.354417,0.42220420613066423
9089,VSAALHNVKCKEPHQ,0,0.200577,0.3438915133370703
9090,VSAMVRMYIFFASFY,0,0.608753,0.7443937973659837
9091,VSDIDYVPLKSATCI,0,0.8418559999999999,0.8602299123927062
9092,VSDRCPLCKYPLPTK,0,0.24417399999999997,0.48537021198623165
9093,VSDRCPLCKYPLPTR,0,0.0,0.47640334344934554
9094,VSEALRIIAGTLEVH,0,0.5219020000000001,0.925723646667419
9095,VSIISILKGVINIWG,0,1.0,0.8445953693238657
9096,VSLLSVLLSMQGAVD,0,0.551245,0.9706813495235824
9097,VSQLTEVFSRKGKHL,0,0.47679099999999996,0.7915526331496504
9098,VSSCPFCNNKLMEIV,0,0.323745,0.7197681797581639
9099,VSVDCSEYPKPDCTA,0,0.050123,0.15181810542653656
9100,VSWVMKIGIGVLLTW,0,1.0,0.8899259188169768
9101,VTDVTQLYLGGMSYY,0,0.6469630000000001,0.8522198610446133
9102,VTMNDVKIEYSGTNN,0,0.44686099999999995,0.6571986808444468
9103,VTVDAAVLAAIDADA,0,0.374048,0.5537452817567864
9104,VTYTEHAKRKTVTAM,0,0.0,0.6552731264857085
9105,VVAVDQSVSGSGGNH,0,0.279787,0.4613438847313111
9106,VVERVRWLLIDILKK,0,0.624661,0.8489166935663628
9107,VVLGLATSPTAEGGK,0,0.583063,0.9507439241386173
9108,VVQRLAVGLFIRLLG,0,0.7163149999999999,0.944941762853318
9109,VVSRLLIPVPFDPPA,0,0.33245399999999997,0.8255703483367595
9110,VWDKYGWLCKMHTGI,0,0.292564,0.8047047274947947
9111,VWRIDTPDKLTGPFT,0,0.22484200000000001,0.39215973557475253
9112,VYDSPLRPTFFLEKP,0,0.206105,0.7741225059811644
9113,VYQFKSVEFDMSHLN,0,0.14948599999999998,0.800318445181263
9114,WAVKPKAVRQIEDQL,0,0.310737,0.7211033902589664
9115,WDIKDPSLLVNQFGS,0,0.6691189999999999,0.856445801404608
9116,WEQIFSTWLLKPGAG,0,0.608846,0.9407606802605987
9117,WFIISIVQMAPVSAM,0,1.0,0.9577531952349232
9118,WFNEVLSIEEEDQID,0,0.129502,0.39801708785527745
9119,WGAIWRIDTPDKLTG,0,0.409807,0.6345100774954889
9120,WGAIWRIDTPEVLKG,0,0.673874,0.6395257365311752
9121,WGPFMSPALFHAFFG,0,0.794639,0.9036025374052241
9122,WGPTMSPALFLSFLY,0,0.613596,0.9386827683420089
9123,WIELKESWGAVWRID,0,0.2067,0.7807295838782587
9124,WKPDTVYTSKLQFGA,0,0.031756,0.7700309422951598
9125,WKRMEVGQQAVEVWQ,0,0.618556,0.6526800337195189
9126,WLGFIAGLIAIVMVT,0,0.44123500000000004,0.9541587723608979
9127,WLMWFIISIVQMAPV,0,0.790312,0.9436713548755225
9128,WLVRNNSYLNESEFR,0,0.390496,0.7688116974114482
9129,WMLLTFLTSLLILVQ,0,0.433029,0.9231258983024407
9130,WNRKELLVTFKNAHA,0,0.7745529999999999,0.9363370281137249
9131,WPKSHTLWSNGVLES,0,0.235339,0.854499616067547
9132,WQKGEEVQVIAVEPG,0,0.273917,0.5962622072191197
9133,WRLVLSGPTFKGKSA,0,0.859308,0.8360104193955428
9134,WYLEHAKTGETSVPK,0,0.399467,0.7651659575008415
9135,YAGPFGMSRILFAQE,0,0.434501,0.9152818415926518
9136,YAGPFGMSRILLSQE,0,0.290234,0.9351997139009726
9137,YANYRDIDLGRNEVV,0,0.5723189999999999,0.6454361143094274
9138,YCHGILLKDVEYARP,0,0.35995900000000003,0.685707781440044
9139,YCVSLFNKGRLRVNG,0,0.878582,0.9395548826132705
9140,YDHSKWGPTMSPALF,0,0.379317,0.7893400643354522
9141,YDKFLAFVSTVLTGK,0,0.8462270000000001,0.993775107209236
9142,YDKFLALVSTVLTGK,0,0.863658,0.9904023798615903
9143,YDKFLANESTVLTGK,0,0.762799,0.9898481146382122
9144,YDKFLANKSTVLTGK,0,0.8265610000000001,0.9929855908803151
9145,YDKFLANQSTVLTGK,0,0.975189,0.9950521351996345
9146,YDKFLANVCTVLTGK,0,0.6905939999999999,0.9958303997567999
9147,YDKFLANVHTVLTGK,0,0.805659,0.9931589561807557
9148,YDKFLANVNTVLTGK,0,0.882641,0.9950121411075937
9149,YDKFLANVTTVLTGK,0,0.794876,0.9965330623550032
9150,YDKFLANYSTVLTGK,0,0.826967,0.9973423714377025
9151,YDKFLATVSTVLTGK,0,0.868231,0.994304249265865
9152,YDNLKTGVSIPCVCG,0,0.442691,0.905627710619858
9153,YEALIKLLPFSKRIR,0,0.629629,0.9479025438923753
9154,YEHIDDRYAYEIVGP,0,0.093831,0.6337574143636753
9155,YEYKVQQAMSNLVLG,0,0.9471860000000001,0.9759893912364269
9156,YFNMVYMPASWVMRI,0,1.0,0.9501674531110579
9157,YFSLVLTNACELGEW,0,0.75208,0.9667030305811077
9158,YGFVANFSMELPSFG,0,0.85125,0.8709288140338777
9159,YGIAAENVIDVKLVD,0,0.348329,0.7466847934290649
9160,YGLITEQFLCYALDL,0,0.664167,0.8912681735798338
9161,YHLMSFPQAAPHGVV,0,0.820691,0.8899697274611332
9162,YIGDLRTKMFTRLIE,0,0.499217,0.8767614041782171
9163,YITPYVPMPCMINDT,0,0.6055,0.6505136229926852
9164,YKDVDKPPFSGMTGC,0,0.2067,0.43793792574432766
9165,YKKLRTSSFALNLPT,0,0.539449,0.9529516375476391
9166,YKQMIKSRTLKSFFA,0,0.869337,0.9466462752006588
9167,YLAILVKYVDGDGDV,0,0.36995,0.8424577577947017
9168,YLEEHPSAGKDPKKT,0,0.157894,0.4748560173958803
9169,YLGPLNCKSCWQKFD,0,0.263685,0.6674672721077998
9170,YLGPLSCKSCWQKFD,0,0.0,0.8768335199878008
9171,YLKELYNNVNKCGCC,0,0.539604,0.6179126261210098
9172,YLKLTDNVAIKCVDI,0,0.5416,0.8960506438151281
9173,YLSLLSACNKIKGKK,0,0.894433,0.9069781507883583
9174,YLVCGERGFFYTPKT,0,0.139413,0.7110071246557863
9175,YNFATCGLIGLVTFL,0,0.5793,0.910878408499942
9176,YNLDPDSIDFLVLKN,0,0.47953900000000005,0.7207553301861382
9177,YNNVNKCGCCICLEW,0,0.026357,0.23088851176027386
9178,YPFIEQEGPEFFDQE,0,0.40755399999999997,0.3357026928634639
9179,YPKLQASQAWQPGVA,0,0.880367,0.8759372038108463
9180,YPYLFEEHLAPFMSD,0,0.573401,0.9013648862976545
9181,YQLSMRIANQTSLEN,0,0.6409130000000001,0.9223211145636435
9182,YRFFNKTLILLETFV,0,0.766828,0.8962320698815613
9183,YRKILRQRKIDRLID,0,0.45225299999999996,0.689110268352815
9184,YRWVNLASFGDLRLV,0,0.8553569999999999,0.9102721559569339
9185,YSDRQGKTPLTLVDI,0,0.272281,0.7178114466350213
9186,YSGAVNLDDEKIPTI,0,0.188416,0.4595404261182459
9187,YSQLMCQPILLLDQV,0,0.790169,0.9340354585340501
9188,YTKFEDYNFQPNIEQ,0,0.355252,0.46330177860835314
9189,YTKFEDYNFQPSTEQ,0,0.154309,0.3430782636839834
9190,YTTEGGTKGEAKDVI,0,0.12972899999999998,0.17575100409251362
9191,YVGDLNTKLMTRLVE,0,0.6796399999999999,0.9372650414596745
9192,YVPLKSATCITRCNL,0,0.747308,0.905787293167782
9193,YVVSSFDNIKVFLEG,0,0.649452,0.6954867998955216
9194,YWTIVKPGDILLINS,0,0.49363199999999996,0.8116623610978071
9195,AEVIPMFSALSEGATP,0,0.574375,0.8993496748125217
9196,PAVIPMFSALSEGATP,0,0.574375,0.9026668506877135
9197,PEVIAMFSALSEGATP,0,0.574375,0.886072110613918
9198,PEVIPMFSAASEGATP,0,0.574375,0.8620461029825984
9199,PEVIPMFSALAEGATP,0,0.574375,0.921509034614052
9200,PEVIPMFSALSAGATP,0,0.574375,0.9210666512062516
9201,PEVIPMFSALSEAATP,0,0.787187,0.9423097582179613
9202,PEVIPMFSALSEGATA,0,0.787187,0.9252977346563732
9203,PEVIPMFSALSEGATP,0,0.688783,0.9057183259959625
9204,AAHHMVKISGGPHISY,0,0.43871099999999996,0.7767911415731935
9205,AAHHYVKISGGPHISY,0,0.721692,0.8003568676825388
9206,ALWNLHGQALFLGIVL,0,0.5961609999999999,0.9371153449930997
9207,APRFKHLRKYTYNYEA,0,0.0,0.6799358138189947
9208,CSAVPVHWVPTSRTTW,0,0.721221,0.57102509607799
9209,CYGGHTNEDDSNFAHW,0,0.0,0.1308959882495411
9210,DKLKQQRDTLSTQKET,0,0.384486,0.26832130904435886
9211,EEDKENALSLLDKIYT,0,0.36525799999999997,0.6103989047192779
9212,EGELHGRQIRMAKLLG,0,0.46347,0.8894859164176099
9213,ELYKYKVVKIEPLGVA,0,0.44624899999999995,0.8935278764511206
9214,EPQGSTYAASSATSVD,0,0.8494200000000001,0.914858786516072
9215,FRNVLSIAPIMFSNKM,0,0.787187,0.8920990238010745
9216,GHQAAMQMLKETINEE,0,0.084687,0.7536278521824102
9217,GKWYLKAMTADQEVPE,0,0.572976,0.7108244577369117
9218,GVINIMYMHDSDDVLF,0,0.199254,0.7177785063069884
9219,HGRQIKMAKLLGRDPE,0,0.48895200000000005,0.7665309389136236
9220,HGRQIRMAKLLGRDPE,0,0.5820810000000001,0.7873080297166571
9221,HGRQIRMAKLLTRDPE,0,0.584113,0.7243824217110265
9222,IPMFSALSEGATPQDL,0,0.233436,0.7439738460775771
9223,KFDSQLAHRHMARELH,0,0.23972399999999996,0.5851091314042596
9224,KGLMNIALAISAQQVN,0,0.7334510000000001,0.9148830521995445
9225,LAAIIFLFGPPTALRS,0,1.0,0.9768512738779437
9226,LKAMTADQEVPEKPDS,0,0.268437,0.1488464518185751
9227,LNKIVRMYSPVSILDI,0,0.9123690000000001,0.9127274672429012
9228,LWWSTMYLTHHYFVDL,0,0.610019,0.7092772344511732
9229,MAKLLGRDPEQSQEAL,0,0.13742100000000002,0.5040722163011052
9230,MVSRLLLNRFTMTHRR,0,0.567053,0.888318950703493
9231,NPPIPVGEIYKRWIIL,0,0.14875,0.6233242590147109
9232,QPEWFRNVLSIAPIMF,0,0.666267,0.8821366714842774
9233,RQIRMAKLLGRDPEQS,0,0.501084,0.7866145400654767
9234,SAEVEEHRTIRVLEMV,0,0.0,0.6575716204737337
9235,SPEVIPMFSALSEGAT,0,0.994359,0.9057183259959625
9236,SPSLWEIEIAKQLASV,0,0.62236,0.6449082368409749
9237,SSIIFGAFPSLHSGCC,0,0.60734,0.9333195795675646
9238,WHTTKGAALMSGEGRL,0,0.23972399999999996,0.7853921826070588
9239,WNRQLYPEWTEAQRLD,0,0.337622,0.7513266884410315
9240,AIQQVRSLIGNEEFLDY,0,0.864424,0.4472849049941492
9241,CVDAKMTEEDKENALSL,0,0.19008599999999998,0.25376776060839623
9242,EHREVLWKFDSQLAHRH,0,0.553716,0.8015830020977741
9243,FERQYKELQTQAEDDRR,0,0.815168,0.5027824047070987
9244,GAVSFWMCSNGSLQFRI,0,0.329807,0.7292397664661839
9245,GIYYIRVVEVRQMQYDN,0,0.3713,0.7906666242766385
9246,IGNTVTPTVTFTMDGDK,0,0.241196,0.5500648512302557
9247,KIPGGAMYADDTAGWDT,0,0.390225,0.37402053011070374
9248,LTYQNKVVKVQRPTPKG,0,0.563292,0.8689011337048379
9249,MVTQMAMTDTTPFGQQR,0,0.571529,0.6500878504291685
9250,NEDDSNFAHWTEARIML,0,0.069448,0.6443511278207626
9251,PETPNMDVIGERIKRIK,0,0.457066,0.41234775910809157
9252,PTPKGTVMDIISRKDQR,0,0.469174,0.319758491596361
9253,PWDVVPMVTQMAMTDTT,0,0.862749,0.5793589955146147
9254,RLNDTWKLERAVLGEVK,0,0.551686,0.7748435628208523
9255,SDTSYVSLKAPLTKPLK,0,0.723124,0.8767693666236646
9256,SLLSIMTLAAMHSKLSP,0,0.327221,0.9387473417212797
9257,SSKITHRIHWESASLLR,0,0.6330520000000001,0.8174452216204253
9258,TESTFKNISCTFKFGEE,0,0.546546,0.6494507596757627
9259,TLSIGYHANNSTDTEDT,0,0.0,0.8428995490984885
9260,VDEEYRFISDATFVDET,0,0.14875,0.6502760446221079
9261,VVKVQRPTPKGTVMDII,0,0.335343,0.4763736699496514
9262,WLGARYLEFEALGFLNE,0,0.772537,0.7067792062338552
9263,YAHAAHAAHAAHAAHAA,0,0.7526,0.7355062051819475
9264,YLGKREDQWCGSLIGLT,0,0.46956000000000003,0.4977034049014581
9265,ARFIGGYIKPDGSDSMDV,0,0.0,0.38920341484732174
9266,DCNMTNEITDMINASLKN,0,0.0,0.07237379872110336
9267,DIPVNNNIVLHTRDPQNA,0,0.0,0.10389293984101633
9268,DISMSLYKDLIAMENLKA,0,0.19368,0.658022216275551
9269,DTPYLDITYHFVMQRLPL,0,0.598263,0.23703601005574415
9270,DVKASMLEKYKVFTDISM,0,0.0,0.5200048281384724
9271,EGRVEIDFDYCPGTTVTL,0,0.19503299999999998,0.3289874953488227
9272,EKYKVFTDISMSLYKDLI,0,0.255515,0.44557571312376254
9273,ELQAAISKLGINYLIDTT,0,0.38001599999999996,0.5731319402512984
9274,FESTGNLIAPEYGFKISY,0,0.517517,0.4692611016740913
9275,FRDYVDRFYKTLRAEQAS,0,0.472837,0.8513337972389747
9276,GAGVMVEGVFHTLWHTTK,0,0.173847,0.6042712595654923
9277,GKLITDWCCRSCTLPPLR,0,0.0,0.4858915963224307
9278,GKTVTNLISETLKSISSM,0,0.412708,0.6322497905916831
9279,GSVTKQDELQAAISKLGI,0,0.251778,0.5541457379672307
9280,GWLSCLSITWTLIKNMEK,0,0.058835000000000005,0.5169665554512796
9281,GYFEHMKKNLNMTDGDSV,0,0.0,0.3406931432518169
9282,IDPFQLGLLVVFLATQEV,0,0.377577,0.7490961190317563
9283,IDTTSRELKLFNVTLNAG,0,0.188564,0.46642034908725105
9284,ILLNNSLGSVTKQDELQA,0,0.110661,0.4965842280559199
9285,IMGSNNISIISIRPRVTK,0,0.522127,0.4128746018230606
9286,IVLHTRDPQNAAVNVTVA,0,0.18453,0.35756255573788587
9287,KILSMINYYNEMSRGYFE,0,0.111275,0.35962609464251444
9288,KLGINYLIDTTSRELKLF,0,0.173871,0.40094924587505726
9289,KTPIRVCLLPRVVGGKTV,0,0.113142,0.6551535682877987
9290,LLPRVVGGKTVTNLISET,0,0.0,0.45496748032924483
9291,LNKIVRMYSPTSILDIRQ,0,0.472837,0.37304779807117766
9292,LRAEQASQEVKNWMTETL,0,0.256598,0.23985803205859768
9293,LTDTEYRARFIGGYIKPD,0,0.0047409999999999996,0.4709906115890819
9294,MATFKIQPVFMVASFLKA,0,0.6333949999999999,0.67815804438205
9295,MSSFLGKWKLSESHNFDA,0,0.0,0.49418503373825173
9296,NKKCDKKCIEWEKAQHGA,0,0.6247199999999999,0.44263084858473345
9297,NVTENFNMWKNNMVEQMH,0,0.553355,0.29630812078914526
9298,PAEILRKSRRFAQALPVW,0,0.463373,0.7584811328424729
9299,PQNAAVNVTVALPNVQFV,0,0.0,0.6349296000131017
9300,PVGDIYKRWIILGLNKIV,0,0.578174,0.5694675593198583
9301,PVGEIYKRWIILGLNKIV,0,0.8012090000000001,0.5694675593198583
9302,REDQRGSGQVVTYALNTF,0,0.0,0.5178162965880653
9303,RGIFSAYTINEMMDTDIF,0,0.0,0.5215217856363515
9304,RIDDAQITTDDLVKSYSL,0,0.0,0.1743074650062668
9305,SCIAIGIITLYLGAVVQA,0,0.5124529999999999,0.7636431738818075
9306,SELYLYKVVKIEPLGVAP,0,0.891425,0.7117538630811485
9307,SIISIRPRVTKQYIVTTL,0,0.419372,0.40189720380282457
9308,SVLSVKLAGNSSLCSTSG,0,0.135431,0.5985985968579192
9309,SYSLIRPKILSMINYYNE,0,0.592716,0.7056676700764665
9310,TDIFSPENKAFKNNLSRF,0,0.0,0.31113304848909784
9311,TINEMMDTDIFSPENKAF,0,0.0,0.1542637124614651
9312,TTDDLVKSYSLIRPKILS,0,0.6461439999999999,0.7415401572112799
9313,VPPVVRWLNEQRYYGGGY,0,0.0,0.3416092597735639
9314,VQFVDINRNNKFFINFFN,0,0.094424,0.16650264242502774
9315,VTVALPNVQFVDINRNNK,0,0.0,0.36322416289300025
9316,WIILGLNKIVRMYSPISI,0,0.89399,0.42015777794546966
9317,WIILGLNKIVRMYSPTSI,0,1.0,0.420731096787618
9318,WIILGLNKIVRMYSPVSI,0,1.0,0.42015777794546966
9319,WVKVVEEKGFNPEVIPMF,0,0.171565,0.22072182714221092
9320,YAQMWLLLYFHRRDLRLM,0,0.12881700000000001,0.5796975636237673
9321,YFHRRDLRLMANAICSAV,0,0.31128,0.5178335826598286
9322,YVAEGTDRVIEVVQGACR,0,0.0,0.369940795726152
9323,YVDRFFKTLRAEQASQDV,0,1.0,0.9211660077057761
9324,YVDRFYKTLRAEQASQEV,0,0.833676,0.8619486398711628
9325,YYNEMSRGYFEHMKKNLN,0,0.0,0.3308316621908217
9326,GEIYKRWIILGLNKIVRMY,0,0.786665,0.8165249445856212
9327,GLFNPMILAAGLIACDPNR,0,0.451194,0.8900164809442418
9328,KLPKPPKPVSKMRMATPLL,0,0.391029,0.7880494640066114
9329,KTLRAEQASQEVKNWMTET,0,0.0,0.8459531863509757
9330,LGVLLLIGCWYCRRRNGYR,0,0.291977,0.35662840883662417
9331,LPPWFPPMVEGAAAEGDDG,0,0.192619,0.5895955070307155
9332,QPEWFRNVLSIAPIMFSNK,0,0.0,0.9323952714754996
9333,WEALKYLWNLLQYWGQELK,0,0.6162489999999999,0.6727529080045903
9334,YEKVRSQLKNNAKEIGNGC,0,0.0,0.7574087833596252
9335,AALLVVAVGLRVVCAKYALA,0,0.732308,0.8914090196133005
9336,AVDDYAGYLLDKNQSDLVTN,0,0.331794,0.7002582956772126
9337,DIKVQFQSGGANSPALYLLD,0,0.927632,0.8318384135762995
9338,DTEVHNVWATQACVPTDPNP,0,0.396395,0.6946862927148345
9339,EAKYDAYVATLSEALRIIAG,0,0.81353,0.9715190471958608
9340,EIMKHIVKIEVKGEEAVKKE,0,0.492313,0.6319728194225208
9341,EQYTHQDEIYEQVHSKGLYV,0,1.0,0.7061760023351159
9342,EYIRIDAKVVPKSKIDTKIQ,0,0.8984629999999999,0.8629204220545632
9343,EYLNKIQNSLSTEWSPCSVT,0,0.29749899999999996,0.7648067015485571
9344,FEERDAVLLGGSSDNEFVKL,0,0.674082,0.841428404595406
9345,FFTELDGVRLHRFAPPCKPL,0,0.746333,0.8577144176552909
9346,GFGMLLRKYGIAAENVIDVK,0,0.716536,0.9470625125297257
9347,GSSDNEFVKLAWRREHKDLD,0,0.567262,0.8032963663129902
9348,HAPAAPANPGLIIGALAGST,0,0.696701,0.5505275151228893
9349,HIDLLVGSATLCSALYVGDL,0,0.827152,0.8445621467928877
9350,IEPIVATNWQKLEAFWHKHM,0,0.781187,0.9210842226687247
9351,ITRVESENKVVILDSFDPLV,0,0.426022,0.7721292164360478
9352,KDKWIELKESWGAIWRIDTP,0,0.458063,0.7184986400919764
9353,KELLNRIQVDSSNPLSEKEK,0,0.5393979999999999,0.7619425282920577
9354,KIIGGIGGFVKVRQYDQIPI,0,0.400843,0.40140470011991186
9355,KMIGGIGGFVKVRQYDQIPI,0,0.199195,0.2199993742149968
9356,KRWIILGLNKIVRMYSPTSI,0,0.8500719999999999,0.9144001654580389
9357,LIIGALAGSTLAALVIGGIA,0,0.622062,0.9135723881613376
9358,LPKPPKPVSKMRMATPLLMQ,0,0.035644,0.8895181680105255
9359,LTTSQTLLFNILGGWVAAQL,0,0.9154979999999999,0.950056680113992
9360,LYKYKVVKIEPLGVAPTKAK,0,1.0,0.8949435894358604
9361,MYVGGVEHRLEAACNWTRGE,0,0.47948100000000005,0.7610665652617671
9362,PAEILRKSRRFAQALPVWAR,0,0.814822,0.8845735155746858
9363,PEAFNYMDKFNEQEINLSLE,0,0.290558,0.5729368750626992
9364,PELVPEDPEDSALLEDPAGT,0,0.501891,0.5351576202824793
9365,PHHTALRQAILCWGELMTLA,0,0.49418900000000004,0.8203517345714871
9366,QHRDVLQLYAPEAFNYMDKF,0,0.5393979999999999,0.8614336683985091
9367,RNKTQEEHLKEIMKHIVKIE,0,0.088267,0.7874079011819033
9368,SEGFIHEFGHAVDDYAGYLL,0,0.85125,0.8269768278640086
9369,SKKFIDIFKEEGSNLTSYGR,0,0.8718739999999999,0.6594763650668729
9370,TSYVKVLHHMVKISGGPHIS,0,0.508358,0.7620585194734876
9371,VATLSEALRIIAGTLEVHAV,0,0.6691020000000001,0.9210448903228906
9372,VENTEKALNVYYEIGKILSR,0,1.0,0.8988939130899025
9373,VHFQPLPPAVVKLSDALIAT,0,0.777946,0.8779966988207558
9374,WGAIWRIDTPDKLTGPFTVR,0,0.49916800000000006,0.6008059494917249
9375,YIITPTNVSHIQSAVVSGRR,0,0.802066,0.8258726840217532
9376,YYEIGKILSRDILSKINQPY,0,0.6086699999999999,0.9151611747612703
9377,CPKYVRSAKLRMVTGLRNIPS,0,0.0,0.958167195779104
9378,IPLSEMVVKLTAVCMKCFKEA,0,0.688783,0.735114260716362
9379,LENGKLILQRNIGLEIKDVQI,0,1.0,0.7812738229911631
9380,NTSTREYLKLIGITAIMFATY,0,0.7102069999999999,0.941462209065198
9381,RLVSRNYQMLLALVALVITLT,0,0.399966,0.8254424090426271
9382,STRLRMVTGLRNVPSIQSKGL,0,0.543277,0.8588314724129532
9383,VLVMLVLLILAYRRRWRRLTV,0,0.493461,0.4335980555650608
9384,AAILRRHIDLLVGSATLCSALY,0,0.0,0.7296988329871208
9385,WARMILMTHFFSVLIARDQLEQ,0,0.0,0.9364259268539059
9386,KNLYEKVKSQLKNNAKEEIGNGC,0,0.0,0.6331667338079352
9387,AARVTQILSSLTITQLLKRLHQWI,0,0.0,0.7677853073960005
9388,KRHRKVLRDNIQGITKPAIRRLAR,0,0.46601000000000004,0.689792133362699
9389,LPKPPKPVSKMRMATPLLMGALPM,0,0.957657,0.7067695656115224
9390,LPKPPKPVSKMRMATPLLMQALPM,0,1.0,0.7514109356268732
9391,PQCRLTPLSRLPFGMAPGPGPQPG,0,0.644157,0.6886469650958953
9392,TYTEHAKRKTVTAMDVVYALKRQG,0,0.599739,0.5810846911835934
9393,YLPKPPKPVSKLRLATPLLLQALPL,0,1.0,0.7275349830473525
9394,KTSLYNLRRGTALAIPQCRLTPLSRL,0,1.0,0.8673986919609883
9395,IGLEIKDVQIIKQSEKEYIRIDAKVVP,0,1.0,0.933082301378372
9396,ITQFILEHRAKGSCKYALPLRIPPSACLSPQ,0,0.631325,0.9254705140224269
9397,EDNLGFLMHAPAFETAGTYLRLVKINDWTEITQF,0,0.659061,0.9981257401435074
9398,RQDILDLWIYHTQG,2,0.0,0.30983689047214474
9399,IPVGEIYKRWIILGL,2,0.361562,0.13622454011585144
9400,KRWIIVGLNKIVRMY,2,0.574375,0.49821607305331866
9401,LIHSQRRQDILDLWI,2,0.0,0.3956184031313081
9402,ELYKYKVVKIEPLGVA,2,0.361562,0.2388942724794944
9403,IPMFSALSEGATPQDL,2,0.0,0.11650155207608694
9404,NPPIPVGEIYKRWIIL,2,0.29749899999999996,0.10443422867642303
9405,FRDYVDRFYKTLRAEQAS,2,0.233436,0.3338449712573103
9406,LNKIVRMYSPTSILDIRQ,2,0.361562,0.1560862122617203
9407,KTLRAEQASQEVKNWMTET,2,0.0,0.22496831286516691
9408,EIYKRWIILG,3,0.003743,0.018665574173057073
9409,SWGAIWRIDT,3,0.517648,0.02938774450361668
9410,WGAIWRIDTP,3,0.296804,0.11835633096165378
9411,LLVSGWNSITV,3,0.229789,0.06393421085042855
9412,AAAAAVAAEAY,3,0.0,0.03312569712281449
9413,ESWGAIWRIDT,3,0.478071,0.052646839128891496
9414,MSSGSFINISV,3,0.0,0.08528138254898829
9415,SWGAIWRIDTP,3,0.22983299999999998,0.17779057025370334
9416,AALLVVAVGLRV,3,0.204294,0.22657156475798595
9417,ALLVVAVGLRVV,3,0.29727800000000004,0.28824900779923474
9418,AVGLRVVCAKYA,3,0.21411,0.2902995530743313
9419,DPEDSALLEDPA,3,0.08394299999999999,0.1054143721416081
9420,EDPEDSALLEDP,3,0.0,0.059506931150218635
9421,EDSALLEDPAGT,3,0.012325,0.170506975325507
9422,ELVPEDPEDSAL,3,0.0,0.11001359168890315
9423,ESWGAIWRIDTP,3,0.21761399999999997,0.31372788315749844
9424,FSQPEQEFPQPQ,3,0.0,0.045466304759687895
9425,GLRVVCAKYALA,3,0.315977,0.2291634217732361
9426,GVTYEIDLTNKN,3,0.0,0.27430029830144215
9427,KCIEWEKAQHGA,3,0.454712,0.43465007907346487
9428,KESWGAIWRIDT,3,0.29906,0.1080705715233002
9429,LLVVAVGLRVVC,3,0.206683,0.34045657825310616
9430,LVPEDPEDSALL,3,0.0,0.10902462777257997
9431,LVVAVGLRVVCA,3,0.0,0.27255338203460283
9432,NANPNANPNANP,3,0.0,0.005193581155640956
9433,NKIVRMYSPISI,3,0.156651,0.10925776260751992
9434,NPGLIIGALAGS,3,0.012947,0.07665751398869379
9435,PEDPEDSALLED,3,0.0,0.05700254391830576
9436,PEDSALLEDPAG,3,0.00385,0.10362604987114421
9437,PELVPEDPEDSA,3,0.063229,0.11504233319588626
9438,PGLIIGALAGST,3,0.0,0.10366668945344214
9439,VAVGLRVVCAKY,3,0.075558,0.3449922240580639
9440,VGLRVVCAKYAL,3,0.174854,0.2932252142004467
9441,VPEDPEDSALLE,3,0.0,0.1021706685839322
9442,VVAVGLRVVCAK,3,0.13639,0.3276720140256341
9443,QTEKLVAGKSQIQ,3,0.019704,0.0946032029930883
9444,AGWLADRSVRYPI,3,0.715762,0.45542737370406267
9445,AVFEAALTKAITA,3,0.0,0.16596320851613025
9446,DKFKIFEAAFSES,3,0.0,0.14473743031005173
9447,DMTPADALDDFDL,3,0.0,0.1522936682031445
9448,DPIELNATLSAVA,3,0.435363,0.14458040687797324
9449,EEYVEIRQVGDFH,3,0.0,0.1756987565165231
9450,FHYRAISTRYTLD,3,0.15415299999999998,0.33155783861390875
9451,IIVILSPLLNAQN,3,1.0,0.1622279003295073
9452,KESWGAIWRIDTP,3,0.133206,0.3674084470137355
9453,KPLLIIAEDVEGE,3,0.382186,0.3508259663090524
9454,LKESWGAIWRIDT,3,0.161673,0.12658105374276554
9455,PRFLEQVKHECHF,3,0.10782,0.1243385412070702
9456,RFYKTLRAEQASQ,3,0.087991,0.2660783488818472
9457,SPEVIPMFSALSE,3,0.272619,0.1608194390236215
9458,VILLNYVLKSLTR,3,1.0,0.47182086263553485
9459,VKYAVFEAALTKA,3,0.084687,0.20408760270103868
9460,ALKESWGAIWRIDT,3,0.22482399999999997,0.11516750092409708
9461,EAMSQANSAILMQR,3,0.0,0.2598430754387773
9462,EYRSTVNPWASQLG,3,0.0,0.042165044270959566
9463,IEKFEKEAAEMGKG,3,0.081552,0.08236876909678496
9464,KPLLIIAEDVEGEY,3,0.6115470000000001,0.30951278288865436
9465,LKESWGAIWRIDTP,3,0.061702,0.35901695323900623
9466,MLFRILSLNLIKIK,3,0.145673,0.2593403737460931
9467,NTSYRLISCNTSVI,3,0.11758199999999999,0.19812906347804163
9468,RETQISKTNTQTYR,3,0.5974520000000001,0.14732981084530974
9469,SDQPDLSNFMESGE,3,0.0,0.29058656557898194
9470,TDRESLRNLRGYYN,3,0.0,0.3105538753054829
9471,TKVLLQYTGHITWT,3,0.0,0.11281177007996852
9472,VEDHRQVVEVTVGL,3,0.0,0.2191655290842565
9473,VLAGWLFHVRGARR,3,0.111123,0.3264922076618811
9474,YARFQRQTTLKAAA,3,0.0,0.43173954201314974
9475,AEMETESWIVDRQWA,3,0.269421,0.6621790167106147
9476,AEMVIHHQHVQDCDE,3,0.436604,0.3036398338839285
9477,AGWLFHVRGARRSGD,3,0.9359370000000001,0.5818203572224896
9478,AMTDTTPFGQQRVFK,3,0.452956,0.13429908478105018
9479,ATPPGTSDEFPHSNG,3,0.176716,0.12418040986774899
9480,CEHLEDGIYGIFQST,3,0.40679299999999996,0.49651356232495636
9481,CGSYVTKTSGSAASM,3,0.41698500000000005,0.3514137743913859
9482,CTDKMFFVKNPTDTG,3,0.342354,0.3801597866326133
9483,DCRTAFKPVLVDEGR,3,0.43454499999999996,0.7259658481275447
9484,DGGGFYADDTAGWDT,3,0.629629,0.25439524230769245
9485,DLDDEQEILNYMSPH,3,0.0,0.4672918786860415
9486,DQGCSSALGSGPYGA,3,0.0,0.04602428490253195
9487,DQRGSGQVVTYALNT,3,0.258195,0.28072542522317323
9488,EEPDDIDCWCYGVEN,3,0.16603800000000002,0.3210667309397516
9489,EERVERIKSEYMTSW,3,0.501084,0.4097923461884649
9490,EHEILNDSGETVKCR,3,0.640305,0.514539770138212
9491,EQEILNYMSPHHKKL,3,0.591596,0.3994946793557998
9492,ERIKSEYMTSWFYDN,3,0.5190279999999999,0.5292960820541281
9493,ERKLHQQGRCRTCVY,3,0.614189,0.45772407565234613
9494,FEALGFLNEDHWASR,3,0.451722,0.46708435829780065
9495,FHVRGARRSGDVLWD,3,0.483608,0.47923887457945197
9496,FTQTMKGVERLAVMG,3,0.85125,0.6507146278383423
9497,FYADDTAGWDTRITE,3,0.49699399999999994,0.42686441076167414
9498,GAAMVEIALGGVMGG,3,0.561458,0.15015224686149836
9499,GAMLVGQVTLLDLLK,3,0.6247199999999999,0.5169350307852266
9500,GCSSALGSGPYGALG,3,0.0,0.06321392423373075
9501,GDSYYYSEPTSENNA,3,0.0,0.12288738931009476
9502,GETVKCRAPGGAKKP,3,0.0,0.19627616725855593
9503,GGVFHTMWHVTRGAF,3,0.559077,0.17452416556081243
9504,GKCDSAGRSRRSRRA,3,0.47345600000000004,0.3790274175195202
9505,GKEFIRCLALPFRGY,3,0.5949979999999999,0.5333858470287769
9506,GKGEWMTTEDMLEVW,3,0.0,0.49989702081737064
9507,GKNLVFSPGRKNGSF,3,0.453454,0.3178928699783688
9508,GKTFSVGTGNCTTNI,3,0.0,0.07506410116585877
9509,GLALSHLNAMSKVRK,3,0.640305,0.8243210861144359
9510,GLCAFLATRIFGRRS,3,0.762939,0.6777351725746735
9511,GLFGGLNWITKVIMG,3,0.0,0.43873538067978696
9512,GLRTLWSPRERLVLT,3,0.820152,0.7229294135060572
9513,GPLDKEAIEERVERI,3,0.567262,0.29607656152371525
9514,GPLIEGNTSLLWNGP,3,0.620059,0.2181570984261707
9515,GPLRISASSAAQRRG,3,0.8984629999999999,0.42490635198416427
9516,GRTTWSIHGKGEWMT,3,0.0,0.07031871131183862
9517,GRWDGEEEVQLIAAV,3,0.277954,0.26183021482495356
9518,GSRAIWYMWLGARYL,3,0.7102069999999999,0.16375431949643746
9519,GTSDEFPHSNGEIED,3,0.0,0.10821066926915608
9520,HGVAKNPVVDGNPTV,3,0.229523,0.1368721883656396
9521,HTMWHVTRGAFLVRN,3,0.85125,0.43013903980620183
9522,HVTRGAFLVRNGKKL,3,0.45196800000000004,0.4365844682665546
9523,IGKLFTQTMKGVERL,3,0.642211,0.3740693204136821
9524,IHHQHVQDCDESVLT,3,0.374859,0.6382087701342315
9525,IHLVIHRIRTLIGQE,3,0.650253,0.7788502207633331
9526,IHRIRTLIGQEKYTD,3,0.592716,0.36098789713820745
9527,INKGILVTVNPIAST,3,0.6384380000000001,0.4966879371054092
9528,ISGSSARYDVALSEQ,3,0.6247199999999999,0.4155740117273677
9529,ISRRDQRGSGQVVTY,3,0.353006,0.3883170213092701
9530,KEAIEERVERIKSEY,3,0.45912,0.37067406781835166
9531,KEFIRCLALPFRGYL,3,0.702501,0.632158326412078
9532,KGIHTVFGSAFQGLF,3,0.235092,0.12392793334252512
9533,KKGMTTVLDFHPGAG,3,0.695388,0.4931648533588177
9534,KNPTDTGHGTVVMQV,3,0.24957800000000002,0.2100294392437397
9535,KNPVVDGNPTVDIEE,3,0.31290100000000004,0.2601439122293916
9536,KRVPMALQHFGWEVM,3,0.385959,0.2274609462131006
9537,KTKNKTNWKQTWTFK,3,0.0,0.0683555157676292
9538,KYSYYPEDPVKLASI,3,0.35609,0.6457845300179393
9539,LAEGIVLASAALGPL,3,0.599739,0.2736157664415219
9540,LDKRQFELYKRTDIV,3,0.255281,0.46748592131588484
9541,LGLTQPFLGLCAFLA,3,0.0,0.12177392558490903
9542,LLVLAGWLFHVRGAR,3,0.0,0.1583661054920854
9543,LNDSGETVKCRAPGG,3,0.194525,0.43883111045804596
9544,LNYMSPHHKKLAQAV,3,0.409083,0.6385035734676682
9545,LPQILAECARRRLRT,3,0.8718739999999999,0.7736088797359869
9546,LQEIPTMLKKGMTTV,3,0.403389,0.4735756430665342
9547,LQYGWKTWGKNLVFS,3,0.47253,0.2065394339315214
9548,LRLGKEFIRCLALPF,3,0.518018,0.5581272797960952
9549,LRTLVLAPTRVVLSE,3,0.8718739999999999,0.6672585327469653
9550,LSEEKVPWDQVVMTS,3,0.37048200000000003,0.642519281785574
9551,LSFMDKGIPFMKMNI,3,0.542619,0.5154797923691969
9552,LTAAINKGILVTVNP,3,0.511709,0.5145977218908262
9553,LVDEERKLHQQGRCR,3,0.500251,0.22600118621103488
9554,LWSPRERLVLTLGAA,3,0.491933,0.4468980403403391
9555,MFFVKNPTDTGHGTV,3,0.35084099999999996,0.3944252218424084
9556,MIPSWASVKEDLVAY,3,0.49699399999999994,0.5957565567189123
9557,MKGVERLAVMGDTAW,3,0.5058020000000001,0.6390934933253508
9558,MLGARYLEFEALGFL,3,0.38511999999999996,0.17808435437162412
9559,MSIHGKGEWMTTEDM,3,0.203284,0.08073900413101798
9560,MVLAGWLFHVRGARR,3,0.558297,0.41598496207236885
9561,MYMWLGARYLEFEAL,3,0.438709,0.16004561740073656
9562,NKTKNKTNWKQTWTF,3,0.324768,0.05167973245871207
9563,NLWKMKTGRRGSANG,3,0.41001499999999996,0.4817815000843563
9564,NSYIAEMETESWIVD,3,0.310264,0.49284209322082406
9565,NVYQRGTHPFSRIRD,3,0.335973,0.17503279039010608
9566,PFSRIRDGLQYGWKT,3,0.348164,0.6490976626061882
9567,PSWASVKEDLVAYGG,3,0.6047359999999999,0.5672863224092742
9568,PTMLKKGMTTVLDFH,3,0.569865,0.641946047788527
9569,PTSENNAHHVCWLEA,3,0.176929,0.11153650611080128
9570,PTVDIEEAPEMPALY,3,0.326966,0.28624506553480195
9571,QRMFTREELIHFPEF,3,0.718615,0.30499558032609314
9572,RERLVLTLGAAMVEI,3,0.644157,0.33473880478494944
9573,RGTHPFSRIRDGLQY,3,0.22731300000000002,0.5775766631403118
9574,RLGKEFIRCLALPFR,3,0.626328,0.5405281719153139
9575,RMLEPTRVVNWEVII,3,0.487496,0.41909449067146853
9576,RTLIGQEKYTDYLTV,3,0.432332,0.4318212271006352
9577,RVAYGKCDSAGRSRR,3,0.364092,0.5528430243489713
9578,RYLEFEALGFLNEDH,3,0.34792399999999996,0.3640467883017769
9579,SAFQGLFGGLNWITK,3,0.357937,0.16103699984992645
9580,SARYDVALSEQGEFK,3,0.617078,0.289113600741366
9581,SDQGCSSALGSGPYG,3,0.0,0.12164128275237222
9582,SEYMTSWFYDNDNPY,3,0.40066799999999997,0.5270985316151301
9583,SGARSNVTFTVNQTS,3,0.27191,0.26027976099885836
9584,SGSAASMVNGVIKIL,3,0.42825,0.3791442180149111
9585,SHLNAMSKVRKDISE,3,0.481216,0.7935980272418023
9586,SNVTFTVNQTSRLLM,3,0.7703369999999999,0.6534230484319539
9587,SVGTGNCTTNILEAK,3,0.187884,0.07141020355334611
9588,SVKEDLVAYGGSWKL,3,0.496594,0.28405511089644764
9589,TARRHLAEGKVDTGV,3,0.263063,0.5102422558850122
9590,TESWIVDRQWAQDLT,3,0.342129,0.7667601300479115
9591,TLTYRMLEPTRVVNW,3,0.445329,0.5320293413002845
9592,TPFSLAEGIVLASAA,3,0.47222299999999995,0.4818770842513897
9593,TRRFLPQILAECARR,3,0.6279640000000001,0.26427644686520013
9594,TRVVLSEMKEAFHGL,3,0.7381449999999999,0.3782538262136703
9595,VADDLTAAINKGILV,3,0.327797,0.5348274520892694
9596,VDFGNSYIAEMETES,3,0.201992,0.21552789381374438
9597,VDGNPTVDIEEAPEM,3,0.285918,0.29953122870815463
9598,VDRDTARRHLAEGKV,3,0.355223,0.4134915548044545
9599,VEIALGGVMGGLWKY,3,0.470405,0.280341734240476
9600,VLAPTRVVLSEMKEA,3,0.614189,0.5159774906432696
9601,VLAPYMPDVLEKLEL,3,0.426928,0.3512819809752874
9602,VLEKLELLQRRFGGT,3,0.787187,0.4214490164424263
9603,VPTSWVPQGRTTWSI,3,0.289959,0.10877293027519772
9604,VTRMAMTDTTPFGQQ,3,0.718615,0.4617125618257379
9605,WKTWGKNLVFSPGRK,3,0.602204,0.43703755758563184
9606,WSIHGKGEWMTTEDM,3,0.198239,0.08073900413101798
9607,WVPQGRTTWSIHGKG,3,0.0,0.08117669872032139
9608,YMPDVLEKLELLQRR,3,0.40694400000000003,0.5117820076253522
9609,AAAAPAAVGAAVGGT,3,0.146029,0.010134656901838856
9610,AAAGLAAAAPLESRQ,3,0.36932,0.1359982949261849
9611,AAGAQLLWQLPLLSI,3,0.395825,0.16371794126488787
9612,AAGVAAWSLIALMIP,3,0.126744,0.3045180715237745
9613,AALPLLFFALAGQRI,3,0.6292409999999999,0.12155705015820334
9614,AAPEAARSLASSLPG,3,0.0,0.17808255745768112
9615,AAPLSWSKDIYNYME,3,0.343681,0.555754285267897
9616,AASGADGTYDITKLG,3,0.0,0.21600336405787252
9617,AAVELARALVRAVAE,3,0.82084,0.17558358453130934
9618,ADDLTAAINKGILVT,3,0.328542,0.49351030135605384
9619,ADNSLDYAANFSHML,3,0.194504,0.28738022959460324
9620,ADSVKGRFTISRDNS,3,0.30494299999999996,0.8054943132817879
9621,AELMILIATNLLGQN,3,0.36122,0.2608520539637183
9622,AFMLAWNYGVPRVMS,3,0.639968,0.3286656902517418
9623,AFQGLFGGLNWITKV,3,0.0,0.2647578798921736
9624,AGALEVHAVKPVTEE,3,0.039885000000000004,0.10630225910155851
9625,AGAWRTAAVELARAL,3,0.23733,0.17848076411002928
9626,AGILARNLVPMVATV,3,0.720246,0.6002077829567273
9627,AGLLGNVSTVLLGGV,3,0.0,0.2850606158562372
9628,AGLTHMMIWHSNLND,3,0.155034,0.4721063164420407
9629,AGRFEVHAQTVEDEA,3,0.117448,0.21756333407995992
9630,AGWDTVLQSITTILA,3,0.085063,0.43733175287423737
9631,AGYLVGRKPLAFFSW,3,0.701711,0.33072132686135064
9632,AHARSYQTLSTQAAA,3,0.0,0.15956515450493564
9633,AHWTEARIMLDNINM,3,0.152911,0.6365009629788148
9634,AIAGAWENGVCGIRS,3,0.0,0.1317616345979705
9635,AIGIITLYLGAVVQA,3,0.0,0.20647279589506776
9636,AINIFNVEKYGAVGD,3,0.12014000000000001,0.3139495418974617
9637,AKNSTFLIDGPDTSE,3,0.57644,0.7436462342858161
9638,AKPDGKTDCTKEVEE,3,0.344922,0.10197138104637153
9639,ALFSGVSWVMKIGIG,3,0.035774,0.22968039852675973
9640,ALIFEIKFKYKYLRD,3,0.6903,0.38293471348505154
9641,ALKESWGAIWRIDTP,3,0.138373,0.5910858577551035
9642,ALLPRAGAAAAAALP,3,0.0,0.047434175665777345
9643,ALQSHDDVALVSVMW,3,0.502771,0.49031432915474066
9644,ALRVIAGALEVHAVK,3,0.292531,0.4886018434090564
9645,ALSDPYLSFAAALNG,3,0.129363,0.18360431350425344
9646,ALTKAITAMSEVQKV,3,0.168854,0.4751208948203409
9647,AMFVEDIAMGYVVSS,3,0.741325,0.6137559804123123
9648,ANQFNKAISQIQESL,3,0.246265,0.3450848744049392
9649,APGAAAAPLSWSKDI,3,0.022538,0.21316518658520558
9650,APNGGFRRIPRGALH,3,0.184873,0.3550475565323726
9651,APSVVPNTTLGMHCG,3,0.337005,0.18713431487994503
9652,APYMVGDVITSGDIT,3,0.5604,0.8367615940693328
9653,AQAVYDFRSIVDYLR,3,0.436158,0.798073047747266
9654,AQIYQAVSAQAAAIH,3,0.32114899999999996,0.11295783181756203
9655,AQNILTAIQQVRSLI,3,0.764159,0.7298845644695613
9656,ARGYISTRVGMGEAA,3,0.17795,0.2296604470514185
9657,ARNLVPMVATVQGQN,3,0.0,0.398245649676302
9658,ARNSTFLIDGPDTSE,3,0.515497,0.7436462342858161
9659,ARVYEIKCRYKYLRK,3,0.365222,0.47766308254151424
9660,ASAAILGHDGTVWAQ,3,0.353719,0.37148595870693335
9661,ASIAARGYISTRVGM,3,0.13131099999999998,0.287667250898383
9662,ASLIYRRRLMKQDFS,3,0.06561900000000001,0.7910298017579207
9663,ASNPNYLAILVKYVD,3,0.30104000000000003,0.441187343452249
9664,ASPLTGIADASQSSM,3,0.077915,0.8055079813269165
9665,ASVGKMIDGIGRFYI,3,0.16605,0.7662880821882211
9666,ATPPPPPPPQLGASP,3,0.0,0.004087053082734185
9667,ATSPTAEGGKATTEE,3,0.0,0.015072204044310786
9668,ATTANVPPADKYKTF,3,0.0,0.08211522948485322
9669,AVFEAALTKAITAMS,3,0.143092,0.30902116673860053
9670,AVFEAALTKAITAMT,3,0.0,0.40933001704938476
9671,AVGLFIRLLGGESDA,3,0.18807100000000002,0.5050793475351932
9672,AVHVWLRLPAGRVEI,3,0.23850700000000002,0.5318326011102966
9673,AVIRGKKGAGGITIK,3,0.0,0.13570478453638432
9674,AVMLTFDNAGMWNVR,3,0.385743,0.6218172307567673
9675,AWASACGGTGKNTIV,3,0.0,0.02996383825419815
9676,AWMSAAATQAEQAAT,3,0.155218,0.0407763916981559
9677,AYGSFVRTVSLPVGA,3,0.24828699999999998,0.40945680504409243
9678,AYSDDKSMKVTVAFN,3,0.14718599999999998,0.562680353814036
9679,AYTSSDDQISLFDQS,3,0.452063,0.4934242091587263
9680,AYVATVSEALRIIAG,3,0.182701,0.46139647265632405
9681,CADILAIASRVLVTM,3,0.283138,0.7188024201531291
9682,CDASILIDPLSNQSA,3,0.6573260000000001,0.7346929954986934
9683,CDGERPTLAFLQDVM,3,0.0,0.40379248646670796
9684,CGGTGKNTIVIPKGD,3,0.0,0.1834313994886307
9685,CGYKDVDKPPFDGMT,3,0.0,0.2709615762459203
9686,CIEYVTLNASQYANC,3,0.346003,0.2772585322576294
9687,CMTVQGGETMNSVIQ,3,0.295055,0.12592655430248023
9688,CPLDHVNTLHFLTRG,3,0.404416,0.47110385441922725
9689,CQFLKVEKSQLLNEF,3,0.5629,0.39561539280773905
9690,CRSCTLPPLRYMGED,3,0.409062,0.3074004242919488
9691,CTGMLKRRLGLMSLS,3,0.47042700000000004,0.7710015364562285
9692,DALTLRTATNIWIDH,3,0.355077,0.5092315189683795
9693,DAPYMVGDVITSGDI,3,0.317678,0.8245105077916931
9694,DCSEYPKPDCTAEDR,3,0.027964,0.12975118340953848
9695,DEARRMWASAQNISG,3,0.129412,0.255027476448895
9696,DEPMVQVEAGKVNHS,3,0.0,0.3582141117440897
9697,DESWQQFRQELIPLL,3,0.338922,0.3738873593680388
9698,DFGNSYIAEMETESW,3,0.119473,0.22603464913695925
9699,DGQGKAVWGKNSCAK,3,0.0,0.10368833561759076
9700,DHTNFKYNYSVIEGG,3,0.224068,0.22722210035524276
9701,DIDLGRNEVVNDVST,3,0.45638500000000004,0.606225148243058
9702,DIFTNSRGKRASKGN,3,0.24848699999999999,0.6892272063759581
9703,DIKVQFQSGGNNSPA,3,0.033195999999999996,0.3955617566996699
9704,DINASFRAAMATTAN,3,0.286697,0.5601168922364252
9705,DITVKNCVLKKSTNG,3,0.166229,0.35272924590359217
9706,DKKCIEWEKAQHGAC,3,0.366032,0.12257664382152265
9707,DKLTGPFTVRYTTEG,3,0.0,0.4805764700770888
9708,DKPFQNVNRITYGAC,3,0.11986199999999998,0.12139145966118815
9709,DKVYEILKINSVKYY,3,0.465355,0.5618997494958899
9710,DLTILGLAAEWVLAY,3,0.352786,0.5082242036754578
9711,DLVANQPNLKALREK,3,0.450146,0.15781245504530234
9712,DMDKVETFLRIVQCR,3,0.216336,0.8334918861006739
9713,DMLKLFEFNKKAIET,3,0.29135700000000003,0.4896589468727602
9714,DNLFPKVAPQAISSV,3,0.0,0.40932337017618164
9715,DRTELLEMVCFHEFL,3,0.153327,0.41444884832546863
9716,DTFRKDFRVYDNFLR,3,0.38405300000000003,0.5997493872624434
9717,DTFRKLFRRYSNFLR,3,0.23074899999999998,0.7604599200706514
9718,DVDIIVDARLDLSST,3,0.200318,0.7858319283864338
9719,DVFYNGAYFVSSGKY,3,0.137195,0.24306496099508007
9720,DVLSQPMLPHTWDGS,3,0.228868,0.21325521727019758
9721,EAAFNKAIKESTGGA,3,0.080368,0.3129447205581625
9722,EAVLEDPYILLVSSK,3,0.429591,0.5304950243434873
9723,EAYRMRFAAVITRVI,3,0.518605,0.5374791519772383
9724,EDPLFQLVSKLYEVV,3,0.27154,0.43621994209657455
9725,EEDIEIIPPIQEEEY,3,0.0,0.039442136769346374
9726,EEFVSLASRFLVEED,3,0.6454880000000001,0.4979362592891971
9727,EEIITLNSYGSFQEF,3,0.47602700000000003,0.20947374725410925
9728,EFIPMKSSWGAIWRI,3,0.069849,0.2128927552233367
9729,EFVTLAAKFIIEEDS,3,0.363052,0.7211663785633541
9730,EGHHLASAAIFGHDG,3,0.081803,0.2279433578096676
9731,EGHHLASAAILGHDG,3,0.128158,0.3407622340426387
9732,EGKVVQYENLKYTVI,3,0.395565,0.38743648222512633
9733,EHELYVAVLSNALHR,3,0.354664,0.4068226004335968
9734,EIESCRKNSCECNFE,3,0.116031,0.20617311220043835
9735,EITGIMKDFDEPGHL,3,0.38571700000000003,0.4077673357735606
9736,EKMFVSPTPGQRNPY,3,0.423133,0.1186227087916914
9737,ELAAVSVDCSEYPKP,3,0.230473,0.39158720176592243
9738,ELIMKDGRVLVVPCR,3,0.6534989999999999,0.9295944623242145
9739,ELKESWGAIWRIDTP,3,0.169517,0.5910858577551035
9740,ELLDQSDVKEPGVSR,3,0.213373,0.4048076275107469
9741,ELYKYKVVKIEPLGV,3,0.248299,0.25946967659242787
9742,EMETESWIVDRQWAQ,3,0.078547,0.7048763909827279
9743,EPAYFATAESVRDHL,3,0.082865,0.6494127697790744
9744,EQCGRQAGGKLCPNN,3,0.016019,0.08731125545049355
9745,EQFLGALDLAKKRVH,3,0.16083599999999998,0.6401573152502945
9746,ERRNKYLEEHPSAGK,3,0.040276,0.36620514191088027
9747,ESLHNPYPDYHWLRT,3,0.33503299999999997,0.12132211911953705
9748,ESSFVMMSAPPAEYK,3,0.346317,0.29313169927408483
9749,ESTGGAYDTYKSIPS,3,0.344977,0.16010326595589802
9750,ESWGAIWRIDTPEVL,3,0.694695,0.7098167284018942
9751,ESWGAVWRIDTPDKL,3,0.375234,0.6682883560693448
9752,ESWIVDRQWAQDLTL,3,0.218077,0.7725534734720156
9753,ETLYRIDGAHLTKMS,3,0.567962,0.5635862548155143
9754,ETTILDVDLRPASAW,3,0.818425,0.877452900307641
9755,EVFCQTIKLDSEEYH,3,0.360158,0.3426447756398437
9756,EVLGFRMVQDERVGR,3,0.510234,0.604373776648215
9757,EVVKANGGYLAAGKL,3,0.608784,0.09800664263152231
9758,EVYEARLTKFKYLAG,3,0.216121,0.34528598526765153
9759,EYIEAAKWLLPPPKV,3,0.308705,0.19582391722654804
9760,FARIETAFANLYPGE,3,0.10613399999999999,0.2233174820353909
9761,FAVATITHAAELQRV,3,0.707861,0.19994426786901642
9762,FDELELDPPEIEPGV,3,0.12834500000000001,0.144416900104154
9763,FDHEFTFGWDELLSK,3,0.26845399999999997,0.4139348351701209
9764,FDPYGATISATPESA,3,0.045166000000000005,0.13946667377441352
9765,FDREFTFGWDELLSK,3,0.312711,0.3446436550580948
9766,FEAAFNDAIKASTGG,3,0.344654,0.6523583971409422
9767,FEFNKKAIETLNDNT,3,0.135573,0.2674306747432582
9768,FEQITFMQALQLLLE,3,0.221509,0.3355384857829973
9769,FFVKNPTDTGHGTVV,3,0.534076,0.3571084758501635
9770,FGPASFARIETAFAN,3,0.0,0.38065589677525974
9771,FGTMPSLTLACLTKQ,3,0.20690300000000003,0.2721144429771469
9772,FIMAYVNQAHHIDLM,3,0.382257,0.7378024504246427
9773,FIVFLLLAGRSCSYK,3,0.845123,0.47101512847848515
9774,FLAVAVVLGLATSPT,3,0.092939,0.2046686970868073
9775,FLFQRAVAREAIIAL,3,0.27487,0.29760438163957836
9776,FLLMYEMHRESLLKS,3,0.40222800000000003,0.5961229426955108
9777,FNSLISIAQHLVSDR,3,0.569469,0.6948631063739471
9778,FPPNGTHSWEYWGAQ,3,0.0,0.051617144113845305
9779,FQTMPGTFQTTTGEI,3,0.10295399999999999,0.1350614981301494
9780,FQTVGSGLDHILSLA,3,0.22198400000000001,0.4673901596957831
9781,FRKYTAFTIPSINNE,3,0.0,0.45529729722394713
9782,FTSLEYIEAAKWLLP,3,0.46844600000000003,0.2595642438524061
9783,FVMMSAPPAEYKLQQ,3,0.39971,0.19595590914389333
9784,FVNQHLCGSHLVEAL,3,0.0,0.21286881305271255
9785,FVRIQPGQTFSVLAC,3,0.285317,0.2986706778498995
9786,FVVTGRVYCDPCRAG,3,0.31221,0.40878621914610885
9787,FWYVNHTGFNVHSLP,3,0.061796000000000004,0.16729975197710817
9788,GARYLEFEALGFLNE,3,0.40468000000000004,0.1649559365922728
9789,GAVDIINKWQVVAPQ,3,0.12632000000000002,0.6250643551566958
9790,GAYFVSSGKYEGGNI,3,0.186159,0.10665608194447887
9791,GDILAQAVNHAGIDS,3,0.557524,0.6815095165610352
9792,GEGIPLYDAIKCMRT,3,0.32868800000000004,0.5180828968363156
9793,GEIYKRWIILGLNKI,3,0.0,0.349086857012291
9794,GELEFEEFVSLASRF,3,0.172579,0.43434066896495466
9795,GENGRKTRSAYERMC,3,0.0,0.2971131429925593
9796,GEVEIQFRRVKCKYP,3,0.227127,0.5046644472438547
9797,GEVLNALAYDVPIPG,3,0.48058,0.5612571065180616
9798,GFTRRFKFLLNISYL,3,0.050242,0.5719092312046968
9799,GGACGYKDVDKPPFS,3,0.088838,0.22411675109555984
9800,GGGFGMLLRKYGIAA,3,0.0,0.34048203370158264
9801,GGSILKISNKFHTKG,3,0.680709,0.5137411487920772
9802,GGSILKISNKYHTKG,3,0.50976,0.5006311275578773
9803,GHLKCRLKMDKLELK,3,0.6377010000000001,0.6328411646631632
9804,GHMLDMYSVMLTNDN,3,0.287342,0.640188920200434
9805,GIHTVFGSAFQGLFG,3,0.0,0.08269331924016635
9806,GIKVGYTAHIRKATE,3,0.255714,0.3392464726422696
9807,GIRHLFGNYITNDSY,3,0.616881,0.6124544795095253
9808,GKGTLDGQGKAVWGK,3,0.161868,0.11304872479783856
9809,GKIDFLNNYALFLSP,3,0.211157,0.5864751708746737
9810,GKIVHISPLSGSAQH,3,0.299485,0.2594081089535473
9811,GKLFTQTMKGVERLA,3,0.327462,0.3366324423387702
9812,GKLIHEWCCRSCTLP,3,0.37759699999999996,0.129454601140347
9813,GKQAANVEATSYALL,3,0.264023,0.14941384292070145
9814,GKQLYNVEATSYALL,3,0.280803,0.424078376466043
9815,GKSSFCDICGEELPT,3,0.158216,0.3803008293351549
9816,GKTVWFVPSIKAGND,3,0.438388,0.5723939386921038
9817,GLAYKFVVPGAATPY,3,0.0,0.15674883531418657
9818,GLEWNDNTVRVSETL,3,0.367962,0.5237019572856206
9819,GLSGEPKGGAESSSK,3,0.10693599999999999,0.030200429696955137
9820,GLTHMMIWHSNLNDT,3,0.05168,0.530695515945965
9821,GLVPKLDAAYSVAYK,3,0.545309,0.3953866440923288
9822,GMTGMLWETSLLDPE,3,0.041891000000000005,0.5103598663641243
9823,GNIVAVDIKPKDSDE,3,0.6076779999999999,0.6366852020166164
9824,GNLVMSPLFISTFTL,3,0.0,0.4328426621579676
9825,GNQAANVEATSYALL,3,0.344097,0.13879275311569828
9826,GNSVMSPLFISTFTL,3,0.0,0.4545133193405426
9827,GPPVEASAAALAGDA,3,0.102753,0.032456641913064736
9828,GRKRPIVRILRRVHH,3,0.419548,0.7218625993263955
9829,GRKTRSAYERMCNIL,3,0.0,0.34387187854057816
9830,GSILKISNKYHTKGD,3,0.290215,0.4903693845760044
9831,GTGVLTPSSKRFQPF,3,0.259337,0.44318324855000313
9832,GTKGEAKDVIPEGWK,3,0.0,0.20443881156808433
9833,GVLKNEFMSLAFDYW,3,0.196889,0.33217102674764964
9834,GWIISNIFGAIPVLA,3,0.251132,0.34996684156207936
9835,GWIISNIFGAIPVLG,3,0.167601,0.2998619260185106
9836,GYKDWILWISFAISC,3,0.068079,0.44846924550323103
9837,HATMLDVDLRPASAW,3,0.797564,0.867274901417658
9838,HAYYLQYKNVRPDYL,3,0.21915,0.4566663526269554
9839,HDYEGLSYRSLQPET,3,0.0,0.19611497656326457
9840,HEWCCRSCTLPPLRY,3,0.166676,0.1533417139978957
9841,HFHELVMKDGRVLVV,3,0.0,0.9011175279131656
9842,HFSNVFRSVMAPFTM,3,0.123024,0.46131436273190723
9843,HGRQIRMAKLLGRDP,3,0.41279399999999994,0.6386495934947186
9844,HHFHELVMKDGRMLV,3,0.696314,0.8143009513311396
9845,HHHATMLDVDLRPAS,3,0.648062,0.7079420065301578
9846,HMAKEDLVANQPNLK,3,0.20150099999999999,0.4691445595261091
9847,HSLLRTQRLHKFLVC,3,0.191046,0.5958147791568641
9848,HSRNLINELSERMAG,3,0.382063,0.3940138651932128
9849,HTLWSNGVLESDMII,3,0.525179,0.7669836663620581
9850,HTQTAGPWHLGKLEL,3,0.386752,0.09270101181639229
9851,IAAMMTSPLSVASMT,3,0.286302,0.5904537488100506
9852,IAIAFLSVSNNYEYI,3,0.183304,0.554443292243078
9853,IALKESWGAIWRIDT,3,0.201188,0.21076871319029142
9854,IAPIMFSNKMARLGK,3,0.636608,0.6486742533891734
9855,IASLFAAAGLAAAAP,3,0.041019,0.1806863726370802
9856,IDLDPVVYDAKFEKQ,3,0.665523,0.6044114326339333
9857,IDQVTIAGAKLRSLN,3,0.84203,0.6895088591344065
9858,IEFRFYKEITNVFRG,3,0.42276400000000003,0.5268014596902422
9859,IGGWLLLEPWISPSV,3,0.0,0.2880519372461772
9860,IGPEAAEAAAAAPAA,3,0.026441000000000003,0.014103694481999256
9861,IGRIAETILGYNPSA,3,0.312936,0.40322457902679526
9862,IHKASTVLAFPAGVC,3,0.27515300000000004,0.2949176007271236
9863,IIELFTAKGFTVQEM,3,0.152884,0.1924796269083713
9864,IISIVQMAPVSAMVR,3,0.736213,0.5060177608743837
9865,IISTFHLSIPNFNQY,3,0.39523600000000003,0.28728853915266006
9866,IITPTNVSHIQSAVV,3,0.109599,0.3397116491332031
9867,IKDVLKYRWLNLSAN,3,0.387491,0.7208315078956377
9868,ILDLCYQLSMRIANQ,3,0.574407,0.6129614353827693
9869,ILKGLYNFATCGLIG,3,0.184602,0.3949150344379419
9870,ILKGVINIWGSGLLQ,3,0.14867,0.3049390534760309
9871,ILSITISEDGSMSIK,3,0.654273,0.7119545938799886
9872,IMLLILCTSQILLMR,3,0.235523,0.5939069225899085
9873,IMRIKKLTITGKGTL,3,0.19483699999999998,0.4774295440521453
9874,INLIIHYVDRPGALG,3,0.184108,0.5890603954867487
9875,IPKGDFLTGPLNFTG,3,0.0,0.5555464998331427
9876,IPSIIHEALNIALIA,3,0.5143220000000001,0.22844403698154822
9877,IPVMAYLVGLFAWVL,3,0.0,0.4280915344792745
9878,ISATPEWATPFPHRK,3,0.022668999999999998,0.050801641853219795
9879,ISDFRAAIANYHYDA,3,0.42132299999999995,0.722621919958871
9880,ISGLKPGVDYTITVY,3,0.31428,0.3369327617024591
9881,ISIVQMAPVSAMVRM,3,0.748513,0.5131011222844176
9882,ISSYKLDLTILGLAA,3,0.756758,0.6638798379171882
9883,ITAMSEVQKVSQPAT,3,0.051651,0.27858744060615004
9884,ITDAVGNDMPGGYCL,3,0.586034,0.43350736899879666
9885,ITFMQALQLLLEVEQ,3,0.27647,0.1637842611981602
9886,IVLNHMTGAQSGKGT,3,0.11186099999999999,0.23089765094142017
9887,IVQMAPVSAMVRMYI,3,0.554558,0.7509847074099298
9888,IVQNAYKQMIKSRTL,3,0.23413899999999999,0.6636555269261447
9889,IYEPEDLGNCLNKSD,3,0.255146,0.4012815538493885
9890,IYWTIVKPGDILLIN,3,0.328746,0.6933515668185575
9891,KAIKESTGGAYDTYK,3,0.093038,0.07951988201507865
9892,KASNPNYLAILVKYV,3,0.116157,0.2539487531942724
9893,KCKYPEGTKVTFHVE,3,0.049456,0.0932014176890957
9894,KDKWIELKESWGAIW,3,0.0,0.20762876817051812
9895,KESWGAIWRIDTPEV,3,0.36398600000000003,0.6990829568480381
9896,KEVEEAWASACGGTG,3,0.0,0.04872010704532984
9897,KEYTFPITLSSTSNP,3,0.0,0.28487164599083203
9898,KFFYLLGLSAIMQVF,3,0.143348,0.3585628504042556
9899,KFTQFAGKDLESIKG,3,0.115369,0.546399659615397
9900,KFVDSTVVASVTIID,3,0.210027,0.4371338290717288
9901,KGKDKWIELKESWGA,3,0.046252,0.1483067562636687
9902,KGLHHLQIILSGKMA,3,0.508572,0.4251288271226661
9903,KGSNDHYLALLVKYA,3,0.076054,0.22410959578935846
9904,KGVERLAVMGDVAWD,3,0.351222,0.5442365267774666
9905,KHLAVLVKYEGDTMA,3,0.068085,0.6821331333605184
9906,KIEIDQDHQEEICEV,3,0.612344,0.3139114485260562
9907,KIGIGVLLTWIGLNS,3,0.0,0.3241309495306321
9908,KILEPFRKYTAFTIP,3,0.0,0.3823490049805379
9909,KKGAGGITIKKTGQA,3,0.0,0.04453378064764401
9910,KLCLMKAQPTSWPLQ,3,0.297085,0.5362302652665739
9911,KLCPNNLCCSQWGWC,3,0.057675,0.08758852898505455
9912,KLDLTILGLAAEWVL,3,0.232568,0.5569399371762732
9913,KLKIQNVIIDECYGA,3,0.345495,0.7064771973594551
9914,KLPWKNESSIKVIKQ,3,0.058052,0.3717478811931771
9915,KLTITGKGTLDGQGK,3,0.064047,0.196113774031039
9916,KLTVVVGDTIGVLEQ,3,0.676397,0.7665306383658743
9917,KMDKLELKGMSYAMC,3,0.407719,0.44522208166263266
9918,KMPMYIAGYKTFDGR,3,0.0,0.31869728737892866
9919,KNTIVIPKGDFLTGP,3,0.196135,0.5441507401617062
9920,KPPFSGMTGCGNTPI,3,0.008841,0.03692958734866637
9921,KQIANELNYILWENN,3,0.390689,0.21512617945790313
9922,KRFFLPVFSDEVLAG,3,0.780122,0.7662390023261053
9923,KRWIILGLNKIVRMY,3,0.516031,0.6117684543522938
9924,KSIIKARVVWKAIIE,3,0.142218,0.7060642899024386
9925,KSMKVTVAFNQFGPN,3,0.235315,0.3353819129092554
9926,KSRTLKSFFAWSLSD,3,0.012676999999999999,0.6107949767482722
9927,KSTNGLRIKSYEDAK,3,0.11088800000000001,0.4812270029256916
9928,KTDCTKEVEEAWASA,3,0.19075899999999998,0.1298381572751683
9929,KTETTILDVDLRPAS,3,0.599295,0.7955622359077678
9930,KTLILLETFVRVNPD,3,0.575317,0.7100701091074464
9931,KTLILLETFVRVNPE,3,0.45909700000000003,0.4684513587555385
9932,KTRRFLPQILAECAR,3,0.642266,0.4369479356324938
9933,KTVSEGAVDIINKWQ,3,0.147005,0.6680530573765086
9934,KVGEVCSFYADPKRY,3,0.571645,0.21772738811528683
9935,KVTFLSQVHPSPLLT,3,0.239878,0.24485803945383727
9936,KYDAYVATLSEALRI,3,0.218523,0.5006245331821328
9937,KYKFVRIQPGQTFSV,3,0.544583,0.3120046879997935
9938,KYKTFEAAFTVSSKR,3,0.327243,0.5420083370421026
9939,KYTVIITVHTGDQHQ,3,0.0,0.22529109484182436
9940,LAQILMDNDLAATND,3,0.752747,0.5380287978033029
9941,LDGNLLSSNDLAKYK,3,0.43057399999999996,0.5351037449583117
9942,LDMIITAVNSLISDN,3,0.24103000000000002,0.6809699538270473
9943,LEAKATFYGSNPRGA,3,0.0,0.21855111692080598
9944,LEKISNEIKIVATPD,3,0.338941,0.49968540878455026
9945,LFFNHHKVMLLGHDD,3,0.14723599999999998,0.34763495551579443
9946,LFGGLNWITKVIMGA,3,0.271294,0.4504526653522845
9947,LFSIMKNTTNTRRGT,3,0.752772,0.6638026028981698
9948,LGAVYRYKKLKEMSA,3,0.186065,0.29641199079153496
9949,LGEVFIAQSKGLYRQ,3,0.584307,0.43038322783679883
9950,LGIVPLLLLDMWEHA,3,0.27428400000000003,0.5285467995472671
9951,LGMNHVLQSIRRNYP,3,0.727729,0.5180896540683191
9952,LGSQEGAMHTALTGA,3,0.0,0.05973046736151921
9953,LGYILRDVSKKEGGA,3,0.531346,0.7980877774760543
9954,LHFSEALRIIAGTPE,3,0.214898,0.5433606735366431
9955,LIKTLQSKLSRNFTK,3,0.5027,0.6194489739858025
9956,LITANPIVTDKEKPV,3,0.369017,0.5364058272419701
9957,LKCRLKMDKLELKGM,3,0.740025,0.5151860022479096
9958,LKESWGAIWRIDTPE,3,0.403598,0.6537458080567673
9959,LKLATGMRNVPEKQT,3,0.199743,0.49000208447190335
9960,LKNCVDAKMTEEDKE,3,0.19431800000000002,0.2344475640166521
9961,LLNEFNNLYADKVSV,3,0.43423999999999996,0.3006364889821718
9962,LLTWIKMLAAKNLPI,3,0.161348,0.49236522125260535
9963,LLVTFKNAHAKKPEV,3,0.317069,0.44571894655713096
9964,LLWDYMCISLSTAIE,3,0.480966,0.7252190583545498
9965,LNIKLNMPLYIAGNK,3,0.316898,0.5006208116051604
9966,LNWITKVIMGAVLIW,3,0.0,0.5203548093185459
9967,LQFAKLTGFTLMGKG,3,0.067724,0.2194446266014185
9968,LQFNQMMNPSHVKFL,3,0.35120100000000004,0.31205915341586576
9969,LQMVGMRRPQQGASG,3,0.195242,0.44996892138970795
9970,LQSLWANFYELLADA,3,0.23164200000000001,0.3973885465178335
9971,LRAHRLHQLAFDTYQ,3,0.10763299999999999,0.38967147623631865
9972,LRIAAKIYSEADEAW,3,0.24341,0.5736807237996924
9973,LRKDYIKRQGSTPLA,3,0.46907200000000004,0.6111112503394203
9974,LRTKLMTSRRVLEKE,3,0.719793,0.811112696620497
9975,LRYRYGLFKQRIAKE,3,0.150241,0.5090147623561218
9976,LSFAAALNGLAGPLH,3,0.069187,0.0827148854651922
9977,LSKDGCTSAKGPDYK,3,0.411355,0.08685842191335712
9978,LSPLTKGILGFVFTL,3,0.0,0.34381817013071936
9979,LSSNDLAKYKANWIE,3,0.292958,0.3546380504123495
9980,LSYRSLQPETFAVVD,3,0.083498,0.2585129390625618
9981,LSYYKLGASQRVGTD,3,0.221654,0.5306410632217785
9982,LTHMMIWHSNLNDAT,3,0.052039999999999996,0.5352084956348531
9983,LVKFVAGDGDVVAVD,3,0.267898,0.3367213935923428
9984,LVKYEGDTMAEVELR,3,0.198825,0.547984279645638
9985,LVSKLYEVVPGILTE,3,0.336952,0.25922379490118597
9986,LWNGPMAVSMTGVMR,3,0.590019,0.8256813175727544
9987,LWTQSLRRELSGYCS,3,0.345344,0.40270075104823355
9988,MAFLRSVSRLAAAVF,3,0.48585100000000003,0.4378491987041404
9989,MASSSSVLLVVALFA,3,0.0,0.14451981846885095
9990,MASSSSVLLVVVLFA,3,0.049502,0.18904012048187183
9991,MDCIIFESASKARLP,3,0.188605,0.733802727454169
9992,MGAVLIWVGINTRNM,3,0.18801400000000001,0.6201593870813088
9993,MGEAVQNTVEDLKLN,3,0.590808,0.4498581552533552
9994,MGNSKSKSNPSSSSE,3,0.035291,0.08003944639802617
9995,MGQLISFFGEIPSII,3,0.12658699999999998,0.26806123002186233
9996,MGRDIKVQFQSGGAN,3,0.24559899999999998,0.7220692322744355
9997,MILVGVIMMFLSLGV,3,0.0,0.19412725986030652
9998,MLLILCTSQILLMRT,3,0.400382,0.5428689308792656
9999,MLLRKYGIAAENVID,3,0.0,0.5559412221644786
10000,MNMSRQGIFQTVGSG,3,0.148868,0.15509618628631258
10001,MPFVTTQPEALAAAA,3,0.210799,0.2798595874267899
10002,MSFVTTQPEALAAAA,3,0.169738,0.369978937108762
10003,MSLLTEVETYVLSII,3,0.253321,0.36207949830904035
10004,MSLLTEVETYVLSIV,3,0.239329,0.36207949830904035
10005,MSQIMYNYPAMMAHA,3,0.527943,0.3753259536780545
10006,MSQIMYNYPAMRAHA,3,0.597039,0.21497641791008917
10007,MVVERLGDYLVEQGM,3,0.22243200000000002,0.42985859023249445
10008,MWEHAFYLQYKNVKV,3,0.178835,0.27988718437420823
10009,MYFHRRDLRLASNAI,3,0.33870900000000004,0.8370243142156899
10010,NCEALSLVSHIVKWK,3,0.429976,0.4438200621088491
10011,NCVLKKSTNGLRIKS,3,0.48810299999999995,0.41000113213365247
10012,NDAIKASTGGAYESY,3,0.272255,0.3526922289185392
10013,NDFLKTGHYTQMVWA,3,0.06880399999999999,0.2732777534766355
10014,NDKPFQNVNRITYGA,3,0.025674000000000002,0.25111045157405515
10015,NFTVGRIIELFTAKG,3,0.06519,0.380316239685374
10016,NHFFNHHKVMLLGHD,3,0.072814,0.32448474647477304
10017,NHFFNHHKVMLLGHS,3,0.18340399999999998,0.42772793112521706
10018,NHVIQSVRRLYPKIF,3,0.6730689999999999,0.47896863922157323
10019,NILDIDLRPASAWTL,3,0.8786860000000001,0.9025521019329574
10020,NIWADDLAASLSTLE,3,0.178489,0.7022040745094713
10021,NKGILVTVNPIASTN,3,0.32762800000000003,0.49003649938113814
10022,NKNFFWAVKPKAVRQ,3,0.607958,0.4987338936465989
10023,NKYLEEHPSAGKDPK,3,0.065827,0.15060274129498
10024,NLLWKQIANELNYIL,3,0.0,0.4556748810289347
10025,NLMGKTLILLETFVR,3,0.340932,0.5788584933619204
10026,NLNIKLNMPLYIAGN,3,0.10888199999999999,0.3879373068382031
10027,NLVIEGPTTCGYLPT,3,0.20869200000000002,0.1260839158090219
10028,NMVVERLGDYLVEQG,3,0.313234,0.6157199574828749
10029,NNRIWLQFAKLTGFT,3,0.270096,0.3751040911226542
10030,NNVVQALTSLGLLYT,3,0.542501,0.2711457393145446
10031,NPLIRHENRMVLAST,3,0.659061,0.44495937064643626
10032,NPRQAYANYRDIDLG,3,0.169821,0.3526278810088824
10033,NPTDTGHGTVVMQVK,3,0.0,0.37591656093929443
10034,NRIMADGGSIQNTNL,3,0.41997799999999996,0.5370600667160168
10035,NSFYYMKGGVNTFLI,3,0.0,0.25478903415200554
10036,NSTFLIDGPDTSECP,3,0.415839,0.7253367164124848
10037,NSVIQALTSLGLLYT,3,0.701324,0.40377571229982817
10038,NSVVQALTSLGLLYT,3,0.582874,0.315250696854015
10039,NVSHIQSAVVCGRRH,3,0.311979,0.5082908431221375
10040,NYLALLVKFVAGDGD,3,0.020072,0.5041722585075217
10041,PAAAYATATPAAATA,3,0.137829,0.011664213376332071
10042,PAGVCPTIGVGGNFA,3,0.0,0.041537683636851355
10043,PALFFTFLANLNLTE,3,0.439222,0.1414039401882531
10044,PALLALLALPALLLL,3,0.018427000000000002,0.046796542403815616
10045,PASWKNNRIWLQFAK,3,0.24294000000000002,0.3438773929413525
10046,PCKGDSVTIKLDGNL,3,0.49998000000000004,0.4261745373958067
10047,PCRAGFETNVSHNVQ,3,0.059645000000000004,0.2723608926801636
10048,PDLPYDYGALEPAIS,3,0.032612999999999996,0.2448511330065976
10049,PEGLLWLLLTGKVPT,3,0.078167,0.46342135399690976
10050,PEQIQLLKKAFDAFD,3,0.224476,0.2897815393076387
10051,PEVKYAVFEAALTKA,3,0.17388399999999998,0.39435679707843585
10052,PGTFQTTTGEIGAIA,3,0.0,0.07214172132403798
10053,PIEHIASMRRNYFTA,3,0.46300399999999997,0.5483207917608217
10054,PIIIDQKYCPNKICT,3,0.573138,0.3425337808611268
10055,PILSITISEDGSMSI,3,0.586689,0.7044224388653523
10056,PIYIVTPTNASHIQS,3,0.058353999999999996,0.28983110487628927
10057,PKDSDEFIPMKSSWG,3,0.0,0.6056204546708764
10058,PKGGAESSSKAALTS,3,0.0,0.08674834245623791
10059,PLYKLVHVFINTQYA,3,0.38795,0.4295178665859461
10060,PNYNLIVMDEAHFTD,3,0.860741,0.6880812445348972
10061,PPDAASAAPLRTITA,3,0.111893,0.26972360850057125
10062,PPPPQLGASPYKLGP,3,0.0,0.05626727789644719
10063,PPTATISGLKPGVDY,3,0.042251,0.3369783784214421
10064,PQVKYAVFEAALTKA,3,0.31750500000000004,0.46660871007762034
10065,PSMGRDIKVQFQSGG,3,0.441255,0.6349632779038946
10066,PSPSMGRDIKVQFQS,3,0.5849270000000001,0.6053467740967794
10067,PTHRHLKGEACPLPH,3,0.18394000000000002,0.08295262081952916
10068,PTLAFPAGVCPTIGV,3,0.042239,0.08795163902466228
10069,PVGEIYKRWIILGLN,3,0.035931,0.274996687279258
10070,PVGEIYKRWIIMGLN,3,0.0,0.27435590542375476
10071,PVQEFTVPLQPPTAT,3,0.110101,0.14861273424288468
10072,PYGATISATPEWATP,3,0.066136,0.1478976916464046
10073,QAGGKLCPNNLCCSQ,3,0.0,0.10003880126459622
10074,QASVNGVTLIGESVK,3,0.307125,0.35888260108346287
10075,QCAMRPNHTIKGSFL,3,0.173896,0.10289401296827203
10076,QDHQEEICEVVLAKS,3,0.300576,0.2578073871874713
10077,QDVLLFTPASTEPQS,3,0.199897,0.35995600883809065
10078,QEVFKAIQSLKTTEV,3,0.17668699999999998,0.5567787091520878
10079,QFKRASPILRFLYAN,3,0.469736,0.6958495141967944
10080,QFRRVKCKYPEGTKV,3,0.061925,0.2080103759968656
10081,QGEPGAVIRGKKGAG,3,0.11406400000000001,0.1366989198092102
10082,QGEPGRVIRGKKGAG,3,0.016912,0.18936910776245666
10083,QHNHRPGYHTQTAGP,3,0.0,0.19672843656898012
10084,QIHQYIMALREEYFD,3,0.402441,0.4158682637294317
10085,QIRMAKLLGRDPEQS,3,0.186827,0.6029502145385548
10086,QKLIEDINASFRAAM,3,0.704421,0.8644908668312263
10087,QKRTLSLLQYARYPI,3,0.401302,0.40896604184284907
10088,QKYCPNKICTSKGDS,3,0.18448499999999998,0.15787389033077157
10089,QLSALWARFPLPVIP,3,0.11346300000000001,0.4885446056212487
10090,QLYSKFLLKAEPLAF,3,0.413166,0.3157263475729318
10091,QPCNGVTMNDVKIEY,3,0.5203409999999999,0.5200320600696585
10092,QPNLKALREKVLGLP,3,0.272312,0.38149093518956434
10093,QTYVTQQLIRAAEIR,3,0.28578200000000004,0.5699391793287444
10094,QVHFQPLPPAVVKLS,3,0.0,0.2816401994141496
10095,QVPSASMGRDIKVQF,3,0.548277,0.7698138335993024
10096,QVTIAGAKLRSLNLG,3,0.60864,0.44135709718531785
10097,QYENLKYTVIITVHT,3,0.0,0.43221864266328
10098,RADITTVSTFIDLNI,3,0.85125,0.5631532657564368
10099,RAMFVEDIAMGYVVS,3,0.7962859999999999,0.7431887963623982
10100,RCALHWFPGSHLLAC,3,0.087265,0.18136057254504534
10101,RCALHWFPGSHLLHV,3,0.196141,0.34610347203680786
10102,RDCLIAHGAANTITE,3,0.147053,0.2923732447101071
10103,REQFLGALDLAKKRV,3,0.573116,0.6140372759239254
10104,RFFVWGDEVPLLTKF,3,0.813897,0.760586281133793
10105,RFTISRDNSKNTLYL,3,0.45087,0.5529525132264105
10106,RGLLRRARGGPHHRR,3,0.20729499999999998,0.28395211737553094
10107,RIDTPDKLTGPFTVR,3,0.20911799999999997,0.3846701386643804
10108,RIIAGTLEVHAVKPA,3,0.11738699999999999,0.41418808391219725
10109,RKELLVTFKNAHAKK,3,0.283963,0.4400347582344441
10110,RKHIEWNCDVCRHGD,3,0.159962,0.3512728317843194
10111,RLATAIAGAWENGVC,3,0.0,0.15753110763268688
10112,RLEFDEFVTLAAKFI,3,0.412851,0.6309043957609952
10113,RLKGESRKTFVELMR,3,0.20099,0.5428650803964785
10114,RLMSMKSVQNNTVLK,3,0.41764399999999996,0.7775062262287071
10115,RMAMTDTTPFGQQRV,3,0.40133,0.14045341232964775
10116,RMFSSTLRAAVPWYA,3,0.3907,0.4975215722383127
10117,RMVLASTTAKAMEQM,3,0.39466100000000004,0.4595046616960041
10118,RNFQKVNPEGLIKEF,3,0.257168,0.33255464708847915
10119,RNSTFLIDGPDTSEC,3,0.5809310000000001,0.7873891748017919
10120,RNTLLFLDLIILNFV,3,0.131512,0.3966333367656874
10121,RPGVSKKFLSLLTSS,3,0.17774600000000002,0.5531535165796347
10122,RPMFLYVRTNGTSKI,3,0.0,0.45647694235946024
10123,RQGIFQTVGSGLDHI,3,0.16276400000000002,0.29532180657074003
10124,RQKIIYSGAVNLDDE,3,0.718889,0.5521539737609541
10125,RREVHIYYLEKANKI,3,0.0,0.32565323329095675
10126,RRRVMIQSSGGKLRL,3,0.43519399999999997,0.5858406690498478
10127,RSRPRRTTRRMDRRT,3,0.156039,0.2382799953573241
10128,RTATNIWIDHNSFSN,3,0.415206,0.5931205531692704
10129,RTITADTFRKLFRVY,3,0.5439390000000001,0.7029600178206107
10130,RVIRGKKGAGGITIK,3,0.0,0.2167207921265985
10131,RVWEQIFSTWLLKPG,3,0.159614,0.23859636167415216
10132,RVYCDPCRAGFETNV,3,0.400661,0.15363707839437418
10133,SAAPLRTITADTFRK,3,0.34005599999999997,0.5982747710869629
10134,SADEVQRMMAEIDTD,3,0.29379299999999997,0.8211847274539467
10135,SAIRAAPEAARSLAS,3,0.569409,0.1951752010400651
10136,SCLDGKLCLMKAQPT,3,0.5899949999999999,0.3138705625221352
10137,SDDQISIMKLPLSTK,3,0.46612200000000004,0.7232948909196827
10138,SDLLTNSVIIMAYVT,3,0.21564499999999998,0.5219062082093672
10139,SFGIVVAWQVKLLPV,3,0.694829,0.4931740276143068
10140,SFLQNPQTSLCFSES,3,0.16250699999999998,0.14613139111360404
10141,SFSCIAIGIITLYLG,3,0.14242,0.23889312072280494
10142,SFVMMSAPPAEYKLQ,3,0.540535,0.3723258440878704
10143,SGKLFMHVTLGSDVE,3,0.19013,0.6610872372310631
10144,SGRVTRDSRRLRRIC,3,0.7686729999999999,0.5295330874111851
10145,SGTVDFDEFMEMMTG,3,0.422407,0.5399101583780455
10146,SHIQSAVVCGRRHGV,3,0.158913,0.2553748748206644
10147,SIAQHLVSDRPIMRY,3,0.907781,0.7544100710326205
10148,SLIYRRRLMKQDFSV,3,0.401335,0.7910556238637989
10149,SLKLYRDSLGEAVMR,3,0.6461439999999999,0.6611849730361433
10150,SNEIKIVATPDGGSI,3,0.0,0.557301970260089
10151,SNILDIDLRPASAWT,3,0.909518,0.9180220047866182
10152,SPILRFLYANVGEEA,3,0.533048,0.20383573871870037
10153,SQAWQPGVAMPNLYK,3,0.07269199999999999,0.11008944919731493
10154,SRAEVSYVHVNGAKF,3,0.126661,0.3062838264833518
10155,SRCYSIYLSINGVLE,3,0.43332600000000004,0.3559165437192041
10156,SRFFVMGEETPLLTK,3,0.581724,0.39644411295284226
10157,SRSFLKHSLLRTQRL,3,0.21961999999999998,0.5794513855605907
10158,SSAGGFFTSVGKGIH,3,0.0,0.1263203964438391
10159,SSILTDSQTATKRIR,3,0.544089,0.6359268625581574
10160,SSKAATAKAPGLVPK,3,0.0,0.0725895424267133
10161,SSTVKLRQNEFGPAR,3,0.05821900000000001,0.17666020926897777
10162,SSYAATEVANAAAAS,3,0.074362,0.05944455380227726
10163,SSYAATEVANAAAGQ,3,0.0,0.0847352994313928
10164,STVVASVTIIDRSLP,3,0.40326999999999996,0.7395554082338457
10165,STWLLKPGAGIMIFD,3,0.181404,0.53231445738125
10166,SVLLVVALFAVFLGS,3,0.0,0.01900112311890061
10167,SVRIRVRSGGHDYEG,3,0.034477,0.27833142562869945
10168,SVTIKLDGNLLSSND,3,0.812528,0.7783918949916392
10169,SVYLSDNGVMSEQGS,3,0.610206,0.44810522590749763
10170,SWGAIWRIDTPEVLK,3,0.6414310000000001,0.6955241824476566
10171,SWKLEKASLIEVKTC,3,0.275289,0.4591050995978879
10172,SYIAEMETESWIVDR,3,0.172963,0.5940384161010951
10173,SYVHVNGAKFIDTQN,3,0.169346,0.604911225476531
10174,TAAINKGILVTVNPI,3,0.06440599999999999,0.4239894554160801
10175,TAAVELARALVRAVA,3,0.724676,0.1589314360360653
10176,TAKAPGLVPKLDAAY,3,0.0,0.12036916123829751
10177,TANVPPADKYKTLEA,3,0.0,0.13837630268070059
10178,TATSASAGWDTVLQS,3,0.160638,0.15793717107506453
10179,TCVLGKLSQELHKLQ,3,0.0,0.19994758587508699
10180,TDALRTLGSTSADEV,3,0.153821,0.3614209850533882
10181,TDFAGKTVWFVPSIK,3,0.101837,0.22473307613440405
10182,TDKMFFVKNPTDTGH,3,0.49431099999999994,0.4425044633234685
10183,TDTTPFGQQRVFKEK,3,0.18525899999999998,0.2843723734717741
10184,TFDSEEPLQGPFNFR,3,0.152366,0.3107338676455305
10185,TFYGSNPRGAAPDDH,3,0.0,0.1420741055786729
10186,THMMIWHSNLNDATY,3,0.10371500000000002,0.5830348055560195
10187,THMMIWHSNLNDTTY,3,0.138044,0.5927304661392635
10188,TIAAMMTSPLSVASM,3,0.308205,0.5019603114334601
10189,TILDVDLRPASAWTL,3,0.8630709999999999,0.8346787074688352
10190,TISNNLFFNHHKVML,3,0.186589,0.3020444404197414
10191,TKFFYLLGLSAIMQV,3,0.0,0.363209168448032
10192,TKKFDEVVKANGGYL,3,0.252733,0.5758415567296514
10193,TKVIMGAVLIWVGIN,3,0.0013599999999999999,0.38618842236082923
10194,TKVTFHVVGVGPLLH,3,0.13134400000000002,0.20248748252050003
10195,TLELLYADTVAFCFR,3,0.039324,0.49374635262500083
10196,TLGSTSADEVQRMMA,3,0.47391700000000003,0.48931576906968693
10197,TLSYYKLGASQRVGT,3,0.228107,0.4367189858091388
10198,TNFKYNYSVIEGGPI,3,0.047026,0.2628490120890099
10199,TPLTLVDICFWSTLF,3,0.239139,0.7045203566892062
10200,TPTNASHIQSAVVCG,3,0.15852,0.27120385171610506
10201,TQTMKGVERLAVMGD,3,0.401413,0.5998342073232596
10202,TRKYLPAIVREAIKR,3,0.342267,0.6174105982371996
10203,TRSAYERMCNILKGK,3,0.0,0.28714330579817193
10204,TSSDDQITLIKTPSL,3,0.47445699999999996,0.5120079637732687
10205,TTEMLSRALKKVPVD,3,0.635825,0.7359642768036614
10206,TVAAAPQVKYAVFEA,3,0.376263,0.1835216629610289
10207,TVGTKTFLVHREWFM,3,0.27032399999999995,0.29099703703581686
10208,TVLAFPAGVCPTIGV,3,0.13430699999999998,0.08051041357808618
10209,TVPLQPPTATISGLK,3,0.10157100000000001,0.12565259400143805
10210,TVSTFIDLNITMLED,3,0.8984629999999999,0.7468188136749705
10211,TWQGGSGMASHIIYE,3,0.073732,0.08680201871883764
10212,TYSQLMTLKDAKMLQ,3,0.675133,0.7211489799087245
10213,VAPIEHIASMRRNYF,3,0.562265,0.5937887759108011
10214,VATLSEALRIIAGTL,3,0.173874,0.43275377724750197
10215,VAYFNMVYMPASWVM,3,0.311553,0.3603017527407287
10216,VDGRGNYNTDLLPDW,3,0.21305700000000002,0.2996596132846756
10217,VDIKPKDSDEFIPMK,3,0.121196,0.4600166403591551
10218,VDLAKSLRIAAKIYS,3,0.48515600000000003,0.7421460494385893
10219,VEALYLVCGERGFFY,3,0.096722,0.20435119843157817
10220,VEDEARRMWASAQNI,3,0.085374,0.5171706918244052
10221,VEKSQLLNEFNNLYA,3,0.6253479999999999,0.23756907400628807
10222,VFGNCEGVKIIGISI,3,0.15833699999999998,0.11961633939094171
10223,VFGSAFQGLFGGLNW,3,0.134733,0.0691766939011948
10224,VFHTLWHTTKGAALM,3,0.08903,0.18970602174716372
10225,VGNVAWMHVLAAKYI,3,0.21764,0.45734481134463756
10226,VHAQTVEDEARRMWA,3,0.48651400000000006,0.34686425347954036
10227,VIGVAFLAVFQSATK,3,0.11050399999999999,0.40212070727640886
10228,VIPANWKPDTVYTSK,3,0.197035,0.5622731877475126
10229,VKGDPVGILYAVFKA,3,0.146162,0.5526869897172212
10230,VKIEYSGTNNKTMAV,3,0.333971,0.2367861509611647
10231,VKPLYIITPTNVSHI,3,0.26413200000000003,0.27688450196202036
10232,VKQNTLKLATGMRNV,3,0.25658800000000004,0.4437785482277121
10233,VLDILTANKLIRQKL,3,0.9679709999999999,0.7028159758457071
10234,VLRTKLMTSRRVLER,3,0.8493569999999999,0.7990069043303629
10235,VMLLVLCAVQLLLMR,3,0.33769699999999997,0.4789639192460953
10236,VNFYAWKRMEVGQQA,3,0.264087,0.2630745931383865
10237,VNYWFAPGAAAAPLS,3,0.045955,0.1447392278795508
10238,VPFVQWFVGLSPTVW,3,0.0,0.13655143612198278
10239,VPKKKKDKDIPQSSE,3,0.083356,0.5107586546635782
10240,VPPADKYKTFEAAFT,3,0.0,0.2669588482901739
10241,VPSPSMGRDIKVQFQ,3,0.588439,0.618432529751565
10242,VQNTVEDLKLNTLGR,3,0.44895,0.4435904527980017
10243,VRILRRVHHRKYLTD,3,0.37048200000000003,0.6637678831907824
10244,VRSGGHDYEGLSYRS,3,0.18476900000000002,0.11113259780382773
10245,VSEALRIIAGTLEVH,3,0.28926199999999996,0.4073576358069411
10246,VSIISILKGVINIWG,3,0.0,0.3916541912595942
10247,VSVDCSEYPKPDCTA,3,0.117499,0.09669802483598788
10248,VSWVMKIGIGVLLTW,3,0.0,0.4109435344626226
10249,VTMNDVKIEYSGTNN,3,0.6569729999999999,0.6854159946092848
10250,VTVDAAVLAAIDADA,3,0.41388199999999997,0.10852756045978103
10251,VVIFELKFRYKYLRE,3,0.55315,0.3634056255960838
10252,VVLGLATSPTAEGGK,3,0.0,0.18259939943525294
10253,VVSRLLIPVPFDPPA,3,0.030693,0.5068445014611187
10254,VWRIDTPDKLTGPFT,3,0.288045,0.7518177874518294
10255,WAVKPKAVRQIEDQL,3,0.299005,0.6046464144485653
10256,WEQIFSTWLLKPGAG,3,0.10665999999999999,0.1841073135053371
10257,WFIISIVQMAPVSAM,3,0.473286,0.6643565827940965
10258,WGAIWRIDTPDKLTG,3,0.525827,0.8174110184168552
10259,WGAIWRIDTPEVLKG,3,0.7037399999999999,0.7795781226274995
10260,WIELKESWGAVWRID,3,0.25714499999999996,0.24289397866788284
10261,WKPDTVYTSKLQFGA,3,0.175251,0.40883975472902806
10262,WKRMEVGQQAVEVWQ,3,0.423073,0.20140404712158247
10263,WNRKELLVTFKNAHA,3,0.580976,0.38256103896970206
10264,WPKSHTLWSNGVLES,3,0.421966,0.26489462370742295
10265,WQKGEEVQVIAVEPG,3,0.299225,0.19935254530157798
10266,WSLMYFHRRDLRLAA,3,0.503463,0.8247185406521779
10267,WSLMYFHRRDLRLAS,3,0.603593,0.8470062616077467
10268,WTFDSEEPLQGPFNF,3,0.384414,0.6311399169923128
10269,WTLMYFHRRDLRLAA,3,0.377335,0.8301057591521384
10270,YANYRDIDLGRNEVV,3,0.278066,0.6855805494986448
10271,YEYKVQQAMSNLVLG,3,0.357189,0.6674616813422478
10272,YFNMVYMPASWVMRI,3,0.375533,0.43872175568740346
10273,YGFVANFSMELPSFG,3,0.20611100000000002,0.18479456510025283
10274,YGIAAENVIDVKLVD,3,0.432213,0.576268049571898
10275,YKDVDKPPFSGMTGC,3,0.0,0.3312816940299568
10276,YKKLRTSSFALNLPT,3,0.036509,0.43949104050005866
10277,YLAILVKYVDGDGDV,3,0.140921,0.5141054274660852
10278,YLEEHPSAGKDPKKT,3,0.0,0.09506378914980339
10279,YNFATCGLIGLVTFL,3,0.106118,0.19511661592273755
10280,YPFIEQEGPEFFDQE,3,0.680477,0.12976165189584232
10281,YRKILRQRKIDRLID,3,0.651606,0.7594815954493124
10282,YTTEGGTKGEAKDVI,3,0.0,0.13362649829596723
10283,YVVSSFDNIKVFLEG,3,0.530457,0.6917428407320588
10284,YWTIVKPGDILLINS,3,0.393221,0.7694803659145517
10285,AALHPFALLLVLAGWK,3,0.45753999999999995,0.16774681407959413
10286,DKGIPFMKMNISVIMK,3,0.663802,0.6152505853273185
10287,MYYVSGARSNVTFTVK,3,0.389142,0.25341681423885626
10288,PKQMLVGGVVLLGAMK,3,0.723124,0.5452183606747806
10289,QPFLGLCAFLATRIFK,3,0.584113,0.3243763057156813
10290,SLLWNGPMAVSMTGVK,3,0.546638,0.5137626340998113
10291,CSAVPVHWVPTSRTTW,3,0.149579,0.11221492788179825
10292,CYGGHTNEDDSNFAHW,3,0.06707,0.19668401586178044
10293,DKLKQQRDTLSTQKET,3,0.236233,0.18247637464039504
10294,EEDKENALSLLDKIYT,3,0.079697,0.3975983955975888
10295,EPQGSTYAASSATSVD,3,0.0,0.3947803270717865
10296,FRNVLSIAPIMFSNKM,3,0.327221,0.4162019633323371
10297,GKWYLKAMTADQEVPE,3,0.29520599999999997,0.3451621415049914
10298,GVINIMYMHDSDDVLF,3,0.174508,0.7983122106570208
10299,HGRQIKMAKLLGRDPE,3,0.44624899999999995,0.5454567499147194
10300,HGRQIRMAKLLGRDPE,3,0.44624899999999995,0.5079651920605445
10301,HGRQIRMAKLLTRDPE,3,0.40877399999999997,0.6367090779720044
10302,KFDSQLAHRHMARELH,3,0.12223699999999998,0.2620714579143502
10303,KGLMNIALAISAQQVN,3,0.282327,0.41268500626313204
10304,LAAIIFLFGPPTALRS,3,0.0,0.30764947394220515
10305,LKAMTADQEVPEKPDS,3,0.41254700000000005,0.15151695868029919
10306,LNKIVRMYSPVSILDI,3,0.235564,0.5506252423662157
10307,LQTNPKSSLTLNNIET,3,0.0,0.2184275486445392
10308,LWWSTMYLTHHYFVDL,3,0.0,0.23715336076828336
10309,MAKLLGRDPEQSQEAL,3,0.263798,0.4404152850464511
10310,MVSRLLLNRFTMTHRR,3,0.464792,0.5866655890206625
10311,QPEWFRNVLSIAPIMF,3,0.15858,0.2551276749575957
10312,RQIRMAKLLGRDPEQS,3,0.41254700000000005,0.38377194156000954
10313,SAEVEEHRTIRVLEMV,3,0.022285,0.3160040809164721
10314,SPEVIPMFSALSEGAT,3,0.125546,0.30482065285731996
10315,SSIIFGAFPSLHSGCC,3,0.0,0.24459599582685332
10316,SVTALPSKGLEHLKEL,3,0.0,0.2313134429454077
10317,VRPVEDHRQVVEVTVG,3,0.0,0.17866908013469587
10318,WHTTKGAALMSGEGRL,3,0.0,0.14889380609784642
10319,KKEGNTSLLWNGPMAVS,3,0.382301,0.19320511822309583
10320,KKGLNWITKVIMGAVLI,3,0.563901,0.7181313940349897
10321,KKITKVIMGAVLIWVGI,3,0.0,0.5338623371509728
10322,KKLVGGVVLLGAMLVGQ,3,0.0,0.5749126696769733
10323,KKPFALLLVLAGWLFHV,3,0.0,0.21028138026302562
10324,KKPFMKMNISVIMLLVS,3,0.5689890000000001,0.7609876227403671
10325,KKSGARSNVTFTVNQTS,3,0.31835399999999997,0.35876820449909747
10326,KKTLLDLLKLTVAVGLH,3,0.525332,0.4835977639884713
10327,KKVGQVTLLDLLKLTVA,3,0.580094,0.4125451804624264
10328,SGQVVTYALNTITNLKK,3,0.453955,0.3727701358874781
10329,TVFGSAFQGLFGGLNKK,3,0.227898,0.16406405517552286
10330,VLTLGAAMVEIALGGKK,3,0.452708,0.5406634963949891
10331,WLGARYLEFEALGFLKK,3,0.5326850000000001,0.3141115247021718
10332,AANIRALNVPPSLDCRY,3,0.0,0.307713018900523
10333,AIQQVRSLIGNEEFLDY,3,0.521035,0.3438337685539333
10334,CVDAKMTEEDKENALSL,3,0.164827,0.24653427184851376
10335,EHREVLWKFDSQLAHRH,3,0.5987439999999999,0.7233425201086885
10336,FERQYKELQTQAEDDRR,3,0.0,0.30977649671828394
10337,GAVSFWMCSNGSLQFRI,3,0.158693,0.14662849190623126
10338,IGNTVTPTVTFTMDGDK,3,0.0,0.41944541426679005
10339,KIPGGAMYADDTAGWDT,3,0.794039,0.38921016423233395
10340,LQTNPKLSNLTLNNIET,3,0.0,0.3678453657992045
10341,LSFLHLTRADLSYPSHC,3,0.054919,0.3660204075370402
10342,LTYQNKVVKVQRPTPKG,3,0.274808,0.6466808310872689
10343,MVTQMAMTDTTPFGQQR,3,0.5682619999999999,0.7945884278549303
10344,NEDDSNFAHWTEARIML,3,0.092193,0.31341369979260325
10345,PETPNMDVIGERIKRIK,3,0.667183,0.3824017780247711
10346,PTPKGTVMDIISRKDQR,3,0.347215,0.5647263065147281
10347,PWDVVPMVTQMAMTDTT,3,0.41170500000000004,0.621487120606414
10348,QNLKNNSKVFNDKLPNN,3,0.0,0.2593414426419912
10349,RLNDTWKLERAVLGEVK,3,0.070792,0.5311712119606983
10350,SDTSYVSLKAPLTKPLK,3,0.0,0.49805515730952304
10351,TESTFKNISCTFKFGEE,3,0.0,0.4090385636135139
10352,TLSIGYHANNSTDTEDT,3,0.0,0.2630434487782253
10353,VVKVQRPTPKGTVMDII,3,0.208218,0.26609916479099205
10354,WLGARYLEFEALGFLNE,3,0.279979,0.1730011851697285
10355,YAHAAHAAHAAHAAHAA,3,0.0,0.013708616187024276
10356,YLGKREDQWCGSLIGLT,3,0.0,0.4220319582003076
10357,DTPYLDITYHFVMQRLPL,3,0.5198619999999999,0.20223176314828253
10358,EGRVEIDFDYCPGTTVTL,3,0.278808,0.4660181243154886
10359,FESTGNLIAPEYGFKISY,3,0.0,0.11614097749213914
10360,GAGVMVEGVFHTLWHTTK,3,0.0,0.18759221629263875
10361,GKLITDWCCRSCTLPPLR,3,0.114495,0.12020123616714125
10362,GWLSCLSITWTLIKNMEK,3,0.075642,0.16158009836711493
10363,IDPFQLGLLVVFLATQEV,3,0.0,0.24945300146974944
10364,LRAEQASQEVKNWMTETL,3,0.0,0.14804412154952037
10365,MATFKIQPVFMVASFLKA,3,0.048299,0.2330063460126343
10366,MSSFLGKWKLSESHNFDA,3,0.0,0.3707074510869436
10367,NVTENFNMWKNNMVEQMH,3,0.290215,0.15660721498913258
10368,PAEILRKSRRFAQALPVW,3,0.589665,0.3871960424781047
10369,PVGDIYKRWIILGLNKIV,3,0.1746,0.2707254394593424
10370,PVGEIYKRWIILGLNKIV,3,0.08296100000000001,0.14287284084195798
10371,REDQRGSGQVVTYALNTF,3,0.0,0.13019384779624465
10372,SCIAIGIITLYLGAVVQA,3,0.22148400000000001,0.24456876057439458
10373,SELYLYKVVKIEPLGVAP,3,0.376102,0.3044537845604318
10374,SVLSVKLAGNSSLCSTSG,3,0.029518,0.2235147949141436
10375,VPPVVRWLNEQRYYGGGY,3,0.0,0.17126144003419821
10376,WIILGLNKIVRMYSPISI,3,0.545611,0.3308051741883145
10377,WIILGLNKIVRMYSPVSI,3,0.597873,0.32766679458793807
10378,WVKVVEEKGFNPEVIPMF,3,0.070021,0.09258024939346454
10379,YAQMWLLLYFHRRDLRLM,3,0.178902,0.5539644323762237
10380,YFHRRDLRLMANAICSAV,3,0.24914899999999998,0.41007309993464386
10381,YVDRFFKTLRAEQASQDV,3,0.44846400000000003,0.7999231356342449
10382,YVDRFYKTLRAEQASQEV,3,0.583507,0.5853508871134039
10383,GEIYKRWIILGLNKIVRMY,3,0.582725,0.3252271607917448
10384,GLFNPMILAAGLIACDPNR,3,0.176402,0.3369092808884562
10385,KLPKPPKPVSKMRMATPLL,3,0.0,0.7917310217544606
10386,LGVLLLIGCWYCRRRNGYR,3,0.045989999999999996,0.1461244057451611
10387,LPPWFPPMVEGAAAEGDDG,3,0.0,0.13893028958607578
10388,WEALKYLWNLLQYWGQELK,3,0.199783,0.24471115893897646
10389,YEKVRSQLKNNAKEIGNGC,3,0.116211,0.21561429304744642
10390,AALLVVAVGLRVVCAKYALA,3,0.39353,0.18675639080492867
10391,AGKPLLIIAEDVEGEALSTL,3,0.29749899999999996,0.34907979449804943
10392,AILTGGQVISEEVGLTLENA,3,0.0,0.1591424187916036
10393,AVDDYAGYLLDKNQSDLVTN,3,0.654552,0.3557910013981562
10394,AVLEDPYILLVSSKVSTVKD,3,0.29749899999999996,0.563100415652745
10395,CPRYVKQLTKLATGMRNVPE,3,0.0,0.393520821534811
10396,DIKVQFQSGGANSPALYLLD,3,0.21531199999999998,0.12295031910010067
10397,DLSLLGKARKVVVTKDETTI,3,0.0,0.4136685029983768
10398,DTEVHNVWATQACVPTDPNP,3,0.0,0.22463163650031745
10399,EAKYDAYVATLSEALRIIAG,3,0.404729,0.48829650424782917
10400,EEVGLTLENADLSLLGKARK,3,0.064063,0.21251141889815262
10401,EIMKHIVKIEVKGEEAVKKE,3,0.6384380000000001,0.09316289053385644
10402,EQYTHQDEIYEQVHSKGLYV,3,0.491555,0.3236481342101765
10403,EYIRIDAKVVPKSKIDTKIQ,3,1.0,0.6420853604230307
10404,EYLNKIQNSLSTEWSPCSVT,3,0.0,0.3967772200612022
10405,FEERDAVLLGGSSDNEFVKL,3,0.0,0.3260780814925906
10406,FFTELDGVRLHRFAPPCKPL,3,0.695742,0.484658956125254
10407,FPQPQLPYSQPQPFRPQQPY,3,0.0,0.02645400603021215
10408,FSRPGLPVEYLQVPSPSMGR,3,0.0,0.09463760044541544
10409,GFGMLLRKYGIAAENVIDVK,3,0.477387,0.688697371086114
10410,GSSDNEFVKLAWRREHKDLD,3,0.0,0.5212258120806117
10411,HAPAAPANPGLIIGALAGST,3,0.0,0.03202719486523713
10412,HIDLLVGSATLCSALYVGDL,3,0.5286,0.33546624402794073
10413,IEPIVATNWQKLEAFWHKHM,3,0.489179,0.2816437337277888
10414,ITRVESENKVVILDSFDPLV,3,0.40829699999999997,0.7614461982259946
10415,KDKWIELKESWGAIWRIDTP,3,0.5264270000000001,0.31107541808402017
10416,KELLNRIQVDSSNPLSEKEK,3,1.0,0.34616778049608826
10417,KIIGGIGGFVKVRQYDQIPI,3,0.0,0.07600458740122074
10418,KMIGGIGGFVKVRQYDQIPI,3,0.0,0.03589098387102427
10419,KRWIILGLNKIVRMYSPTSI,3,0.582847,0.6557335647789384
10420,LIIGALAGSTLAALVIGGIA,3,0.0,0.14362077551966915
10421,LLQELCCQHLWQIPEQSQCQ,3,0.0,0.04523015688746656
10422,LQVPSPSMGRDIKVQFQSGG,3,0.44624899999999995,0.25146918402679674
10423,LTTSQTLLFNILGGWVAAQL,3,0.23519600000000002,0.2888740339549215
10424,LYKYKVVKIEPLGVAPTKAK,3,0.290501,0.3355210699849373
10425,MRFDKGYISGYFVTDPERQE,3,0.08942699999999999,0.23749041979544547
10426,MYVGGVEHRLEAACNWTRGE,3,0.376815,0.1351704502653937
10427,PAEILRKSRRFAQALPVWAR,3,0.748004,0.401385662089019
10428,PELVPEDPEDSALLEDPAGT,3,0.260283,0.04256215397615725
10429,QHRDVLQLYAPEAFNYMDKF,3,0.8984629999999999,0.31215579084230216
10430,QNPSQQQPQEQVPLVQQQQF,3,0.0,0.022757051559010078
10431,SKKFIDIFKEEGSNLTSYGR,3,0.43056099999999997,0.4656192921715375
10432,VATLSEALRIIAGTLEVHAV,3,0.36430999999999997,0.2313618123623753
10433,VEGAGDTDAIAGRVAQIRQE,3,0.053589,0.08790877487966375
10434,VENTEKALNVYYEIGKILSR,3,0.44218100000000005,0.49995437961548445
10435,VHFQPLPPAVVKLSDALIAT,3,0.096532,0.6315957499349066
10436,VRVPVPQLQPQNPSQQQPQE,3,0.0,0.04196213448877256
10437,VVVTKDETTIVEGAGDTDAI,3,0.11765199999999999,0.21473152865503697
10438,WGAIWRIDTPDKLTGPFTVR,3,0.570481,0.5040376133499396
10439,WTLKKLPLSLSFLHLTRADL,3,0.101353,0.36977425476094794
10440,YFVTDPERQEAVLEDPYILL,3,0.337314,0.26837160184790176
10441,YIITPTNVSHIQSAVVSGRR,3,0.7227399999999999,0.3441011637334283
10442,YYEIGKILSRDILSKINQPY,3,0.8984629999999999,0.6107476187489217
10443,DKGIPFMKMNISVIMHHHHHH,3,0.6231399999999999,0.9438729612407277
10444,EQEILNYMSPHHKKLHHHHHH,3,0.40368000000000004,0.9259896324275131
10445,GAGKTRRFLPQILAEHHHHHH,3,0.611388,0.9698122156831452
10446,HTMWHVTRGAFLVRNHHHHHH,3,0.6330520000000001,0.9040709470096432
10447,IHLVIHRIRTLIGQEHHHHHH,3,0.621587,0.8654791205687327
10448,IHRIRTLIGQEKYTDHHHHHH,3,0.5439390000000001,0.7228578633422496
10449,IWYMWLGARYLEFEAHHHHHH,3,0.44487299999999996,0.9444663107239676
10450,KNPVVDGNPTVDIEEHHHHHH,3,0.31197800000000003,0.9571552097225419
10451,LPQILAECARRRLRTHHHHHH,3,0.743748,0.9703964505894931
10452,LTAAINKGILVTVNPHHHHHH,3,0.516031,0.9650383685331415
10453,MFFVKNPTDTGHGTVHHHHHH,3,0.31053000000000003,0.8393658622316226
10454,MYMWLGARYLEFEALHHHHHH,3,0.33874699999999996,0.9776524661247095
10455,CPKYVRSAKLRMVTGLRNIPS,3,0.23048000000000002,0.408895635178293
10456,LENGKLILQRNIGLEIKDVQI,3,0.8718739999999999,0.5671412823684853
10457,STRLRMVTGLRNVPSIQSKGL,3,0.0,0.4500654016436955
10458,VLVMLVLLILAYRRRWRRLTV,3,0.598531,0.4802474638737666
10459,AAILRRHIDLLVGSATLCSALY,3,0.0,0.3028006815518428
10460,WARMILMTHFFSVLIARDQLEQ,3,0.0,0.445812535612643
10461,KNLYEKVKSQLKNNAKEEIGNGC,3,0.132053,0.13715765445062092
10462,AARVTQILSSLTITQLLKRLHQWI,3,0.0,0.6830027218738499
10463,GKQLYNVEATSYALLALLQLKDFD,3,0.117916,0.12362539552344105
10464,LPKPPKPVSKMRMATPLLMGALPM,3,0.559077,0.6927202524144854
10465,LPKPPKPVSKMRMATPLLMQALPM,3,0.559077,0.6879755006777921
10466,PQCRLTPLSRLPFGMAPGPGPQPG,3,0.0,0.22413463158025984
10467,YLPKPPKPVSKLRLATPLLLQALPL,3,0.27149,0.191763750872328
10468,KTSLYNLRRGTALAIPQCRLTPLSRL,3,0.0,0.22108107396302795
10469,IGLEIKDVQIIKQSEKEYIRIDAKVVP,3,0.9359370000000001,0.7841153534240995
10470,ITQFILEHRAKGSCKYALPLRIPPSACLSPQ,3,0.334375,0.574324802491344
10471,EDNLGFLMHAPAFETAGTYLRLVKINDWTEITQF,3,0.14649500000000001,0.966943812301
10475,AGFKGEQGP,5,0.44741099999999995,0.10354051345256045
10476,FTLASSETG,5,0.0,0.22038297894522127
10477,LASSETGVG,5,0.0,0.1373399893814891
10478,LSTEWSPCS,5,0.0,0.059969678510257814
10479,LTQRGSVLR,5,0.0,0.09425558952375876
10480,AGFKGEQGPK,5,0.453454,0.11395637929475626
10481,EIYKRWIILG,5,0.0,0.0472888299476495
10482,RSFTLASSET,5,0.18171500000000002,0.5392980208582537
10483,SNAPLGPQFP,5,0.0,0.14590139152065876
10484,TLASSETGVG,5,0.0,0.21046820770079
10485,AGFKGEQGPKG,5,0.515053,0.223864974613743
10486,AAAAAVAAEAY,5,0.0,0.4471403437975689
10487,FTLASSETGVG,5,0.565566,0.523057720770415
10488,ILGLNKIVRMY,5,0.400892,0.1129369708377025
10489,KIQNVIIDECY,5,0.13286199999999998,0.07666536142278395
10490,LQDSDPDSFQD,5,0.14875,0.04792964207150828
10491,LSNAPLGPQFP,5,0.0,0.09640504088481637
10492,MSSGSFINISV,5,0.0,0.21484297629840415
10493,RSFTLASSETG,5,0.510312,0.6460350306276275
10494,SFTLASSETGV,5,0.557524,0.693707179326085
10495,ALFNRLLDDLGF,5,0.29749899999999996,0.4896749150301403
10496,TEKLVAGKSQIQ,5,0.0,0.3394431662377769
10497,AALLVVAVGLRV,5,0.263263,0.3372020558159273
10498,ACIEWEKAQHGA,5,0.49699399999999994,0.7657558119225655
10499,ALLVVAVGLRVV,5,0.037192,0.4068435944702008
10500,AVGLRVVCAKYA,5,0.106421,0.37233082962170067
10501,CDKKCIEWEKAQ,5,0.165793,0.11417957420358282
10502,DPEDSALLEDPA,5,0.048076999999999995,0.09631567207278824
10503,EDPEDSALLEDP,5,0.0,0.052364615744324695
10504,EDSALLEDPAGT,5,0.0,0.3015734374128362
10505,ELVPEDPEDSAL,5,0.0,0.08978085267628744
10506,FSQPEQEFPQPQ,5,0.0,0.09401776398535346
10507,FYKTLRAEQASQ,5,0.669966,0.7817158191177357
10508,GLRVVCAKYALA,5,0.418304,0.4285283499021536
10509,GVTYEIDLTNKN,5,0.532098,0.2917204217686384
10510,KAIEWEKAGHGA,5,0.676841,0.6267546153094427
10511,KCAEWEKAQHGA,5,0.0,0.44748602338433985
10512,KCIEWEKAAHGA,5,0.46099799999999996,0.6922347171290887
10513,KCIEWEKAQAGA,5,0.516523,0.7563349911162609
10514,KCIEWEKAQHAA,5,0.629629,0.7241904758344986
10515,KCIEWEKAQHGA,5,0.595947,0.6873465559711178
10516,KCIEWEKAQHGG,5,0.271073,0.5573144998161733
10517,KSYVLAGTLTAE,5,0.600963,0.8161155114427414
10518,LLSNAPLGPQFP,5,0.0,0.3706319095156926
10519,LLVVAVGLRVVC,5,0.382065,0.3379745620279606
10520,LVPEDPEDSALL,5,0.0,0.08243406828355009
10521,LVVAVGLRVVCA,5,0.05948200000000001,0.2743458671568166
10522,NANPNANPNANP,5,0.0,0.05144654027081474
10523,NKIVRMYSPISI,5,0.938894,0.17995486966526494
10524,NKIVRMYSPTSI,5,0.863725,0.21804770625364023
10525,NKKCDKKCIEWE,5,0.0,0.02675694952553864
10526,NPGLIIGALAGS,5,0.196522,0.13629006668321803
10527,PEDPEDSALLED,5,0.0,0.04353567599073568
10528,PEDSALLEDPAG,5,0.0,0.17484771202050295
10529,PELVPEDPEDSA,5,0.108752,0.06389857839421806
10530,PGLIIGALAGST,5,0.24675500000000003,0.37182331601888735
10531,QNSLSTEWSPCS,5,0.20266900000000002,0.168296411728035
10532,RFYKTLRAEQAS,5,0.394547,0.8026940974873962
10533,RSFTLASSETGV,5,0.584113,0.824340144624956
10534,SFTLASSETGVG,5,0.584113,0.7596226346093681
10535,SLSTEWSPCSVT,5,0.265744,0.1570092868562348
10536,VAVGLRVVCAKY,5,0.17672000000000002,0.4327632725757719
10537,VGLRVVCAKYAL,5,0.120332,0.36540610136380497
10538,VPEDPEDSALLE,5,0.0,0.06381739205917478
10539,VVAVGLRVVCAK,5,0.201298,0.38836316112518915
10540,WIILGLNKIVRM,5,0.20651399999999998,0.2976750189096179
10541,YLNKIQNSLSTE,5,0.654552,0.4083437227334761
10542,YLQDSDPDSFQD,5,0.414166,0.170881517196088
10543,AGFKAEQGPKGEP,5,0.718615,0.6699301513669543
10544,AGFKGEQGAKGEP,5,0.384407,0.5109805566684691
10545,AGFKGEQGPAGEP,5,0.598531,0.5612078517670601
10546,AGFKGEQGPKAEP,5,0.659061,0.6969259969782713
10547,AGFKGEQGPKGAP,5,0.706274,0.717234962611971
10548,PGIAGAPGFPGAR,5,0.255515,0.36269675143015484
10549,PGIAGFKGEQGPK,5,0.44624899999999995,0.3680040088435492
10550,PGLRGLPGKDGET,5,0.035373,0.1372629273336182
10551,QTEKLVAGKSQIQ,5,0.0,0.27164728329941745
10552,AAYRTAATAANAA,5,0.419892,0.7440765471733167
10553,AFILCGDNLFPKV,5,0.624432,0.9518708242486874
10554,AFILDFDNLFPKV,5,0.8015720000000001,0.8946252166676255
10555,AFILDGDDLFPKV,5,0.38109,0.8598359395991402
10556,AFILDGDILFPKV,5,0.620371,0.8715481296394957
10557,AFILDGDNCFPKV,5,0.799511,0.9697595646637898
10558,AFILDGDNHFPKV,5,0.571646,0.9844745942585571
10559,AFILDGDNPFPKV,5,0.14884,0.9560041270570557
10560,AFILDGDNVFPKV,5,0.75239,0.9768026748062995
10561,AFILDGDRLFPKV,5,0.476709,0.9043388715849741
10562,AFILDGDYLFPKV,5,0.630961,0.9155339464167299
10563,AFILDGINLFPKV,5,0.64512,0.9621391874172661
10564,AFILDGPNLFPKV,5,0.645971,0.9517886409949422
10565,AFILDGVNLFPKV,5,0.887383,0.9652906221652312
10566,AFILDKDNLFPKV,5,0.671999,0.8964675279095402
10567,AFILDQDNLFPKV,5,0.791343,0.957674212177754
10568,AFILDWDNLFPKV,5,0.713681,0.9643537162878124
10569,AFILHGDNLFPKV,5,0.605021,0.962889948187956
10570,AFILNGDNLFPKV,5,0.593861,0.9356492710474532
10571,AFILTGDNLFPKV,5,0.630638,0.9708974614408846
10572,AGWLADRSVRYPI,5,0.802766,0.5934447658107552
10573,ASFTLASSETGVG,5,0.574375,0.7379903836279812
10574,ASTEYTPIGDNKA,5,0.386966,0.29047199350137165
10575,AVFEAALTKAITA,5,0.0,0.8493123463957226
10576,CAYQAEPNTCATA,5,0.425625,0.3847276992973838
10577,DKFKIFEAAFSES,5,0.075878,0.5943707069790715
10578,DMTPADALDDFDL,5,0.0,0.18353974580037835
10579,DPIELNATLSAVA,5,0.382186,0.6230853301118808
10580,DYIDAYVSRLLDD,5,0.044433,0.5187277111326377
10581,DYVVMSAWYKEPN,5,0.116325,0.3876954649746333
10582,EEFVVAFDLPGIK,5,0.749713,0.8056685651119598
10583,EEYVEIRQVGDFH,5,0.0,0.2276768199561053
10584,ESYKFIPTLEAAV,5,0.600963,0.8385828276366933
10585,FHYRAISTRYTLD,5,0.678583,0.6988866167055714
10586,FYKTLRAEQASQE,5,0.760935,0.7497435641037524
10587,GINYLIDTTSREL,5,0.341391,0.5423334452230706
10588,GSFINISVVGPAL,5,0.394527,0.7611266844317648
10589,IIVILSPLLNAQN,5,0.35530900000000004,0.407844581164505
10590,ILLSNAPLGPQFP,5,0.0,0.5026805170392592
10591,KPLLIIAEDVEGE,5,0.451477,0.27321124541156433
10592,MEALTFKACDHIM,5,0.026114,0.2522386283984817
10593,NFFRMVISNPAAT,5,0.778379,0.6951917371986237
10594,NFFRMVISNPQAT,5,0.723124,0.6835620418880013
10595,PRFLEQVKHECHF,5,0.300501,0.2638859234665373
10596,QDEKDYIDAYVSR,5,0.0,0.15557765572620447
10597,QPLALEGSLQSRG,5,0.550126,0.3833206595411984
10598,RAFTLASSETGVG,5,0.574375,0.8041781076766115
10599,RFYKTLRAEQASQ,5,0.8396450000000001,0.7739630670942933
10600,RSATLASSETGVG,5,0.0,0.6313466311575757
10601,RSFALASSETGVG,5,0.621587,0.8025869722919852
10602,RSFTLAASETGVG,5,0.6384380000000001,0.7975355769623902
10603,RSFTLASSEAGVG,5,0.659061,0.8415009393633733
10604,RSFTLASSETAVG,5,0.6384380000000001,0.8933579701875733
10605,RSFTLASSETGAG,5,0.621587,0.7842318804977998
10606,RSFTLASSETGVA,5,0.6384380000000001,0.9135158465157271
10607,RSFTLASSETGVG,5,0.696468,0.8170339089075752
10608,SAMVYSSDDIPPR,5,0.127251,0.19845023489396496
10609,SPEVIPMFSALSE,5,0.720353,0.4873099779938498
10610,SSVDRYRNRVLLL,5,0.055016999999999996,0.26223864740031705
10611,SYDGVSEDTDDDD,5,0.0,0.09759266272379426
10612,SYLQDSDPDSFQD,5,0.46458999999999995,0.1764640813212424
10613,TYILIDMVLNRMA,5,0.14875,0.6921967532897393
10614,VILLNYVLKSLTR,5,0.47921400000000003,0.7091177049243851
10615,VKYAVFEAALTKA,5,0.111275,0.8334402776197019
10616,VNFFRMVISNPAA,5,0.762939,0.5537371920107443
10617,YTPIGDNKALISK,5,0.431059,0.45879834555160176
10618,AAGIGILTVILGVL,5,0.0,0.4083879623961532
10619,ANSLSTEWSPCSVT,5,0.345485,0.18780382466195897
10620,EAMSQANSAILMQR,5,0.356649,0.6307656789169764
10621,EYRSTVNPWASQLG,5,0.811314,0.4790078056050054
10622,HHMVKISGGPHISY,5,0.118281,0.21242087490431946
10623,KPLLIIAEDVEGEY,5,0.562685,0.34501327566618106
10624,MLFRILSLNLIKIK,5,0.620541,0.41871621877518833
10625,NTSYRLISCNTSVI,5,0.460962,0.4910707599947115
10626,QASLSTEWSPCSVT,5,0.27149,0.30209197963218015
10627,QNALSTEWSPCSVT,5,0.349452,0.20404493919657618
10628,QNSASTEWSPCSVT,5,0.0,0.12428168730732093
10629,QNSLATEWSPCSVT,5,0.37027899999999997,0.3109123788871673
10630,QNSLSTEASPCSVT,5,0.32915300000000003,0.300445843771171
10631,QNSLSTEWSACSVT,5,0.172308,0.30845818714669515
10632,QNSLSTEWSPASVT,5,0.39064899999999997,0.52314416888516
10633,QNSLSTEWSPCAVT,5,0.394527,0.26239402395157635
10634,QNSLSTEWSPCSAT,5,0.43743999999999994,0.2512450405913137
10635,QNSLSTEWSPCSVA,5,0.393216,0.21151071377086061
10636,QNSLSTEWSPCSVT,5,0.372381,0.2512450405913137
10637,QNSYSTEWSPCSVT,5,0.6254529999999999,0.26046978562945844
10638,RETQISKTNTQTYR,5,0.550616,0.5631810920659867
10639,RNKYLEEHPSAGKD,5,0.133139,0.3512788447835264
10640,TDRESLRNLRGYYN,5,0.0,0.5368342656726461
10641,TSICSLYQLENYCN,5,0.082576,0.4265852303050348
10642,VLAGWLFHVRGARR,5,0.16681300000000002,0.5526826429270633
10643,VNFFRMVISNPAAT,5,0.68565,0.719308330650471
10644,YARFQRQTTLKAAA,5,0.840776,0.7274724334737676
10645,YSYLQDSDPDSFQD,5,0.492313,0.2405043137841771
10646,AAAAPAAVGAAVGGT,5,0.095876,0.15970697132285017
10647,AAAGLAAAAPLESRQ,5,0.66714,0.5165222749040814
10648,AAAKVAHHMVKISGG,5,0.0,0.46631975916906276
10649,AAAKVLHHMVKISGG,5,0.15160099999999999,0.48773672091463666
10650,AAALHHMVKISGGPH,5,0.14316600000000002,0.4345584157367517
10651,AAGAQLLWQLPLLSI,5,0.0,0.4519278373072982
10652,AAGVAAWSLIALMIP,5,0.0,0.6825022902925636
10653,AALPLLFFALAGQRI,5,0.175085,0.6682239120548996
10654,AAPEAARSLASSLPG,5,0.179429,0.6379912831147968
10655,AAPLSWSKDIYNYME,5,0.27815,0.5729478927942696
10656,AASGADGTYDITKLG,5,0.120148,0.2079437893364586
10657,AAVELARALVRAVAE,5,0.457449,0.4243585997069773
10658,ADDLTAAINKGILVT,5,0.189068,0.7223613791752813
10659,ADNSLDYAANFSHML,5,0.397422,0.8215950975606994
10660,ADSVKGRFTISRDNS,5,0.660125,0.7039451817960218
10661,AELMILIATNLLGQN,5,0.0,0.606780580632741
10662,AENVKPPKVDPATYG,5,0.0,0.1715792032583829
10663,AFKVAAEAANAAPAN,5,0.582883,0.7532974998078737
10664,AFKVAAKAANAAPAN,5,0.605951,0.797785989260547
10665,AFKVAAQAANAAPAN,5,0.597878,0.7619539739873069
10666,AFKVAATAENAAPAN,5,0.190329,0.7540992179960507
10667,AFKVAATAKNAAPAN,5,0.298379,0.7377381461998179
10668,AFKVAATAQNAAPAN,5,1.0,0.5888906677081448
10669,AFKVAATAWNAAPAN,5,0.850625,0.7951964807170387
10670,AFKVAATFANAAPAN,5,0.26758000000000004,0.8434703110167964
10671,AFKVAATLANAAPAN,5,0.8494139999999999,0.8459227049566354
10672,AFKVAATRANAAPAN,5,0.475105,0.6410289778572394
10673,AFKVAATYANAAPAN,5,0.94639,0.7336373497804732
10674,AFMLAWNYGVPRVMS,5,0.593169,0.7382405101726472
10675,AFQGLFGGLNWITKV,5,0.0,0.47187843340124896
10676,AGALEVHAVKPVTEE,5,0.325612,0.27661629669324894
10677,AGAWRTAAVELARAL,5,0.7604529999999999,0.5946194201613613
10678,AGILARNLVPMVATV,5,0.656712,0.7067129999896589
10679,AGLLGNVSTVLLGGV,5,0.18273699999999998,0.680203996702547
10680,AGLLGVVSTVLLGGV,5,0.18273699999999998,0.5404425158729305
10681,AGLTHMMIWHSNLND,5,0.220362,0.7729101972427712
10682,AGRFEVHAQTVEDEA,5,0.363543,0.4391154711198503
10683,AGWDTVLQSITTILA,5,0.45201099999999994,0.7056701272714213
10684,AGYLVGRKPLAFFSW,5,0.151307,0.6509334806368863
10685,AHARSYQTLSTQAAA,5,0.3933,0.7751733513638098
10686,AHWTEARIMLDNINM,5,0.208175,0.619355832402478
10687,AIAGAWENGVCGIRS,5,0.347697,0.22622310509431373
10688,AIFLTTLSRTSKKRS,5,0.692589,0.8773790189375769
10689,AIGIITLYLGAVVQA,5,0.20135999999999998,0.6598823869033018
10690,AINIFNVEKYGAVGD,5,0.132851,0.7054558588251016
10691,AKEKPQEGTVVAVGP,5,0.0,0.1216360226151146
10692,AKPDGKTDCTKEVEE,5,0.063148,0.10052511068001783
10693,ALFSGVSWVMKIGIG,5,0.649331,0.6189495978402865
10694,ALKESWGAIWRIDTP,5,0.429422,0.37526282243349646
10695,ALLPRAGAAAAAALP,5,0.0,0.4385042350956761
10696,ALQSHDDVALVSVMW,5,0.088147,0.5212720477813559
10697,ALRVIAGALEVHAVK,5,0.270725,0.5945441193567947
10698,ALSDPYLSFAAALNG,5,0.573823,0.7595170233001377
10699,ALSLTFIRSTMSLVM,5,0.588324,0.9171690514528427
10700,ALTKAITAMSEVQKV,5,0.551417,0.7566538042021009
10701,AMFVEDIAMGYVVSS,5,0.26343,0.5139827345228434
10702,ANQFNKAISQIQESL,5,0.765983,0.6420485542322474
10703,APGAAAAPLSWSKDI,5,0.223987,0.4973665411131031
10704,APNGGFRRIPRGALH,5,0.5361319999999999,0.30620810470605253
10705,APSVVPNTTLGMHCG,5,0.383169,0.6056634537930247
10706,APYMVGDVITSGDIT,5,0.32109,0.614074285061237
10707,AQAVYDFRSIVDYLR,5,0.020159,0.6994795787347271
10708,AQIYQAVSAQAAAIH,5,0.498993,0.762099262123844
10709,ARGYISTRVGMGEAA,5,0.741599,0.5139108377025372
10710,ARNLVPMVATVQGQN,5,0.579539,0.593897065540846
10711,ASAAILGHDGTVWAQ,5,0.718064,0.399625161438286
10712,ASIAARGYISTRVGM,5,0.413666,0.7448647163832055
10713,ASLIYRRRLMKQDFS,5,0.302223,0.8159840110214529
10714,ASNPNYLAILVKYVD,5,0.42422600000000005,0.5376651153469891
10715,ASPLTGIADASQSSM,5,0.626666,0.7813636468865972
10716,ASVGKMIDGIGRFYI,5,0.20848699999999998,0.44204422458803455
10717,ATPPPPPPPQLGASP,5,0.0,0.03296270022523048
10718,ATSPTAEGGKATTEE,5,0.07891799999999999,0.055200157805415394
10719,ATTANVPPADKYKTF,5,0.22572399999999998,0.19011987641700742
10720,AVFEAALTKAITAMS,5,0.587727,0.8480276384951062
10721,AVFEAALTKAITAMT,5,0.609494,0.8605142996644868
10722,AVGLFIRLLGGESDA,5,0.389798,0.45840047883107343
10723,AVHVWLRLPAGRVEI,5,0.07351,0.5809485271072219
10724,AVIRGKKGAGGITIK,5,0.128941,0.17756313916118496
10725,AVMLTFDNAGMWNVR,5,0.651775,0.6871153464571639
10726,AWASACGGTGKNTIV,5,0.11325999999999999,0.09499956400780754
10727,AWMSAAATQAEQAAT,5,0.608346,0.6299009129280544
10728,AYGSFVRTVSLPVGA,5,0.529374,0.8780757493402331
10729,AYSDDKSMKVTVAFN,5,0.5614520000000001,0.6143744558599612
10730,AYTSSDDQISLFDQS,5,0.084276,0.4329411971426004
10731,AYVATVSEALRIIAG,5,0.439251,0.8338812172295199
10732,CADILAIASRVLVTM,5,0.19151400000000002,0.7975937395499348
10733,CDASILIDPLSNQSA,5,0.612347,0.7890967289876485
10734,CDGERPTLAFLQDVM,5,0.0,0.45267146441054096
10735,CGGTGKNTIVIPKGD,5,0.0993,0.22044005571003714
10736,CGYKDVDKPPFDGMT,5,0.507545,0.18968585345386388
10737,CIEYVTLNASQYANC,5,0.607902,0.8463797333693561
10738,CMTVQGGETMNSVIQ,5,0.5116470000000001,0.4507288989054385
10739,CPLDHVNTLHFLTRG,5,0.15301199999999998,0.6258891450030301
10740,CQFLKVEKSQLLNEF,5,0.110765,0.5834529897273378
10741,CRSCTLPPLRYMGED,5,0.177222,0.6556700509147925
10742,CSNLSTCVLGKLSQE,5,0.114014,0.5637006513283248
10743,CTGMLKRRLGLMSLS,5,0.496324,0.7503265141542781
10744,DALTLRTATNIWIDH,5,0.547395,0.5867069528298489
10745,DAPYMVGDVITSGDI,5,0.385861,0.7148595153460662
10746,DCSEYPKPDCTAEDR,5,0.0,0.10893177849650236
10747,DEARRMWASAQNISG,5,0.586573,0.7652587386886139
10748,DEPMVQVEAGKVNHS,5,0.157136,0.5254918712249841
10749,DESWQQFRQELIPLL,5,0.047788,0.7482073351318158
10750,DFGNSYIAEMETESW,5,0.43400500000000003,0.39283144171891726
10751,DFSYLQDSDPDSFQD,5,0.32564099999999996,0.4476811142537654
10752,DGQGKAVWGKNSCAK,5,0.20643899999999998,0.2816113378438541
10753,DHTNFKYNYSVIEGG,5,0.386306,0.5962351527723689
10754,DIDLGRNEVVNDVST,5,0.222215,0.384135723097319
10755,DIFTNSRGKRASKGN,5,0.21814,0.7363853007802967
10756,DIKVQFQSGGNNSPA,5,0.630469,0.5449865842464177
10757,DINASFRAAMATTAN,5,0.567118,0.7459124601480958
10758,DITVKNCVLKKSTNG,5,0.260988,0.6333981028186774
10759,DIVIYSKYGGTEIKY,5,0.0,0.36518078364342255
10760,DKKCIEWEKAQHGAC,5,0.6660699999999999,0.33906386678705025
10761,DKLTGPFTVRYTTEG,5,0.16331199999999998,0.47350205933483597
10762,DKPFQNVNRITYGAC,5,0.21628000000000003,0.46391107864090947
10763,DKVYEILKINSVKYY,5,0.684621,0.6666997513995156
10764,DLTILGLAAEWVLAY,5,0.342091,0.6507210382209556
10765,DLVANQPNLKALREK,5,0.813157,0.4162296143321889
10766,DMDKVETFLRIVQCR,5,0.374753,0.6781421264010439
10767,DMLKLFEFNKKAIET,5,0.082937,0.6407788720037637
10768,DNLFPKVAPQAISSV,5,0.0,0.8213055031993844
10769,DQSYLQDSDPDSFQD,5,0.36946999999999997,0.29874792787887683
10770,DRTELLEMVCFHEFL,5,0.268411,0.2868685588980302
10771,DTFRKDFRVYDNFLR,5,0.380924,0.4370309247896335
10772,DVDIIVDARLDLSST,5,0.0,0.4440817313671994
10773,DVFYNGAYFVSSGKY,5,0.391363,0.6724617566220242
10774,DVLSQPMLPHTWDGS,5,0.1767,0.34017809025099993
10775,DYSFLQDSDPDSFQD,5,0.414657,0.39013159858342067
10776,DYSQLQDSDPDSFQD,5,0.0,0.16048436369522678
10777,DYSYFQDSDPDSFQD,5,0.424523,0.3299338721863042
10778,DYSYLQDSDPDSFQD,5,0.337989,0.360158002191237
10779,DYSYQQDSDPDSFQD,5,0.362585,0.19724805027478087
10780,EAAFNKAIKESTGGA,5,0.32124,0.5502018640701585
10781,EAVLEDPYILLVSSK,5,0.496197,0.7192435785531328
10782,EAYRMRFAAVITRVI,5,0.5668770000000001,0.7034504345025049
10783,EDPLFQLVSKLYEVV,5,0.424755,0.5977877978133612
10784,EEDIEIIPPIQEEEY,5,0.0,0.1211002191751051
10785,EEFVSLASRFLVEED,5,0.468818,0.7233583167521184
10786,EEIITLNSYGSFQEF,5,0.688214,0.7437548332234682
10787,EENLVRSMVSAGSGE,5,0.775133,0.7249494331070852
10788,EFIPMKSSWGAIWRI,5,0.628645,0.6579379942133526
10789,EFVTLAAKFIIEEDS,5,0.357879,0.6951983904159924
10790,EGHHLASAAIFGHDG,5,0.37175199999999997,0.609371036308977
10791,EGHHLASAAILGHDG,5,0.43078299999999997,0.5714355581962903
10792,EGKVVQYENLKYTVI,5,0.331801,0.6482983037312366
10793,EHELYVAVLSNALHR,5,0.10737000000000001,0.8209196721543487
10794,EIESCRKNSCECNFE,5,0.0,0.1653955310698394
10795,EITGIMKDFDEPGHL,5,0.505638,0.3154651764129288
10796,EKEENLVRSMVSAGS,5,0.637229,0.7636407168740308
10797,EKMFVSPTPGQRNPY,5,0.851153,0.4580494626900369
10798,ELAAVSVDCSEYPKP,5,0.194208,0.40011397429602447
10799,ELKESWGAIWRIDTP,5,0.33102800000000004,0.4284375676967176
10800,ELLDQSDVKEPGVSR,5,0.325703,0.24538296667766274
10801,ELLVTFKNAHAKKQE,5,0.675524,0.7536790557345592
10802,ELYKYKVVKIEPLGV,5,0.681631,0.5861824410396668
10803,EMETESWIVDRQWAQ,5,0.269557,0.5001198399567482
10804,ENEYATGAVRPFQAA,5,0.47888400000000003,0.6002203031485661
10805,EPAYFATAESVRDHL,5,0.754039,0.8337022702197951
10806,EQCCTSICSLYQLEN,5,0.175289,0.3612919645304141
10807,EQCGRQAGGKLCPNN,5,0.14515,0.09724921733024444
10808,EQFLGALDLAKKRVH,5,0.439396,0.6404657617253436
10809,ERRNKYLEEHPSAGK,5,0.360028,0.2882169890067244
10810,ESLHNPYPDYHWLRT,5,0.085529,0.18700739972844047
10811,ESSFVMMSAPPAEYK,5,0.375605,0.6141793584011154
10812,ESTGGAYDTYKSIPS,5,0.63164,0.37750053161813846
10813,ESWGAVWRIDTPDKL,5,0.37917,0.3913710903670317
10814,ESWIVDRQWAQDLTL,5,0.260203,0.5250005786267077
10815,ETLYRIDGAHLTKMS,5,0.409533,0.47083570804970937
10816,EVFCQTIKLDSEEYH,5,0.249898,0.34611692344207773
10817,EVLGFRMVQDERVGR,5,0.576974,0.39312870199325706
10818,EVVKANGGYLAAGKL,5,0.45406499999999994,0.39713160728257935
10819,EVYEARLTKFKYLAG,5,0.43291999999999997,0.5386329068679662
10820,EYIEAAKWLLPPPKV,5,0.34220500000000004,0.47267179439848583
10821,FARIETAFANLYPGE,5,0.91504,0.7236135039739335
10822,FAVATITHAAELQRV,5,0.694444,0.6680042098106868
10823,FDELELDPPEIEPGV,5,0.142821,0.12548826980194225
10824,FDHEFTFGWDELLSK,5,0.06292,0.49422975798630087
10825,FDPYGATISATPESA,5,0.44067799999999996,0.7538129889191273
10826,FDREFTFGWDELLSK,5,0.10510699999999999,0.46805381208709973
10827,FEAAFNDAIKASTGG,5,0.376269,0.7517674274257606
10828,FEFNKKAIETLNDNT,5,0.08103400000000001,0.6808781209484305
10829,FENLVAENVKPPKVD,5,0.281733,0.47920368074656
10830,FEQITFMQALQLLLE,5,0.45992,0.7927182556475604
10831,FFVKNPTDTGHGTVV,5,0.39111,0.5684911908153135
10832,FGPASFARIETAFAN,5,0.929775,0.7397978655068675
10833,FGTMPSLTLACLTKQ,5,0.9029020000000001,0.8445499967276239
10834,FIMAYVNQAHHIDLM,5,0.36753,0.8264633901358894
10835,FIVFLLLAGRSCSYK,5,0.49987700000000007,0.7407227832259298
10836,FKKLKNHVLFLQMMN,5,0.6920270000000001,0.5650561640934875
10837,FLAVAVVLGLATSPT,5,0.636713,0.7563939445613616
10838,FLFQRAVAREAIIAL,5,0.574955,0.6315623549285837
10839,FLLMYEMHRESLLKS,5,0.794642,0.7367238071486345
10840,FNSLISIAQHLVSDR,5,0.353125,0.8384046085184831
10841,FPPNGTHSWEYWGAQ,5,0.20439200000000002,0.31081677439849076
10842,FQSHQLWATLLSLTF,5,0.557322,0.6965762731146105
10843,FQTMPGTFQTTTGEI,5,0.500815,0.7425014993131894
10844,FQTVGSGLDHILSLA,5,0.186694,0.5816760280977212
10845,FRKEIGRMLNILNGR,5,0.807242,0.7611380978614085
10846,FRKYTAFTIPSINNE,5,0.47470500000000004,0.8691625657700557
10847,FTSLEYIEAAKWLLP,5,0.405602,0.6762873917496738
10848,FVMMSAPPAEYKLQQ,5,0.412954,0.6745402229295675
10849,FVNQHLCGSHLVEAL,5,0.359299,0.5752260883926137
10850,FVRIQPGQTFSVLAC,5,0.32121700000000003,0.8419340757730919
10851,FVVTGRVYCDPCRAG,5,0.173819,0.21491252065017794
10852,FWYVNHTGFNVHSLP,5,0.044891,0.7830728415696092
10853,GAKRIPVDVSEGDIV,5,0.0,0.3298708876311678
10854,GARYLEFEALGFLNE,5,0.366208,0.669356977757357
10855,GAVDIINKWQVVAPQ,5,0.061096000000000004,0.6571782536050732
10856,GAYFVSSGKYEGGNI,5,0.251515,0.6870978149452884
10857,GEGIPLYDAIKCMRT,5,0.07560399999999999,0.5630169904349909
10858,GEIIRAATTSPAREN,5,0.9508489999999999,0.8361117631042875
10859,GEIYKRWIILGLNKI,5,0.314332,0.6107294699914148
10860,GELEFEEFVSLASRF,5,0.584646,0.5579104590967738
10861,GELQIVDDIDAAFKI,5,0.54464,0.8467117853927182
10862,GELQIVDIIDAAFKI,5,0.568237,0.9406965540290118
10863,GELQIVDKFDAAFKI,5,0.206884,0.9096783595138883
10864,GELQIVDKLDAAFKI,5,0.33855599999999997,0.9495185071289347
10865,GELQIVDKRDAAFKI,5,0.220309,0.8867030121366349
10866,GELQIVDKYDAAFKI,5,0.29629099999999997,0.9188745518642976
10867,GELQIVDQIDAAFKI,5,0.502152,0.9437249820838742
10868,GELQIVDWIDAAFKI,5,0.5249090000000001,0.9652844314693617
10869,GELQIVHKIDAAFKI,5,0.6007560000000001,0.9674540121973512
10870,GELQIVNKIDAAFKI,5,0.610872,0.9695889312999161
10871,GELQIVTKIDAAFKI,5,0.532392,0.9585499189866017
10872,GENGRKTRSAYERMC,5,0.35906,0.34426635542830336
10873,GEVEIQFRRVKCKYP,5,0.126933,0.3908127301653914
10874,GEVLNALAYDVPIPG,5,0.42944799999999994,0.632344265011007
10875,GFTRRFKFLLNISYL,5,0.820625,0.7847422828674767
10876,GGACGYKDVDKPPFS,5,0.320533,0.21769767650890268
10877,GGGFGMLLRKYGIAA,5,0.20067000000000002,0.46456085199391345
10878,GGSILKISNKFHTKG,5,0.589971,0.7603106719013264
10879,GGSILKISNKYHTKG,5,0.479975,0.7104002161955989
10880,GHMLDMYSVMLTNDN,5,0.370154,0.7252862672224
10881,GIHTVFGSAFQGLFG,5,0.0,0.5955130520384287
10882,GIKVGYTAHIRKATE,5,0.369704,0.7187041842423236
10883,GIRHLFGNYITNDSY,5,0.830915,0.7494714472536329
10884,GIVEQCCTSICSLYQ,5,0.140692,0.2750646836907729
10885,GKGTLDGQGKAVWGK,5,0.258927,0.16442453468766102
10886,GKIDFLNNYALFLSP,5,0.514997,0.7690514197798973
10887,GKIVHISPLSGSAQH,5,0.614889,0.7439646292560383
10888,GKLFTQTMKGVERLA,5,0.119326,0.6016745397350799
10889,GKLIHEWCCRSCTLP,5,0.308881,0.421566862312612
10890,GKQAANVEATSYALL,5,0.209152,0.6807442739743607
10891,GKQLYNVEATSYALL,5,0.525332,0.8304229508211962
10892,GKSSFCDICGEELPT,5,0.17491099999999998,0.23520595372237407
10893,GKTVWFVPSIKAGND,5,0.657672,0.7125062654019401
10894,GLAYKFVVPGAATPY,5,0.6492140000000001,0.6211547231542655
10895,GLEWNDNTVRVSETL,5,0.211283,0.5395174750201862
10896,GLLFFIMKNTTNTRR,5,0.856489,0.9356438656259987
10897,GLLFSIMKNTANTRR,5,0.8400059999999999,0.9187850348407338
10898,GLLFSIMKNTTNARR,5,0.935407,0.9066343778896923
10899,GLLFSIMKNTTNSRR,5,0.8344790000000001,0.9386037996586476
10900,GLLFSIMKNTTSARR,5,0.920098,0.9266852641999804
10901,GLLFSIMKNTTSTRR,5,0.891517,0.9418588393899552
10902,GLLFSVMKNTTNTRR,5,0.796996,0.905018675490125
10903,GLSGEPKGGAESSSK,5,0.216685,0.11296061358321008
10904,GLTHMMIWHSNLNDT,5,0.15754400000000002,0.7743614277729172
10905,GLVPKLDAAYSVAYK,5,0.400411,0.5720668722622743
10906,GMTGMLWETSLLDPE,5,0.5341229999999999,0.6055630222947671
10907,GNIVAVDIKPKDSDE,5,0.404291,0.4336088027959907
10908,GNQAANVEATSYALL,5,0.22448,0.6873382202342849
10909,GPPVEASAAALAGDA,5,0.1987,0.2497296874146402
10910,GQDYWDEETRKVKDN,5,0.40877399999999997,0.3512273429120014
10911,GRKRPIVRILRRVHH,5,0.343262,0.4211593886556923
10912,GRKTRSAYERMCNIL,5,0.463309,0.5619565350847281
10913,GSHLVEALYLVCGER,5,0.16605999999999999,0.46782016927069786
10914,GSILKISNKYHTKGD,5,0.318296,0.7357196960156942
10915,GTGVLTPSSKRFQPF,5,0.35448,0.690217283627825
10916,GTKGEAKDVIPEGWK,5,0.0524,0.1003284640940046
10917,GVLKNEFMSLAFDYW,5,0.786351,0.7124426344950286
10918,GWIISNIFGAIPVLA,5,0.473053,0.8619423870903951
10919,GWIISNIFGAIPVLG,5,0.46538199999999996,0.8335912434246339
10920,GYKDWILWISFAISC,5,0.041988,0.6113258326765912
10921,HAYYLQYKNVRPDYL,5,0.578789,0.639451192079688
10922,HDYEGLSYRSLQPET,5,0.137286,0.509944245894694
10923,HEWCCRSCTLPPLRY,5,0.31761500000000004,0.3472493775513833
10924,HFSNVFRSVMAPFTM,5,1.0,0.7519604223943448
10925,HGRQIRMAKLLGRDP,5,0.377465,0.5893827324331713
10926,HMAKEDLVANQPNLK,5,0.220453,0.4069355541658218
10927,HSLLRTQRLHKFLVC,5,0.336911,0.7094490527779487
10928,HSRNLINELSERMAG,5,0.415288,0.5873532732883064
10929,HTLWSNGVLESDMII,5,0.521139,0.7569661537287349
10930,HTQTAGPWHLGKLEL,5,0.0,0.2854335978572639
10931,IAAMMTSPLSVASMT,5,0.612686,0.7888663705889349
10932,IAIAFLSVSNNYEYI,5,0.898222,0.8199855744731384
10933,IAPIMFSNKMARLGK,5,0.445329,0.7889171613271924
10934,IASLFAAAGLAAAAP,5,0.7957310000000001,0.9249719358515327
10935,IDQVTIAGAKLRSLN,5,0.403124,0.6321747949057547
10936,IEFRFYKEITNVFRG,5,0.756316,0.7479907361766296
10937,IFDSRGNPTVEVDLF,5,0.144345,0.338758297706318
10938,IGFRKEIGRMLNILN,5,0.693992,0.7553646436458034
10939,IGGWLLLEPWISPSV,5,0.33471999999999996,0.6287692744205432
10940,IGPEAAEAAAAAPAA,5,0.271932,0.37720631559417417
10941,IGRIAETILGYNPSA,5,0.8564649999999999,0.6557829498263213
10942,IHKASTVLAFPAGVC,5,0.334679,0.7944987115354457
10943,IIELFTAKGFTVQEM,5,0.41669399999999995,0.5978865326679298
10944,IISIVQMAPVSAMVR,5,0.555187,0.6907636647573827
10945,IISTFHLSIPNFNQY,5,0.6444989999999999,0.821864667666177
10946,IITPTNVSHIQSAVV,5,0.52978,0.7351390177198645
10947,IKDVLKYRWLNLSAN,5,0.9459780000000001,0.7960062114398722
10948,ILDLCYQLSMRIANQ,5,0.668269,0.7899937964831485
10949,ILFLVKMNALRRLPV,5,0.840776,0.8389528788863495
10950,ILKGLYNFATCGLIG,5,0.559144,0.7366634674912381
10951,ILKGVINIWGSGLLQ,5,0.37466,0.47833439751877876
10952,ILVQAGEAETMTPSG,5,0.0,0.2255915619938725
10953,IMRIKKLTITGKGTL,5,0.596291,0.6149114991079788
10954,INLIIHYVDRPGALG,5,0.581091,0.6980488838653464
10955,IPKEQKYSFLQNPQT,5,0.502772,0.6213026543382345
10956,IPKGDFLTGPLNFTG,5,0.357522,0.5525183086592175
10957,IPSIIHEALNIALIA,5,0.162191,0.6604876888210363
10958,IPVMAYLVGLFAWVL,5,0.12131800000000001,0.6445473122251457
10959,ISATPEWATPFPHRK,5,0.027942,0.519936826159696
10960,ISDFRAAIANYHYDA,5,0.808519,0.7710326210593431
10961,ISGLKPGVDYTITVY,5,0.303208,0.3598923978835903
10962,ISIVQMAPVSAMVRM,5,0.382024,0.6750743813662966
10963,ISSYKLDLTILGLAA,5,0.411357,0.6772169285941435
10964,ITAMSEVQKVSQPAT,5,0.32909499999999997,0.5221743779568735
10965,ITDAVGNDMPGGYCL,5,0.07936499999999999,0.2940603575005273
10966,ITFMQALQLLLEVEQ,5,0.53036,0.5852936419704976
10967,IVLNHMTGAQSGKGT,5,0.18592999999999998,0.7265187726631855
10968,IVQMAPVSAMVRMYI,5,0.277717,0.631724197888381
10969,IVQNAYKQMIKSRTL,5,0.42043100000000005,0.8450115604767876
10970,IYEPEDLGNCLNKSD,5,0.324469,0.4137702712671168
10971,IYWTIVKPGDILLIN,5,0.129916,0.6449086119700316
10972,KAIKESTGGAYDTYK,5,0.18271600000000002,0.17459823566844776
10973,KASNPNYLAILVKYV,5,0.5012340000000001,0.4991023537772977
10974,KCKYPEGTKVTFHVE,5,0.312895,0.32188370966828517
10975,KDKWIELKESWGAIW,5,0.22953800000000002,0.2871606116842994
10976,KEISNMLSIINKRKK,5,0.659808,0.8307648229971092
10977,KEVEEAWASACGGTG,5,0.127495,0.22303200349148408
10978,KEYTFPITLSSTSNP,5,0.48597700000000005,0.9054830274239748
10979,KFFYLLGLSAIMQVF,5,0.420775,0.8445049734723228
10980,KFTQFAGKDLESIKG,5,0.47512200000000004,0.5757754222167104
10981,KFVDSTVVASVTIID,5,0.412121,0.5994025278933232
10982,KGKDKWIELKESWGA,5,0.023433000000000002,0.21211735493516445
10983,KGLHHLQIILSGKMA,5,0.8248040000000001,0.6811455059735071
10984,KGSNDHYLALLVKYA,5,0.379824,0.5058252051052748
10985,KGVERLAVMGDVAWD,5,0.14015899999999998,0.3574685667064282
10986,KHLAVLVKYEGDTMA,5,0.346539,0.7503972359724643
10987,KIEIDQDHQEEICEV,5,0.203796,0.18085076437361924
10988,KIGIGVLLTWIGLNS,5,0.34360300000000005,0.632043309545458
10989,KILEPFRKYTAFTIP,5,0.0,0.7549490144212653
10990,KKGAGGITIKKTGQA,5,0.041794,0.14620093050035288
10991,KLCLMKAQPTSWPLQ,5,0.573338,0.7469167882536327
10992,KLCPNNLCCSQWGWC,5,0.056672,0.2454558896686468
10993,KLDLTILGLAAEWVL,5,0.32358400000000004,0.6975397350323499
10994,KLKIQNVIIDECYGA,5,0.147573,0.6523244121227585
10995,KLPWKNESSIKVIKQ,5,0.438008,0.7336121810931925
10996,KLSQELHKLQTYPRT,5,0.085224,0.6503617685475988
10997,KLTITGKGTLDGQGK,5,0.394784,0.3575485399988504
10998,KMDKLELKGMSYAMC,5,0.285873,0.5708984459743575
10999,KMPMYIAGYKTFDGR,5,0.215327,0.5059333032961725
11000,KNTIVIPKGDFLTGP,5,0.076602,0.505662482166308
11001,KPHYYTWGKADIAAN,5,0.03953,0.6193107581054362
11002,KPPFSGMTGCGNTPI,5,0.26042600000000005,0.15620435420356032
11003,KQCFRKLPVNRPIDW,5,0.659061,0.524147582544444
11004,KQIANELNYILWENN,5,0.463106,0.4891798273746545
11005,KRFFLPVFSDEVLAG,5,0.788459,0.8171661556023864
11006,KRWIILGLNKIVRMY,5,0.403826,0.7254044234535599
11007,KSIIKARVVWKAIIE,5,0.39058699999999996,0.7624615533615873
11008,KSMKVTVAFNQFGPN,5,0.669646,0.6840374773273662
11009,KSRTLKSFFAWSLSD,5,0.43333699999999997,0.8158956694049534
11010,KSTNGLRIKSYEDAK,5,0.189588,0.5094351788290947
11011,KTDCTKEVEEAWASA,5,0.24592199999999997,0.1257045562353534
11012,KTLILLETFVRVNPD,5,0.557605,0.7392119961725522
11013,KTLILLETFVRVNPE,5,0.6463869999999999,0.747018438979098
11014,KTRRFLPQILAECAR,5,0.618574,0.5807560676928457
11015,KTVSEGAVDIINKWQ,5,0.129657,0.5469353408917563
11016,KVGEVCSFYADPKRY,5,0.44681400000000004,0.43828044360164503
11017,KVTFLSQVHPSPLLT,5,1.0,0.649207664902212
11018,KYDAYVATLSEALRI,5,0.536918,0.8552477065394656
11019,KYKFVRIQPGQTFSV,5,0.37514699999999995,0.8469281594708482
11020,KYKTFEAAFTVSSKR,5,0.594548,0.8882288991616542
11021,KYTVIITVHTGDQHQ,5,0.8073359999999999,0.4255488223786229
11022,LAQILMDNDLAATND,5,0.763171,0.556760317095865
11023,LCAVQLLLMRTSWAL,5,0.6259859999999999,0.8487024699937061
11024,LCTSQILLMRTTWAL,5,0.578921,0.8207605371463464
11025,LDGNLLSSNDLAKYK,5,0.554014,0.6403153643605165
11026,LDMIITAVNSLISDN,5,0.11147,0.8136652345714998
11027,LEAKATFYGSNPRGA,5,0.414328,0.5539866635831472
11028,LEKISNEIKIVATPD,5,0.28294400000000003,0.6611067507158064
11029,LFFNHHKVMLLGHDD,5,0.537992,0.7144680001589356
11030,LFGGLNWITKVIMGA,5,0.15191400000000002,0.7260737603422843
11031,LGAVYRYKKLKEMSA,5,0.31946399999999997,0.4948892278060454
11032,LGEVFIAQSKGLYRQ,5,0.16698,0.7123905587246935
11033,LGMNHVLQSIRRNYP,5,0.832026,0.8317318321220922
11034,LGSQEGAMHTALTGA,5,0.22606300000000001,0.35205412817103476
11035,LHFSEALRIIAGTPE,5,0.482126,0.8545136534435909
11036,LHLYSHPIILGFRKI,5,0.598531,0.748466113972872
11037,LIKTLQSKLSRNFTK,5,0.576419,0.8004197940497768
11038,LKCRLKMDKLELKGM,5,0.262908,0.28626319159934077
11039,LKLATGMRNVPEKQT,5,0.206788,0.5817951147878471
11040,LKNCVDAKMTEEDKE,5,0.043571,0.31530015372199366
11041,LLFSIMKNTTNTRRG,5,0.756175,0.8952502414274701
11042,LLKIWKNYMKIMNHL,5,0.548715,0.7551691890359004
11043,LLNEFNNLYADKVSV,5,0.6383939999999999,0.5683753295976626
11044,LLTWIKMLAAKNLPI,5,0.6183489999999999,0.7709881589954465
11045,LLVTFKNAHAKKPEV,5,1.0,0.7128201339894021
11046,LLWDYMCISLSTAIE,5,0.807823,0.8337606485445422
11047,LNIKLNMPLYIAGNK,5,0.420162,0.6721639311224848
11048,LNWITKVIMGAVLIW,5,0.0,0.7092480572866668
11049,LQFAKLTGFTLMGKG,5,0.562855,0.6320723718724576
11050,LQFNQMMNPSHVKFL,5,0.7348180000000001,0.7214191392551463
11051,LQMVGMRRPQQGASG,5,0.11,0.4755332546940873
11052,LQSLWANFYELLADA,5,0.042258,0.7184012378424685
11053,LRAHRLHQLAFDTYQ,5,0.211418,0.5398047161274194
11054,LRIAAKIYSEADEAW,5,0.024949000000000002,0.7121928355221668
11055,LRKDYIKRQGSTPLA,5,0.644904,0.5722734187024007
11056,LRTKLMTSRRVLEKE,5,0.306741,0.631225111143338
11057,LRYRYGLFKQRIAKE,5,0.45011899999999994,0.7447432167260678
11058,LSFAAALNGLAGPLH,5,1.0,0.5351747140652826
11059,LSKDGCTSAKGPDYK,5,0.15575799999999998,0.10837486267763251
11060,LSPLTKGILGFVFTL,5,0.322423,0.5932130822146038
11061,LSSNDLAKYKANWIE,5,0.25967399999999996,0.5177720867771457
11062,LSYRSLQPETFAVVD,5,0.426358,0.7376569664449985
11063,LSYYKLGASQRVGTD,5,0.713288,0.8109811226592291
11064,LTHMMIWHSNLNDAT,5,0.196891,0.8000817836130991
11065,LVIPENAKEKPQEGT,5,0.0,0.1276304698197201
11066,LVKFVAGDGDVVAVD,5,0.391496,0.31942865124489195
11067,LVKYEGDTMAEVELR,5,0.378326,0.5299364674197556
11068,LVPFVQWFVGLSPTV,5,0.470583,0.7341897852763093
11069,LVSKLYEVVPGILTE,5,0.579177,0.6136558604473298
11070,LWNGPMAVSMTGVMR,5,0.509204,0.8379431380578907
11071,LWTQSLRRELSGYCS,5,0.378782,0.5757200250635186
11072,MAFLRSVSRLAAAVF,5,0.21999899999999997,0.644183756024382
11073,MASSSSVLLVVALFA,5,0.34021399999999996,0.5670989803259596
11074,MASSSSVLLVVVLFA,5,0.263406,0.5420796172334551
11075,MDCIIFESASKARLP,5,0.6529229999999999,0.8753308928823913
11076,MGAVLIWVGINTRNM,5,0.111471,0.7684437890055373
11077,MGEAVQNTVEDLKLN,5,0.41563900000000004,0.352179433799433
11078,MGNSKSKSNPSSSSE,5,0.124055,0.3692946151769595
11079,MGQLISFFGEIPSII,5,0.330403,0.6233061860154194
11080,MGRDIKVQFQSGGAN,5,0.459059,0.559483375840903
11081,MILVGVIMMFLSLGV,5,0.167017,0.41582806541744977
11082,MLLRKYGIAAENVID,5,0.15937,0.7217165626276908
11083,MNALRRLPVICSFLV,5,0.762939,0.7648943460784345
11084,MNMSRQGIFQTVGSG,5,0.31919699999999995,0.635121042462586
11085,MPFVTTQPEALAAAA,5,0.601012,0.872770625656629
11086,MSFVTTQPEALAAAA,5,0.697426,0.9091526545185427
11087,MSLLTEVETYVLSII,5,0.25047600000000003,0.6307995493774232
11088,MSLLTEVETYVLSIV,5,0.19252,0.6307995493774232
11089,MSQIMYNYPAMMAHA,5,0.038097000000000006,0.6587833699509578
11090,MSQIMYNYPAMRAHA,5,0.032513,0.7662141749060021
11091,MVVERLGDYLVEQGM,5,0.270725,0.2386920112170651
11092,MYFHRRDLRLASNAI,5,0.8568379999999999,0.9051272291995807
11093,NCEALSLVSHIVKWK,5,0.27234200000000003,0.7217029471588101
11094,NCVLKKSTNGLRIKS,5,0.447792,0.718094031634601
11095,NDAIKASTGGAYESY,5,0.32054499999999997,0.6031244928056089
11096,NDFLKTGHYTQMVWA,5,0.359619,0.6232159656179094
11097,NDKPFQNVNRITYGA,5,0.34062,0.5299737323497584
11098,NFTVGRIIELFTAKG,5,0.515992,0.7454889274773994
11099,NHFFNHHKVMLLGHD,5,0.605693,0.7383082068111614
11100,NHFFNHHKVMLLGHS,5,0.506776,0.7383082068111614
11101,NHLINTPKIMPHHII,5,0.21662399999999998,0.5172842225109421
11102,NHVIQSVRRLYPKIF,5,0.368263,0.5825298992717464
11103,NIWADDLAASLSTLE,5,0.655602,0.732751030855416
11104,NKGILVTVNPIASTN,5,0.66055,0.7788969811743939
11105,NKNFFWAVKPKAVRQ,5,0.401,0.8275726904947696
11106,NKYLEEHPSAGKDPK,5,0.433383,0.2319438579848237
11107,NLEYTIMITPHSGEE,5,0.908214,0.8093292833375909
11108,NLLWKQIANELNYIL,5,0.0,0.6693466693478086
11109,NLMGKTLILLETFVR,5,0.358953,0.7986491558972547
11110,NLNIKLNMPLYIAGN,5,0.054676999999999996,0.5567640338206369
11111,NLVIEGPTTCGYLPT,5,0.0,0.36131322067937527
11112,NMVVERLGDYLVEQG,5,0.26874899999999996,0.33246852463617566
11113,NNRIWLQFAKLTGFT,5,0.16517300000000001,0.7524359284031025
11114,NNVVQALTSLGLLYT,5,0.460455,0.6044451696169931
11115,NPLIRHENRMVLAST,5,0.384644,0.7935272255526606
11116,NPRQAYANYRDIDLG,5,0.193906,0.6806245133590911
11117,NPTDTGHGTVVMQVK,5,0.0,0.2765724723588613
11118,NRIMADGGSIQNTNL,5,0.441396,0.44169616878486234
11119,NRKELLVTFKNAHAK,5,0.783619,0.8392895718604183
11120,NSFYYMKGGVNTFLI,5,0.416365,0.8095958793134388
11121,NSLVYGASDSNVYDL,5,0.515053,0.5855451575966171
11122,NSVIQALTSLGLLYT,5,0.62942,0.7442685295331057
11123,NSVVQALTSLGLLYT,5,0.678629,0.6200933775716634
11124,NVNLQKQLLTNHLIN,5,0.278366,0.5937590643637191
11125,NVSHIQSAVVCGRRH,5,0.310327,0.5774744146733313
11126,NYLALLVKFVAGDGD,5,0.337463,0.42877225294038385
11127,PAAAYATATPAAATA,5,0.997243,0.3097551167929785
11128,PAGVCPTIGVGGNFA,5,0.15579500000000002,0.06572536879409126
11129,PALFFTFLANLNLTE,5,0.9889469999999999,0.6772454727694406
11130,PALLALLALPALLLL,5,0.383461,0.2463420212384802
11131,PASWKNNRIWLQFAK,5,0.57677,0.6821685508656031
11132,PCKGDSVTIKLDGNL,5,0.572134,0.32666896873540746
11133,PCRAGFETNVSHNVQ,5,0.49906000000000006,0.5381404777435925
11134,PDLPYDYGALEPAIS,5,0.46402200000000005,0.3800843844345401
11135,PEGLLWLLLTGKVPT,5,0.255398,0.8423933805267991
11136,PENAKEKPQEGTVVA,5,0.0,0.15954947565399916
11137,PEQIQLLKKAFDAFD,5,0.129092,0.4833811586690473
11138,PEVKYAVFEAALTKA,5,0.533035,0.8497693066835189
11139,PGTFQTTTGEIGAIA,5,0.733559,0.3578302606117262
11140,PIEHIASMRRNYFTA,5,0.178615,0.8094880525595873
11141,PIIIDQKYCPNKICT,5,0.375707,0.31293390437341045
11142,PIYIVTPTNASHIQS,5,0.19482,0.9089712338544621
11143,PKDSDEFIPMKSSWG,5,0.581791,0.4483748220578514
11144,PKGGAESSSKAALTS,5,0.21086100000000002,0.4909551877317712
11145,PKPGTRMVMTTTANW,5,0.716148,0.6067150854268376
11146,PLYKLVHVFINTQYA,5,0.810283,0.8256008470268347
11147,PPDAASAAPLRTITA,5,0.414166,0.520688689056963
11148,PPPPQLGASPYKLGP,5,0.30562,0.4224199349182997
11149,PPTATISGLKPGVDY,5,0.20166199999999998,0.34076628829697
11150,PQVKYAVFEAALTKA,5,0.44975699999999996,0.8794016987556152
11151,PSGLVIPENAKEKPQ,5,0.0,0.2831754979457676
11152,PSMGRDIKVQFQSGG,5,0.30864,0.46937388677322345
11153,PSPSMGRDIKVQFQS,5,0.031287,0.4090700303811293
11154,PSVFINPISHTSYCY,5,0.44214,0.796852860325079
11155,PTHRHLKGEACPLPH,5,0.356713,0.17539903320685593
11156,PTLAFPAGVCPTIGV,5,0.46488100000000004,0.4186145506799388
11157,PVGEIYKRWIILGLN,5,0.088811,0.5597822097615871
11158,PVGEIYKRWIIMGLN,5,0.23701799999999998,0.5914982025202276
11159,PVQEFTVPLQPPTAT,5,0.302616,0.6281539028387906
11160,PYGATISATPEWATP,5,0.380458,0.6692627808683036
11161,QAGGKLCPNNLCCSQ,5,0.08201900000000001,0.2832990396281633
11162,QASVNGVTLIGESVK,5,0.44235,0.5445300189671558
11163,QCAMRPNHTIKGSFL,5,0.309861,0.27761797428296925
11164,QDHQEEICEVVLAKS,5,0.538779,0.32784581858715134
11165,QDVLLFTPASTEPQS,5,0.699431,0.8770504429069238
11166,QEVFKAIQSLKTTEV,5,0.876343,0.8201608584931243
11167,QFKRASPILRFLYAN,5,0.824198,0.8119640420832631
11168,QFRRVKCKYPEGTKV,5,0.0,0.28108440776711674
11169,QGEPGAVIRGKKGAG,5,0.25913,0.1288989053642012
11170,QGEPGRVIRGKKGAG,5,0.135889,0.07997230829261462
11171,QHLCGSHLVEALYLV,5,0.124829,0.5173661124444306
11172,QHNHRPGYHTQTAGP,5,0.257773,0.34935933313206574
11173,QIHQYIMALREEYFD,5,0.522583,0.6792545386605849
11174,QIRMAKLLGRDPEQS,5,0.19700499999999999,0.48521484559184974
11175,QKLIEDINASFRAAM,5,0.619661,0.8553985324389275
11176,QKQLLTNHLINTPKI,5,0.49820200000000003,0.7280860407283861
11177,QKRTLSLLQYARYPI,5,0.39476700000000003,0.778589336965269
11178,QKYCPNKICTSKGDS,5,0.168656,0.3628699943543294
11179,QLSALWARFPLPVIP,5,0.09112999999999999,0.8342432297755599
11180,QLYSKFLLKAEPLAF,5,0.813304,0.6915242357561178
11181,QNFLLSNAPLGPQFP,5,0.629629,0.6786664926367906
11182,QNIFLSNAPLGPQFP,5,0.466584,0.6186491174564663
11183,QNILFSNAPLGPQFP,5,0.35292199999999996,0.6091283043505292
11184,QNILLSNAPLGPQFP,5,0.352213,0.5688643601889682
11185,QNILLSNAQLGPQFP,5,0.475971,0.5811857847711277
11186,QNILQSNAPLGPQFP,5,0.388151,0.5117631330219133
11187,QNILVSNAPLGPQFP,5,0.40694400000000003,0.48254983435360116
11188,QNIQLSNAPLGPQFP,5,0.388151,0.48400638813879243
11189,QNIVLSNAPLGPQFP,5,0.579116,0.5070541469230396
11190,QNQLLSNAPLGPQFP,5,0.184843,0.5286735856845204
11191,QNVLLSNAPLGPQFP,5,0.365624,0.505616458456449
11192,QPCNGVTMNDVKIEY,5,0.218838,0.35689224925561747
11193,QPNLKALREKVLGLP,5,0.407781,0.4684944582831903
11194,QTYVTQQLIRAAEIR,5,0.5226569999999999,0.7365862520100012
11195,QVFQVSHSFPHPLYD,5,0.284582,0.5471337123231591
11196,QVHFQPLPPAVVKLS,5,0.060530999999999995,0.5530375517630229
11197,QVPSASMGRDIKVQF,5,0.0,0.5930530620686211
11198,QVTIAGAKLRSLNLG,5,0.323196,0.7123569560723185
11199,QYENLKYTVIITVHT,5,0.574029,0.7063811261390728
11200,RADITTVSTFIDLNI,5,0.648176,0.6190513656864063
11201,RAMFVEDIAMGYVVS,5,0.8204450000000001,0.6596101777486105
11202,RCALHWFPGSHLLAC,5,0.272175,0.6601599582342774
11203,RCALHWFPGSHLLHV,5,0.339459,0.7281890557060078
11204,RDCLIAHGAANTITE,5,0.3467,0.7328254886444561
11205,REQFLGALDLAKKRV,5,0.697679,0.5897353821187787
11206,RFFVWGDEVPLLTKF,5,0.6027,0.7744623496357131
11207,RFTISRDNSKNTLYL,5,0.49135200000000007,0.5479219862162797
11208,RGFRKEIGRMLNILN,5,0.6252340000000001,0.7553646436458034
11209,RGLLRRARGGPHHRR,5,0.397094,0.32850472363397065
11210,RIDTPDKLTGPFTVR,5,0.377921,0.23597417933165948
11211,RIIAGTLEVHAVKPA,5,0.16731,0.6674335390370071
11212,RIPVDVSEGDIVIYS,5,0.0,0.2400189858111974
11213,RKELLVTFKNAHAKK,5,0.883127,0.8222029811365992
11214,RKHIEWNCDVCRHGD,5,0.21917399999999998,0.2883197987850833
11215,RLATAIAGAWENGVC,5,0.10920899999999999,0.5476766808657039
11216,RLEFDEFVTLAAKFI,5,0.552257,0.8124752010197217
11217,RLKGESRKTFVELMR,5,0.718146,0.46483215459135746
11218,RLMSMKSVQNNTVLK,5,0.145059,0.7834670469256081
11219,RMAMTDTTPFGQQRV,5,0.5098189999999999,0.34804055360953723
11220,RMFSSTLRAAVPWYA,5,0.54709,0.8549734455404008
11221,RMVLASTTAKAMEQM,5,0.36898600000000004,0.8021700758512833
11222,RNFQKVNPEGLIKEF,5,0.397165,0.38676621617127555
11223,RNTLLFLDLIILNFV,5,0.28739899999999996,0.47030615066625486
11224,RPGVSKKFLSLLTSS,5,0.620129,0.8241944147521565
11225,RPMFLYVRTNGTSKI,5,0.820152,0.729894340315476
11226,RQGIFQTVGSGLDHI,5,0.291646,0.5089472534097603
11227,RQKIIYSGAVNLDDE,5,0.261286,0.7292260001412357
11228,RREVHIYYLEKANKI,5,0.617078,0.5302842758897299
11229,RRRVMIQSSGGKLRL,5,0.874125,0.6045810033379038
11230,RSRPRRTTRRMDRRT,5,0.16983099999999998,0.1314826127951094
11231,RTATNIWIDHNSFSN,5,0.51158,0.736757593873052
11232,RTITADTFRKLFRVY,5,0.35775999999999997,0.5239408200630453
11233,RVIRGKKGAGGITIK,5,0.075257,0.12337299016661901
11234,RVWEQIFSTWLLKPG,5,0.193483,0.5925982033598292
11235,RVYCDPCRAGFETNV,5,0.0,0.22382752154906319
11236,SAAPLRTITADTFRK,5,0.34587399999999996,0.5522060643161764
11237,SADEVQRMMAEIDTD,5,0.174751,0.5646082263117657
11238,SAIRAAPEAARSLAS,5,0.5229239999999999,0.582242368088871
11239,SCLDGKLCLMKAQPT,5,0.375863,0.44664170641510453
11240,SDDQISIMKLPLSTK,5,0.821383,0.7559415703262887
11241,SDLLTNSVIIMAYVT,5,0.43375,0.827844703568468
11242,SEGDIVIYSKYGGTE,5,0.0,0.36342796179270587
11243,SFGIVVAWQVKLLPV,5,0.130518,0.7058636548254186
11244,SFLQNPQTSLCFSES,5,0.190344,0.5730723687352172
11245,SFSCIAIGIITLYLG,5,0.449941,0.5429999630889748
11246,SFVMMSAPPAEYKLQ,5,0.41504300000000005,0.7952995606238941
11247,SGEIIRAATTSPARE,5,0.927607,0.7242117349669119
11248,SGKLFMHVTLGSDVE,5,0.540323,0.8345629024125713
11249,SGRVTRDSRRLRRIC,5,0.474595,0.2485511449519163
11250,SGTVDFDEFMEMMTG,5,0.157506,0.349631946862275
11251,SHIQSAVVCGRRHGV,5,0.16133599999999998,0.3808602550066921
11252,SIAQHLVSDRPIMRY,5,0.7417050000000001,0.5566588093406026
11253,SLIYRRRLMKQDFSV,5,0.6882159999999999,0.7877333550910364
11254,SLKLYRDSLGEAVMR,5,0.370992,0.5829204137253955
11255,SLQPLALEGSLQKRG,5,0.153108,0.39265663700919884
11256,SLQPLALEGSLQSRG,5,0.532589,0.5083080092001787
11257,SNEIKIVATPDGGSI,5,0.24673299999999998,0.41555402932706287
11258,SPILRFLYANVGEEA,5,0.893291,0.6699309856057973
11259,SQAWQPGVAMPNLYK,5,0.322897,0.5949086292106689
11260,SRAEVSYVHVNGAKF,5,0.732788,0.7070701960508279
11261,SRCYSIYLSINGVLE,5,0.734248,0.7898437523582212
11262,SRFFVMGEETPLLTK,5,0.683942,0.7439736639944778
11263,SRSFLKHSLLRTQRL,5,0.5219739999999999,0.671402901380485
11264,SSAGGFFTSVGKGIH,5,0.045316,0.3850148570035472
11265,SSILTDSQTATKRIR,5,0.149948,0.7283518305590505
11266,SSKAATAKAPGLVPK,5,0.388799,0.46156837202313405
11267,SSTVKLRQNEFGPAR,5,0.152496,0.351581162333338
11268,SSYAATEVANAAAAS,5,0.057155,0.6818211586510542
11269,SSYAATEVANAAAGQ,5,0.050994,0.6690103769867768
11270,STVVASVTIIDRSLP,5,0.544667,0.6308467849836472
11271,STWLLKPGAGIMIFD,5,0.15516300000000002,0.5516282607743855
11272,SVLLVVALFAVFLGS,5,0.235303,0.2179096218823596
11273,SVRIRVRSGGHDYEG,5,0.07395800000000001,0.2575595529305482
11274,SVTIKLDGNLLSSND,5,0.8509979999999999,0.6768167024418047
11275,SVYLSDNGVMSEQGS,5,0.799569,0.6519073797121585
11276,SWKLEKASLIEVKTC,5,0.461767,0.5597699710643764
11277,SYIAEMETESWIVDR,5,0.265233,0.4428364830145294
11278,SYVHVNGAKFIDTQN,5,0.37091,0.5331369602924955
11279,TAAINKGILVTVNPI,5,0.403462,0.6208101510433239
11280,TAAVELARALVRAVA,5,0.452585,0.4123859914172833
11281,TAKAPGLVPKLDAAY,5,0.39002,0.2943105742213967
11282,TANVPPADKYKTLEA,5,0.174974,0.32208042140361826
11283,TATSASAGWDTVLQS,5,0.359243,0.41810234317532413
11284,TCVLGKLSQELHKLQ,5,0.11221700000000001,0.4027511197218599
11285,TDALRTLGSTSADEV,5,0.45395100000000005,0.6410349219674115
11286,TDFAGKTVWFVPSIK,5,0.229081,0.49107872995761587
11287,TDKMFFVKNPTDTGH,5,0.384994,0.7199968706443083
11288,TDTTPFGQQRVFKEK,5,0.200803,0.4064737877019568
11289,TFYGSNPRGAAPDDH,5,0.390162,0.28264175474573855
11290,THMMIWHSNLNDATY,5,0.382436,0.8506455545283841
11291,THMMIWHSNLNDTTY,5,0.147655,0.8069208389185155
11292,TIAAMMTSPLSVASM,5,0.66381,0.756797072357623
11293,TISNNLFFNHHKVML,5,0.200719,0.7351186483877322
11294,TKFFYLLGLSAIMQV,5,0.569322,0.835381739169329
11295,TKKFDEVVKANGGYL,5,0.594776,0.5145151964186134
11296,TKVIMGAVLIWVGIN,5,0.0,0.5279636131802207
11297,TKVTFHVVGVGPLLH,5,0.387248,0.4745519073081739
11298,TLELLYADTVAFCFR,5,0.6900270000000001,0.7563667828669676
11299,TLGSTSADEVQRMMA,5,0.20733400000000002,0.40468694412735695
11300,TLSYYKLGASQRVGT,5,0.660522,0.8055156030332014
11301,TNFKYNYSVIEGGPI,5,0.383773,0.7096944888201542
11302,TPLTLVDICFWSTLF,5,0.083973,0.6489392160215488
11303,TPTNASHIQSAVVCG,5,0.14064200000000002,0.7700579402145344
11304,TQTMKGVERLAVMGD,5,0.012980000000000002,0.4310963052816568
11305,TRKYLPAIVREAIKR,5,0.712017,0.6710542214748476
11306,TRMVMTTTANWLWAL,5,0.640641,0.7592946474416061
11307,TRSAYERMCNILKGK,5,0.368456,0.5747332552529151
11308,TSSDDQITLIKTPSL,5,0.9340129999999999,0.4762365849291912
11309,TSYVKVLHHMVKISG,5,0.203861,0.7271887194698575
11310,TTEMLSRALKKVPVD,5,0.386664,0.604138926552562
11311,TTRLYANASIGLFGA,5,0.081955,0.8373944032186301
11312,TTRQYANASIGLFGA,5,0.0,0.800171660147436
11313,TVAAAPQVKYAVFEA,5,0.191352,0.567937084772939
11314,TVFEAAFNDAIKAST,5,0.607835,0.8378021816344775
11315,TVGTKTFLVHREWFM,5,0.385924,0.5302102222698089
11316,TVLAFPAGVCPTIGV,5,0.46946499999999997,0.43044226351513
11317,TVPLQPPTATISGLK,5,0.440751,0.5603537017967082
11318,TVSTFIDLNITMLED,5,0.749713,0.7715467751754465
11319,TWQGGSGMASHIIYE,5,0.23763299999999998,0.37899244092383144
11320,TYSQLMTLKDAKMLQ,5,0.907758,0.7766387671624199
11321,VAPIEHIASMRRNYF,5,0.425072,0.8095913345356421
11322,VATLSEALRIIAGTL,5,0.218808,0.6769207766329893
11323,VAYFNMVYMPASWVM,5,0.54459,0.7099437940178296
11324,VDGRGNYNTDLLPDW,5,0.309012,0.25659940707332246
11325,VDIKPKDSDEFIPMK,5,0.42351700000000003,0.2757999874678802
11326,VDLAKSLRIAAKIYS,5,0.181604,0.763576395315683
11327,VDVSEGDIVIYSKYG,5,0.0,0.35484504047444115
11328,VEALYLVCGERGFFY,5,0.5062439999999999,0.34093756539422687
11329,VEDEARRMWASAQNI,5,0.38471500000000003,0.6856749958220164
11330,VEKSQLLNEFNNLYA,5,0.34399,0.5351624348155453
11331,VFEAAFNDAIKASTG,5,0.56572,0.7901138029940912
11332,VFGNCEGVKIIGISI,5,0.29268,0.16884472891939684
11333,VFGSAFQGLFGGLNW,5,0.0,0.214370683917526
11334,VFHTLWHTTKGAALM,5,0.016287,0.7966437975168431
11335,VGNVAWMHVLAAKYI,5,0.505745,0.8024566218900777
11336,VGQQAVEVWQGLALL,5,0.146072,0.19081804933686414
11337,VHAQTVEDEARRMWA,5,0.116825,0.1993232846158557
11338,VIGVAFLAVFQSATK,5,0.618368,0.814483181711004
11339,VIPANWKPDTVYTSK,5,0.686006,0.4420405083584656
11340,VKDKYMWCYSQVNKR,5,0.808642,0.6637718608025546
11341,VKGDPVGILYAVFKA,5,0.20861100000000002,0.4209592490773211
11342,VKIEYSGTNNKTMAV,5,0.607598,0.6190781648794287
11343,VKPLYIITPTNVSHI,5,0.185379,0.8087303319036223
11344,VKQNTLKLATGMRNV,5,0.373213,0.6202278315916905
11345,VLAFITFLRVLSIPP,5,0.651565,0.7085927161811509
11346,VLCAVQLLLMRTSWA,5,0.5029640000000001,0.789031721445172
11347,VLDILTANKLIRQKL,5,0.424746,0.7101690088575094
11348,VLHHMVKISGGPHIS,5,0.172572,0.45218346154643796
11349,VLRTKLMTSRRVLER,5,0.395934,0.6235841016316513
11350,VNFYAWKRMEVGQQA,5,0.787187,0.45321056711843527
11351,VNYWFAPGAAAAPLS,5,0.662501,0.6933839995739893
11352,VPKKKKDKDIPQSSE,5,0.074196,0.45459183381083773
11353,VPPADKYKTFEAAFT,5,0.32452800000000004,0.6544648183057112
11354,VQNTVEDLKLNTLGR,5,0.357188,0.4385747764094602
11355,VRILRRVHHRKYLTD,5,0.38379800000000003,0.47635841522450645
11356,VRSGGHDYEGLSYRS,5,0.35144899999999996,0.1389666606844115
11357,VSEALRIIAGTLEVH,5,0.362117,0.6393631347850054
11358,VSIISILKGVINIWG,5,0.329045,0.5808383493812985
11359,VSVDCSEYPKPDCTA,5,0.10541400000000001,0.12929415030913305
11360,VSWVMKIGIGVLLTW,5,0.586216,0.3871472884656278
11361,VTMNDVKIEYSGTNN,5,0.408504,0.5674190287992021
11362,VTVDAAVLAAIDADA,5,0.051711,0.3527234834323613
11363,VVLGLATSPTAEGGK,5,0.49515299999999995,0.6600829102812817
11364,VVSRLLIPVPFDPPA,5,0.335251,0.5731364566743065
11365,VWRIDTPDKLTGPFT,5,0.25813600000000003,0.4942281542214753
11366,WAVKPKAVRQIEDQL,5,0.407913,0.4064779696780307
11367,WEQIFSTWLLKPGAG,5,0.244863,0.6083380777496813
11368,WFIISIVQMAPVSAM,5,0.5673600000000001,0.8087202371736041
11369,WGAIWRIDTPDKLTG,5,0.385687,0.5225233279506559
11370,WGAIWRIDTPEVLKG,5,0.495437,0.6622628316600645
11371,WIELKESWGAVWRID,5,0.365194,0.4081762727802185
11372,WKPDTVYTSKLQFGA,5,0.43508,0.609440975366265
11373,WKRMEVGQQAVEVWQ,5,0.706274,0.20474735591273893
11374,WNRKELLVTFKNAHA,5,0.954311,0.8229848177529449
11375,WPKSHTLWSNGVLES,5,0.46628800000000004,0.6639572995318573
11376,WQKGEEVQVIAVEPG,5,0.199242,0.21313952600969063
11377,YANYRDIDLGRNEVV,5,0.442072,0.5188180163161336
11378,YDKFLAFVSTVLTGK,5,0.6248640000000001,0.9288033877612712
11379,YDKFLALVSTVLTGK,5,0.753351,0.8661083837309758
11380,YDKFLANESTVLTGK,5,0.790504,0.9206548374192158
11381,YDKFLANKSTVLTGK,5,0.5702550000000001,0.9241898752305314
11382,YDKFLANQSTVLTGK,5,0.439771,0.9358089955896194
11383,YDKFLANVCTVLTGK,5,0.689342,0.9549565783775213
11384,YDKFLANVHTVLTGK,5,0.593528,0.9427883495020476
11385,YDKFLANVNTVLTGK,5,0.22249499999999997,0.9308265789557569
11386,YDKFLANVTTVLTGK,5,0.189325,0.9155520969970365
11387,YDKFLANYSTVLTGK,5,0.49799799999999994,0.9503146805988039
11388,YDKFLATVSTVLTGK,5,0.610491,0.9078189771465951
11389,YEALIKLLPFSKRIR,5,0.30525599999999997,0.6923514213789973
11390,YEYKVQQAMSNLVLG,5,0.6906100000000001,0.8802212042261932
11391,YFNMVYMPASWVMRI,5,0.363698,0.767812336780736
11392,YGFVANFSMELPSFG,5,0.659061,0.7870910127013049
11393,YGIAAENVIDVKLVD,5,0.19333499999999998,0.5592772890594231
11394,YKDVDKPPFSGMTGC,5,0.182729,0.30276680083862284
11395,YKKLRTSSFALNLPT,5,0.568994,0.8124405778550321
11396,YLAILVKYVDGDGDV,5,0.140148,0.44216291972027383
11397,YLEEHPSAGKDPKKT,5,0.060585,0.1359836272303901
11398,YLVCGERGFFYTPKT,5,0.327925,0.28520619439615835
11399,YNFATCGLIGLVTFL,5,0.201259,0.6259503843675075
11400,YPFIEQEGPEFFDQE,5,0.19826300000000002,0.2992021450382021
11401,YRKILRQRKIDRLID,5,0.121564,0.60844181409518
11402,YTTEGGTKGEAKDVI,5,0.097198,0.08795585817272732
11403,YVVSSFDNIKVFLEG,5,0.389547,0.6446858277437539
11404,YWTIVKPGDILLINS,5,0.199925,0.7079873337617324
11405,AAHHMVKISGGPHISY,5,0.110631,0.41056046311163885
11406,AAHHYVKISGGPHISY,5,0.451808,0.4578830439950377
11407,ALWNLHGQALFLGIVL,5,0.0,0.536096075413227
11408,CSAVPVHWVPTSRTTW,5,0.605132,0.3585194681311245
11409,CYGGHTNEDDSNFAHW,5,0.0,0.24458449128467963
11410,DKLKQQRDTLSTQKET,5,0.360509,0.20297588265871713
11411,EEDKENALSLLDKIYT,5,0.135735,0.4901340032287152
11412,EGELHGRQIRMAKLLG,5,0.123385,0.39791616261729434
11413,ELEKYQQINSERGVPN,5,0.60734,0.5917825000418796
11414,EPQGSTYAASSATSVD,5,0.38500100000000004,0.838419799182492
11415,FRNVLSIAPIMFSNKM,5,0.702501,0.7776627262868469
11416,GFEMIWDPNGWTDTDS,5,0.360643,0.26622602051456284
11417,GFEMIWDPNGWTGTDN,5,0.378783,0.32552078306016285
11418,GKWYLKAMTADQEVPE,5,0.769569,0.6725643823738643
11419,GRSFTLASSETGVGAP,5,0.600963,0.7347985847737823
11420,GVINIMYMHDSDDVLF,5,0.12428099999999999,0.622079461639447
11421,HGRQIRMAKLLGRDPE,5,0.275846,0.48956171489684314
11422,HGRQIRMAKLLTRDPE,5,0.224964,0.6873870852445065
11423,KFDSQLAHRHMARELH,5,0.221097,0.29693937541907384
11424,KGLMNIALAISAQQVN,5,0.654714,0.8132064278822198
11425,LAAIIFLFGPPTALRS,5,0.376692,0.8355807179409281
11426,LKAMTADQEVPEKPDS,5,0.192411,0.19492759643190447
11427,LNKIVRMYSPVSILDI,5,0.772833,0.7510191516277254
11428,LWWSTMYLTHHYFVDL,5,0.36295900000000003,0.6083816451352478
11429,MAKLLGRDPEQSQEAL,5,0.10053200000000001,0.2878238102556363
11430,MVSRLLLNRFTMTHRR,5,0.626401,0.7434897142351116
11431,QPEWFRNVLSIAPIMF,5,0.574375,0.839677562418884
11432,RQIRMAKLLGRDPEQS,5,0.254349,0.39852695826284884
11433,SAEVEEHRTIRVLEMV,5,0.017797,0.2831660738630093
11434,SPEVIPMFSALSEGAT,5,0.839475,0.7714307870920443
11435,SQDLELSANLNGLQAY,5,0.6535770000000001,0.6891779562916402
11436,SQDLELSGNLNGLQAY,5,0.647675,0.5453965981530907
11437,SQDLELSMNLNGLQAY,5,0.196613,0.6918807704459514
11438,SQDLELSSNLNGLQAY,5,0.356485,0.7488450623818411
11439,SQDLELSWDLNGLQAY,5,0.611268,0.6633916247509655
11440,SQDLELSWILNGLQAY,5,0.543086,0.7463104784313985
11441,SQDLELSWQLNGLQAY,5,0.68276,0.6489673097046533
11442,SQDLELSWWLNGLQAY,5,0.320234,0.44472090068977993
11443,SSIIFGAFPSLHSGCC,5,0.555996,0.7497677910504551
11444,WHTTKGAALMSGEGRL,5,0.0,0.4441129325040359
11445,WNRQLYPEWTEAARLD,5,0.42635100000000004,0.6705043335660126
11446,WNRQLYPEWTEAIRLD,5,0.291777,0.5787249870357071
11447,WNRQLYPEWTEAQRLD,5,0.465625,0.6160539706807194
11448,WNRQLYPEWTEGQRLD,5,0.354759,0.47627026548288837
11449,WNRQLYPEWTLAQRLD,5,0.576345,0.7091559797844127
11450,WNRQLYPEWTTAQRLD,5,0.550507,0.7319018392880555
11451,WNRQLYPEWVEAQRLD,5,0.38456599999999996,0.6234003847894088
11452,AIQQVRSLIGNEEFLDY,5,0.769559,0.37334083093320125
11453,ALHIYMDGTMSQVQGSA,5,0.7381449999999999,0.4803536887008892
11454,ALHIYMNGTMSQVQGSA,5,0.310158,0.6278578703010037
11455,CVDAKMTEEDKENALSL,5,0.300989,0.24204529809607583
11456,EHREVLWKFDSQLAHRH,5,0.564133,0.7219699592613689
11457,ETSYVKVLHHMVKISGG,5,0.0,0.5989520868950277
11458,FERQYKELQTQAEDDRR,5,0.471235,0.354374630387977
11459,GAVSFWMCSNGSLQFRI,5,0.29983899999999997,0.5824367855657807
11460,GWAIYTKDNSIRIGSKG,5,0.391924,0.6575553755308609
11461,IGNTVTPTVTFTMDGDK,5,0.11478699999999999,0.4796702866408115
11462,KIPGGAMYADDTAGWDT,5,0.8168850000000001,0.31492720808885954
11463,LTYQNKVVKVQRPTPKG,5,0.50345,0.7581499061732053
11464,MVTQMAMTDTTPFGQQR,5,0.779134,0.7591235135719918
11465,NEDDSNFAHWTEARIML,5,0.17614100000000002,0.5620521421373584
11466,PETPNMDVIGERIKRIK,5,0.472238,0.2391762632423667
11467,PTPKGTVMDIISRKDQR,5,0.530828,0.3081413059315084
11468,PWDVVPMVTQMAMTDTT,5,0.947752,0.6485286778178605
11469,RLNDTWKLERAVLGEVK,5,0.406441,0.4533384542418043
11470,TESTFKNISCTFKFGEE,5,0.38416500000000003,0.6918227163543401
11471,TLSIGYHANNSTDTEDT,5,0.0,0.7778804214982002
11472,VVKVQRPTPKGTVMDII,5,0.238587,0.20256346106664924
11473,WLGARYLEFEALGFLNE,5,0.6112569999999999,0.5800395751316773
11474,YAHAAHAAHAAHAAHAA,5,0.325423,0.22580471018802012
11475,YLGKREDQWCGSLIGLT,5,0.244351,0.3382934749454084
11476,DTPYLDITYHFVMQRLPL,5,0.507247,0.2634228003590741
11477,EGRVEIDFDYCPGTTVTL,5,0.183693,0.2898965517159591
11478,FESTGNLIAPEYGFKISY,5,0.778379,0.42319752285820084
11479,GAGVMVEGVFHTLWHTTK,5,0.067406,0.2807310958778545
11480,GKLITDWCCRSCTLPPLR,5,0.088145,0.285214037849161
11481,GWLSCLSITWTLIKNMEK,5,0.148671,0.3605460524004785
11482,IDPFQLGLLVVFLATQEV,5,0.11840899999999999,0.5037771622662656
11483,LRAEQASQEVKNWMTETL,5,0.15854000000000001,0.20823619450224143
11484,MATFKIQPVFMVASFLKA,5,0.51968,0.5944339860862611
11485,MSSFLGKWKLSESHNFDA,5,0.20692800000000003,0.7148657124669235
11486,NVTENFNMWKNNMVEQMH,5,0.621275,0.28229449786462785
11487,PAEILRKSRRFAQALPVW,5,0.254902,0.5714410134351054
11488,PVGDIYKRWIILGLNKIV,5,0.459512,0.185036108850014
11489,PVGEIYKRWIILGLNKIV,5,0.449013,0.185036108850014
11490,REDQRGSGQVVTYALNTF,5,0.05474,0.36023601069136413
11491,SCIAIGIITLYLGAVVQA,5,0.20877199999999999,0.556801947451621
11492,SELYLYKVVKIEPLGVAP,5,0.40721,0.46468099032600535
11493,SVLSVKLAGNSSLCSTSG,5,0.049048,0.5377648262202156
11494,VPPVVRWLNEQRYYGGGY,5,0.0,0.19522305803013304
11495,WIILGLNKIVRMYSPISI,5,0.968266,0.3616868342145718
11496,WIILGLNKIVRMYSPTSI,5,0.970836,0.3285163283634515
11497,WIILGLNKIVRMYSPVSI,5,1.0,0.36306236263806657
11498,WVKVVEEKGFNPEVIPMF,5,0.223016,0.24129982028274904
11499,YAQMWLLLYFHRRDLRLM,5,0.077356,0.41412405201457725
11500,YFHRRDLRLMANAICSAV,5,0.395935,0.49898204181888733
11501,YVDRFFKTLRAEQASQDV,5,1.0,0.8732794296146864
11502,YVDRFYKTLRAEQASQEV,5,0.774095,0.8138054069497757
11503,GEIYKRWIILGLNKIVRMY,5,0.612491,0.39914059349061853
11504,GLFNPMILAAGLIACDPNR,5,0.216946,0.5410795915370255
11505,IYRRRLMKQDFSVPQLPHS,5,0.636608,0.5337995083558328
11506,KLPKPPKPVSKMRMATPLL,5,0.172343,0.6941635237171779
11507,LGVLLLIGCWYCRRRNGYR,5,0.357765,0.24479621714861738
11508,LPPWFPPMVEGAAAEGDDG,5,0.0,0.4320017900826803
11509,RTEVIRMMESAKPEDLSFQ,5,0.353597,0.36871241711816777
11510,VAPEEHPVLLTEAPLNPKA,5,0.0,0.7237952546744391
11511,WEALKYLWNLLQYWGQELK,5,0.281996,0.5838279413520409
11512,YEKVRSQLKNNAKEIGNGC,5,0.0,0.5004041929486045
11513,AALLVVAVGLRVVCAKYALA,5,0.33487100000000003,0.48285417632314714
11514,AIQFIDRRTQVRYSLDMLVT,5,0.260025,0.4391483306698566
11515,AVDDYAGYLLDKNQSDLVTN,5,0.787187,0.5337466998314878
11516,CDGERPTLAFLQDVMNILLQ,5,0.0,0.33546866836706973
11517,CFWYIPPSLRTLEDNEERMS,5,0.251216,0.3730945622911238
11518,CPRYVKQLTKLATGMRNVPE,5,0.34784499999999996,0.6075035789140913
11519,DPWFAHGTPMPKIQNVSSSD,5,0.0,0.12029870257933616
11520,DQPQNLEEILMHCQTTLKYA,5,0.0,0.7878334835106542
11521,DTEVHNVWATQACVPTDPNP,5,0.101536,0.5159480716593398
11522,EAKRVFSLEKKMSNYIQFKS,5,0.209188,0.5931520351333932
11523,EAKYDAYVATLSEALRIIAG,5,0.27670500000000003,0.8725772629635031
11524,EEGLMQNCNQMHASYLFQQD,5,0.0,0.3633342636236274
11525,EIMKHIVKIEVKGEEAVKKE,5,0.41400299999999995,0.3074343481695593
11526,EQYTHQDEIYEQVHSKGLYV,5,0.49462399999999995,0.5038110294196859
11527,EYIRIDAKVVPKSKIDTKIQ,5,0.749713,0.6119767486111504
11528,EYLNKIQNSLSTEWSPCSVT,5,0.442479,0.5988428987089572
11529,FEERDAVLLGGSSDNEFVKL,5,0.33717199999999997,0.4810225480409844
11530,FFTELDGVRLHRFAPPCKPL,5,0.204854,0.6605224186960985
11531,GAGSLQPLALEGSLQKRGIV,5,0.161091,0.4616860799042335
11532,GDKVNFFRMVISNPAATHQD,5,0.787187,0.6800589545845058
11533,GFGMLLRKYGIAAENVIDVK,5,0.537499,0.7447945691349629
11534,GLDMVGLAADWLTSTANTNM,5,0.151756,0.586297741638221
11535,GTTMVSYQPLGDKVNFFRMV,5,0.0,0.43178237221555477
11536,HAPAAPANPGLIIGALAGST,5,0.41043,0.23097745530251526
11537,HIDLLVGSATLCSALYVGDL,5,0.589224,0.6024862045460427
11538,IEPIVATNWQKLEAFWHKHM,5,0.332965,0.5894259802987821
11539,ISNPAATHQDIDFLIEEIER,5,0.0,0.5100037954205219
11540,ITRVESENKVVILDSFDPLV,5,0.16875,0.722558278761692
11541,KDKWIELKESWGAIWRIDTP,5,0.544722,0.4684043636657329
11542,KELLNRIQVDSSNPLSEKEK,5,1.0,0.44871382829641665
11543,KHYDLSYDTGDKALQCGRHV,5,0.0,0.30380897487018166
11544,KIIGGIGGFVKVRQYDQIPI,5,0.11888399999999999,0.08494222293285855
11545,KMIGGIGGFVKVRQYDQIPI,5,0.167223,0.05772452429000355
11546,KRWIILGLNKIVRMYSPTSI,5,0.740629,0.6948738705847229
11547,KVNFFRMVISNPAATHQDID,5,0.710633,0.7861698396239803
11548,KYAPLYAAEAKRVFSLEKKM,5,0.0,0.8203926647021063
11549,LFETTIRYLGGMISAYDLLK,5,0.31532899999999997,0.5339727990170067
11550,LIIGALAGSTLAALVIGGIA,5,0.191485,0.7990720877292067
11551,LLENLQAYQKRMGVQMQRFK,5,0.379904,0.5216573036927289
11552,LTTSQTLLFNILGGWVAAQL,5,0.278037,0.5462785349130875
11553,LYKYKVVKIEPLGVAPTKAK,5,0.5867859999999999,0.5587495818664037
11554,MLVTEMFREYNHRHSVGATL,5,0.111275,0.3880653383910539
11555,MYVGGVEHRLEAACNWTRGE,5,0.252249,0.2549553794194957
11556,NPAHKSQLVWMACHSAAFEI,5,0.202835,0.3356470322807892
11557,NPAHKSQLVWMACNSAAFED,5,0.5015029999999999,0.297578528919216
11558,NRMVLASTTAKAMEQMAGSS,5,0.530936,0.6965105780243986
11559,PAEILRKSRRFAQALPVWAR,5,0.693969,0.4769422564379981
11560,PEAFNYMDKFNEQEINLSLE,5,0.9359370000000001,0.4043702802346397
11561,PELVPEDPEDSALLEDPAGT,5,0.218358,0.2920864683151057
11562,PHHTALRQAILCWGELMTLA,5,0.527275,0.3450692466173723
11563,PLQCSALLVREEGLMQNCNQ,5,0.0,0.31658181243853006
11564,PQNLEEILMHCQTTLKYAIK,5,0.16413599999999998,0.6043986467019637
11565,PSLRTLEDNEERMSRLSKVA,5,0.0,0.2785819080290274
11566,QEQLFSNVQYFAHYCRKYAP,5,0.28869,0.5501619184937941
11567,QHRDVLQLYAPEAFNYMDKF,5,0.574375,0.43925183079411134
11568,QLSTGLDMVGLAADWLTSTA,5,0.0,0.6777106758662441
11569,QQVLADFIGGLNDFHAGVTF,5,0.472837,0.5206430592091102
11570,QYFAHYCRKYAPLYAAEAKR,5,0.52005,0.7121560755942404
11571,RGIVEQCCTSICSLYQLENY,5,0.5015029999999999,0.31359302527713195
11572,SALLVREEGLMQNCNQMHAS,5,0.0,0.41854880674569217
11573,SEGFIHEFGHAVDDYAGYLL,5,0.6461439999999999,0.49757711683806705
11574,SHRQMVTTTNPLIRHENRMV,5,0.260954,0.6442497666533391
11575,SKKFIDIFKEEGSNLTSYGR,5,1.0,0.575781584012929
11576,TGFLIIILAIIAKEGDCAPE,5,0.0,0.5534334069031275
11577,TNPLIRHENRMVLASTTAKA,5,0.433332,0.6620751798373696
11578,TQVRYSLDMLVTEMFREYNH,5,0.318123,0.5065362740355672
11579,TSYVKVLHHMVKISGGPHIS,5,0.203163,0.32376125981456344
11580,TWNPHKMMGVPLQCSALLVR,5,0.0,0.3831489094148655
11581,VATLSEALRIIAGTLEVHAV,5,0.39419499999999996,0.6522350412385519
11582,VENTEKALNVYYEIGKILSR,5,0.59385,0.7101989929611242
11583,VHFQPLPPAVVKLSDALIAT,5,0.10464200000000001,0.6185479187541714
11584,VSYQPLGDKVNFFRMVISNP,5,0.30095,0.5085472524764775
11585,WGAIWRIDTPDKLTGPFTVR,5,0.678787,0.38317517397863526
11586,YDLSYDTGDKALQCGRHVDV,5,0.14875,0.3918953463831611
11587,YIITPTNVSHIQSAVVSGRR,5,0.81619,0.649994104812701
11588,YYEIGKILSRDILSKINQPY,5,0.727865,0.583800408009612
11589,CPKYVRSAKLRMVTGLRNIPS,5,0.0,0.6163151801516913
11590,DKVNFFRMVISNPAATHQDID,5,0.60734,0.8047397302277425
11591,LENGKLILQRNIGLEIKDVQI,5,0.820152,0.5241473169285253
11592,LGDKVNFFRMVISNPAATHQD,5,0.0,0.7537630517478217
11593,STRLRMVTGLRNVPSIQSKGL,5,0.189278,0.5479378829104417
11594,VLVMLVLLILAYRRRWRRLTV,5,0.448589,0.33160397115626683
11595,AAILRRHIDLLVGSATLCSALY,5,0.0,0.5443803463009186
11596,GHGHSYTTAEEAAGIGILTVIL,5,0.0,0.42793830084223006
11597,GIGILTVILGVLLLIGCWYCRR,5,0.0,0.18751962377459935
11598,MTPAEVSIVVLSGTTAAQVTTT,5,0.538141,0.5658111434577268
11599,WARMILMTHFFSVLIARDQLEQ,5,0.0,0.631843929622101
11600,KNLYEKVKSQLKNNAKEEIGNGC,5,0.0,0.40704618346569404
11601,AARVTQILSSLTITQLLKRLHQWI,5,0.0,0.8899821419010883
11602,LPKPPKPVSKMRMATPLLMGALPM,5,0.542619,0.5672971499312
11603,LPKPPKPVSKMRMATPLLMQALPM,5,0.542619,0.6234892819199246
11604,PQCRLTPLSRLPFGMAPGPGPQPG,5,0.272296,0.5343825843249482
11605,YLPKPPKPVSKLRLATPLLLQALPL,5,0.343487,0.43553851163000196
11606,KTSLYNLRRGTALAIPQCRLTPLSRL,5,0.438284,0.6138170094346426
11607,IGLEIKDVQIIKQSEKEYIRIDAKVVP,5,0.369369,0.6995565169568045
11608,ITQFILEHRAKGSCKYALPLRIPPSACLSPQ,5,0.365818,0.7766213411726539
11609,EDNLGFLMHAPAFETAGTYLRLVKINDWTEITQF,5,0.403972,0.9896717313771182
11610,EEFVVAFDLPGIK,6,0.574375,0.6474209950718074
11611,YKKLRTSSFALNLPT,6,0.233913,0.8072035148415028
11612,GRSFTLASSETGVGAP,6,0.362491,0.6189347391888712
11613,VAPEEHPVLLTEAPLNPKA,6,0.0,0.6814327852026051
11614,TSICSLYQLENYCN,7,0.43134399999999995,0.4799921208445429
11615,CFWYIPPSLRTLEDNEERMS,7,0.361562,0.31655753677557025
11616,DPWFAHGTPMPKIQNVSSSD,7,0.0,0.06884881210406443
11617,GLDMVGLAADWLTSTANTNM,7,0.270795,0.5669926052445081
11618,KVNFFRMVISNPAATHQDID,7,0.68565,0.7685529069721896
11619,LRTLEDNEERMSRLSKVAPV,7,0.25291199999999997,0.33640963227961107
11620,NRMVLASTTAKAMEQMAGSS,7,0.659061,0.6845897280277707
11621,PQNLEEILMHCQTTLKYAIK,7,0.21639299999999997,0.550597713327848
11622,RGIVEQCCTSICSLYQLENY,7,0.302728,0.30635676522475164
11623,SHRQMVTTTNPLIRHENRMV,7,0.307752,0.5741317475895504
11624,SSTGLKNDLLENLQAYQKRM,7,0.382186,0.5477563045119013
11625,TNPLIRHENRMVLASTTAKA,7,0.659061,0.6430664794555443
11626,VSYQPLGDKVNFFRMVISNP,7,0.375502,0.5257796977293759
11627,IMGAVLIWV,8,0.0,0.14429036986208235
11628,LTQRGSVLR,8,0.0,0.12632279304531938
11629,LLVSGWNSITV,8,0.535676,0.23353063159382262
11630,AAAAAVAAEAY,8,0.0,0.32921119939154503
11631,KIQNVIIDECY,8,0.02186,0.09225376966357184
11632,MSSGSFINISV,8,0.0,0.18429018445514803
11633,ALFNRLLDDLGF,8,0.233436,0.34369465063891297
11634,AALLVVAVGLRV,8,0.070587,0.515382775982887
11635,ALLVVAVGLRVV,8,0.149778,0.5927749152828394
11636,AVGLRVVCAKYA,8,0.231602,0.46382138373878384
11637,DPEDSALLEDPA,8,0.0,0.07903438117793725
11638,EDPEDSALLEDP,8,0.0,0.04226164926113819
11639,EDSALLEDPAGT,8,0.0,0.2495118893091472
11640,ELVPEDPEDSAL,8,0.0,0.07960790201731371
11641,FSQPEQEFPQPQ,8,0.0,0.05132521920381624
11642,GLRVVCAKYALA,8,0.372068,0.4681363071308591
11643,GVTYEIDLTNKN,8,0.0,0.21877465803651372
11644,LLVVAVGLRVVC,8,0.41627200000000003,0.5722865913627927
11645,LVPEDPEDSALL,8,0.0,0.06759531110474727
11646,LVVAVGLRVVCA,8,0.068237,0.4516246947485255
11647,NPGLIIGALAGS,8,0.143844,0.14282181410621095
11648,PEDPEDSALLED,8,0.0,0.043409063416109867
11649,PEDSALLEDPAG,8,0.0,0.16148209969822053
11650,PELVPEDPEDSA,8,0.11944300000000001,0.05067211934356039
11651,PGLIIGALAGST,8,0.16951,0.3442277434254316
11652,VAVGLRVVCAKY,8,0.329185,0.543479662460294
11653,VGLRVVCAKYAL,8,0.323319,0.4519951775323895
11654,VPEDPEDSALLE,8,0.0,0.058665194416802874
11655,VVAVGLRVVCAK,8,0.24394200000000002,0.5030477834234712
11656,AGWLADRSVRYPI,8,0.0,0.4152854535126182
11657,DMTPADALDDFDL,8,0.0,0.1663612259578859
11658,EEFVVAFDLPGIK,8,0.723124,0.6862852290508719
11659,EEYVEIRQVGDFH,8,0.0,0.2099551678720894
11660,FHYRAISTRYTLD,8,0.163711,0.6902433577728911
11661,IIVILSPLLNAQN,8,0.802208,0.5580199458130417
11662,KPLLIIAEDVEGE,8,0.436812,0.2888977905472981
11663,PRFLEQVKHECHF,8,0.27716799999999997,0.2771933049513746
11664,PTFGRSFTLASSE,8,0.0,0.6803955173992356
11665,VILLNYVLKSLTR,8,0.787187,0.7894832909886638
11666,AAGIGILTVILGVL,8,0.591596,0.4951501004213649
11667,KPLLIIAEDVEGEY,8,0.575811,0.3439165092444784
11668,MLFRILSLNLIKIK,8,0.183061,0.528717576928367
11669,RETQISKTNTQTYR,8,0.0,0.4788075476126567
11670,TDRESLRNLRGYYN,8,0.753572,0.5762737054922424
11671,TSICSLYQLENYCN,8,0.238396,0.5151427877677419
11672,VLAGWLFHVRGARR,8,0.31311500000000003,0.653758125071678
11673,YARFQRQTTLKAAA,8,0.762939,0.6764633490081009
11674,AEMETESWIVDRQWA,8,0.203334,0.43609628274278167
11675,AEMVIHHQHVQDCDE,8,0.43978,0.3919445824575007
11676,AGWLFHVRGARRSGD,8,0.698876,0.6584941922004478
11677,AMTDTTPFGQQRVFK,8,0.243302,0.29074474132842837
11678,ATPPGTSDEFPHSNG,8,0.0,0.12659072499063725
11679,CEHLEDGIYGIFQST,8,0.362491,0.39623921181542704
11680,CGSYVTKTSGSAASM,8,0.620059,0.7077594142194225
11681,CTDKMFFVKNPTDTG,8,0.5820810000000001,0.5824060500048462
11682,DCRTAFKPVLVDEGR,8,0.0,0.8017960535954103
11683,DGGGFYADDTAGWDT,8,0.223708,0.1782847607702952
11684,DLDDEQEILNYMSPH,8,0.40877399999999997,0.40241917472297717
11685,DQGCSSALGSGPYGA,8,0.0,0.12338076978689728
11686,DQRGSGQVVTYALNT,8,0.0,0.6110563178417008
11687,EEPDDIDCWCYGVEN,8,0.198239,0.20351286153024653
11688,EERVERIKSEYMTSW,8,0.573455,0.579046067569483
11689,EHEILNDSGETVKCR,8,0.25345500000000004,0.39865553236307416
11690,EQEILNYMSPHHKKL,8,0.648176,0.7637167268389424
11691,ERIKSEYMTSWFYDN,8,0.319931,0.6201086302836843
11692,FEALGFLNEDHWASR,8,0.42271400000000003,0.5516861466929193
11693,FHVRGARRSGDVLWD,8,0.38765900000000003,0.3996017549474418
11694,FSSAGGFFTSVGKGI,8,0.48021,0.36126597621351764
11695,FTQTMKGVERLAVMG,8,0.523716,0.6096788993115441
11696,FYADDTAGWDTRITE,8,0.0,0.2895204835161941
11697,GAAMVEIALGGVMGG,8,0.567262,0.4562942487063297
11698,GAMLVGQVTLLDLLK,8,0.6920270000000001,0.7521545431415791
11699,GCSSALGSGPYGALG,8,0.287149,0.2158853582082553
11700,GDSYYYSEPTSENNA,8,0.0,0.46985909882738297
11701,GETVKCRAPGGAKKP,8,0.311762,0.13554769792750504
11702,GGVFHTMWHVTRGAF,8,0.714316,0.586288942847429
11703,GKCDSAGRSRRSRRA,8,0.0,0.15049154634791603
11704,GKEFIRCLALPFRGY,8,0.796925,0.8196371525496261
11705,GKGEWMTTEDMLEVW,8,0.0,0.4002300916205967
11706,GKNLVFSPGRKNGSF,8,0.598531,0.626786971353773
11707,GKTFSVGTGNCTTNI,8,0.348244,0.31646330372760817
11708,GLALSHLNAMSKVRK,8,0.714316,0.9056788313686871
11709,GLCAFLATRIFGRRS,8,0.503199,0.8290124438706418
11710,GLFGGLNWITKVIMG,8,0.555242,0.7575543878282123
11711,GLRTLWSPRERLVLT,8,0.6461439999999999,0.8303018382780353
11712,GPLDKEAIEERVERI,8,0.349371,0.154283028992257
11713,GPLIEGNTSLLWNGP,8,0.587246,0.4633880242984657
11714,GPLRISASSAAQRRG,8,0.8344,0.7645047345617327
11715,GRTTWSIHGKGEWMT,8,0.0,0.25055226574903483
11716,GRWDGEEEVQLIAAV,8,0.348645,0.2980345186221418
11717,GTSDEFPHSNGEIED,8,0.0,0.10570145679691148
11718,HGVAKNPVVDGNPTV,8,0.46072700000000005,0.16629969535235822
11719,HTMWHVTRGAFLVRN,8,0.474391,0.7878112199158391
11720,HVTRGAFLVRNGKKL,8,0.548715,0.7400646713460117
11721,IEEAPEMPALYEKKL,8,0.0,0.3603572932983495
11722,IGKLFTQTMKGVERL,8,0.650253,0.591452876086665
11723,IHHQHVQDCDESVLT,8,0.20694,0.2481381345836769
11724,IHLVIHRIRTLIGQE,8,0.7560899999999999,0.8403194318447758
11725,IHRIRTLIGQEKYTD,8,0.695388,0.5273377022374804
11726,INKGILVTVNPIAST,8,0.796925,0.7144852299864703
11727,ISGSSARYDVALSEQ,8,0.377237,0.5365738937088568
11728,ISRRDQRGSGQVVTY,8,0.433734,0.12342818417195466
11729,KEAIEERVERIKSEY,8,0.275154,0.1499110156478979
11730,KEFIRCLALPFRGYL,8,0.85125,0.8889292318411808
11731,KGIHTVFGSAFQGLF,8,0.659061,0.5939574692001526
11732,KKGMTTVLDFHPGAG,8,0.0,0.5338707993223774
11733,KNPTDTGHGTVVMQV,8,0.346736,0.12023665320066285
11734,KNPVVDGNPTVDIEE,8,0.162496,0.1978750721072975
11735,KRVPMALQHFGWEVM,8,0.580094,0.6319327988840321
11736,KTKNKTNWKQTWTFK,8,0.0,0.18706851220186627
11737,LAEGIVLASAALGPL,8,0.787187,0.8141854227931293
11738,LDKRQFELYKRTDIV,8,0.331727,0.3759019297660217
11739,LGLTQPFLGLCAFLA,8,0.42618100000000003,0.8192198537078426
11740,LLVLAGWLFHVRGAR,8,0.394264,0.6489478026888047
11741,LNDSGETVKCRAPGG,8,0.0,0.2594999134010382
11742,LNYMSPHHKKLAQAV,8,0.45196800000000004,0.6457156375335491
11743,LPQILAECARRRLRT,8,0.642211,0.614300850119256
11744,LQEIPTMLKKGMTTV,8,0.58619,0.6439149180073966
11745,LQYGWKTWGKNLVFS,8,0.0,0.5265940345086308
11746,LRLGKEFIRCLALPF,8,0.661401,0.67148717869232
11747,LRTLVLAPTRVVLSE,8,0.85125,0.932693578125855
11748,LSEEKVPWDQVVMTS,8,0.331127,0.5615781820530351
11749,LSFMDKGIPFMKMNI,8,0.602204,0.6515384181579225
11750,LVDEERKLHQQGRCR,8,0.303958,0.22248855460323358
11751,LWSPRERLVLTLGAA,8,0.502772,0.6492748586068644
11752,MFFVKNPTDTGHGTV,8,0.6086699999999999,0.5274805807091352
11753,MIPSWASVKEDLVAY,8,0.158467,0.6116318269438292
11754,MKGVERLAVMGDTAW,8,0.581082,0.5390492077298376
11755,MSIHGKGEWMTTEDM,8,0.275154,0.2375126935383877
11756,MVLAGWLFHVRGARR,8,0.695388,0.7293243146832084
11757,NKTKNKTNWKQTWTF,8,0.412067,0.18499798429260955
11758,NLWKMKTGRRGSANG,8,0.44487299999999996,0.6036260400581175
11759,NSYIAEMETESWIVD,8,0.405595,0.4248430972154508
11760,NVYQRGTHPFSRIRD,8,0.42806000000000005,0.4774118804704405
11761,PFSRIRDGLQYGWKT,8,0.57719,0.42970597892414547
11762,PSWASVKEDLVAYGG,8,0.25971700000000003,0.45747507474935345
11763,PTMLKKGMTTVLDFH,8,0.706274,0.7340559788268842
11764,PTSENNAHHVCWLEA,8,0.0,0.31483203674912125
11765,PTVDIEEAPEMPALY,8,0.0,0.26321228289736187
11766,QRMFTREELIHFPEF,8,0.184082,0.4678980088959262
11767,RERLVLTLGAAMVEI,8,0.723124,0.8139394825995103
11768,RGTHPFSRIRDGLQY,8,0.508482,0.4229347976582565
11769,RLGKEFIRCLALPFR,8,0.7703369999999999,0.7976356872869997
11770,RMLEPTRVVNWEVII,8,0.452708,0.626765147433461
11771,RTLIGQEKYTDYLTV,8,0.260798,0.282043263758977
11772,RVAYGKCDSAGRSRR,8,0.266798,0.29494439099963615
11773,RYLEFEALGFLNEDH,8,0.0,0.5839278255493812
11774,SAFQGLFGGLNWITK,8,0.254291,0.40196716761507556
11775,SARYDVALSEQGEFK,8,0.224543,0.45575795083056564
11776,SDQGCSSALGSGPYG,8,0.189149,0.12329076568862864
11777,SEYMTSWFYDNDNPY,8,0.240992,0.3415312005454297
11778,SGARSNVTFTVNQTS,8,0.517019,0.5275088615638935
11779,SGSAASMVNGVIKIL,8,0.6920270000000001,0.7349819370694771
11780,SHLNAMSKVRKDISE,8,0.538141,0.6797808478610967
11781,SNVTFTVNQTSRLLM,8,0.682619,0.9325265656771666
11782,SVGTGNCTTNILEAK,8,0.25259899999999996,0.3444179798517303
11783,TARRHLAEGKVDTGV,8,0.20814499999999997,0.3448108677825815
11784,TESWIVDRQWAQDLT,8,0.0,0.4959212881407151
11785,TPFSLAEGIVLASAA,8,0.555242,0.8550677357334046
11786,TRRFLPQILAECARR,8,0.6279640000000001,0.6551966763271044
11787,TRVVLSEMKEAFHGL,8,0.5689890000000001,0.5575583609107044
11788,VADDLTAAINKGILV,8,0.31606599999999996,0.6951683942002489
11789,VAIKGPLRISASSAA,8,0.778379,0.8139531266995118
11790,VDFGNSYIAEMETES,8,0.19183499999999998,0.3987071701642059
11791,VDGNPTVDIEEAPEM,8,0.16125,0.18799888293778086
11792,VDRDTARRHLAEGKV,8,0.308322,0.2911281523916764
11793,VEIALGGVMGGLWKY,8,0.718615,0.3676179114289182
11794,VLAPTRVVLSEMKEA,8,0.6231399999999999,0.65266232551968
11795,VLAPYMPDVLEKLEL,8,0.487496,0.49087813332342456
11796,VLEKLELLQRRFGGT,8,0.575304,0.6848749760831833
11797,VPTSWVPQGRTTWSI,8,0.160838,0.3004722770270012
11798,VTKTSGSAASMVNGV,8,0.43075600000000003,0.7105807388395349
11799,VTRMAMTDTTPFGQQ,8,0.732862,0.4577961339326022
11800,WKTWGKNLVFSPGRK,8,0.0,0.7852759026170407
11801,WSIHGKGEWMTTEDM,8,0.0,0.23264585948578215
11802,WVPQGRTTWSIHGKG,8,0.7560899999999999,0.39717742932322836
11803,YMPDVLEKLELLQRR,8,0.41498599999999997,0.5592052143171359
11804,YYSEPTSENNAHHVC,8,0.0,0.32044684218081476
11805,AAAGLAAAAPLESRQ,8,0.8503860000000001,0.5067975127601749
11806,AAGAQLLWQLPLLSI,8,0.760847,0.654498315477779
11807,AAGVAAWSLIALMIP,8,0.490616,0.8218060367865936
11808,AALPLLFFALAGQRI,8,0.709584,0.8331084260390124
11809,AAVELARALVRAVAE,8,0.589254,0.6473607287758606
11810,ADDLTAAINKGILVT,8,0.12632000000000002,0.7618247433386988
11811,AELMILIATNLLGQN,8,0.704623,0.7717918387130027
11812,AFMLAWNYGVPRVMS,8,0.40455599999999997,0.7552332136706824
11813,AFQGLFGGLNWITKV,8,0.194468,0.4963748086520345
11814,AGAWRTAAVELARAL,8,0.63446,0.5864600233024724
11815,AGILARNLVPMVATV,8,0.387927,0.8174514852552588
11816,AGRFEVHAQTVEDEA,8,0.47947,0.36852922472243266
11817,AGYLVGRKPLAFFSW,8,0.180821,0.715745215478769
11818,AHWTEARIMLDNINM,8,0.363892,0.6534245556429742
11819,AIAGAWENGVCGIRS,8,0.152338,0.2195252830369887
11820,AIGIITLYLGAVVQA,8,0.355481,0.7999505204042895
11821,ALFSGVSWVMKIGIG,8,0.231927,0.5325865880482926
11822,ALLPRAGAAAAAALP,8,0.39163600000000004,0.41240350706011103
11823,ALQSHDDVALVSVMW,8,0.38748299999999997,0.5000093546265615
11824,ALRVIAGALEVHAVK,8,0.353097,0.7397676839170461
11825,AMFVEDIAMGYVVSS,8,0.49941899999999995,0.5855330733557761
11826,AQAVYDFRSIVDYLR,8,0.505436,0.5899376908858412
11827,AQIYQAVSAQAAAIH,8,0.044196,0.8123439727963064
11828,ARGYISTRVGMGEAA,8,0.5521689999999999,0.54052550316039
11829,ASIAARGYISTRVGM,8,0.355444,0.7259781300515463
11830,AVFEAALTKAITAMS,8,0.408831,0.7768368851247133
11831,AVGLFIRLLGGESDA,8,0.6856869999999999,0.6457025952632927
11832,AVHVWLRLPAGRVEI,8,0.461679,0.7310508296500982
11833,AVMLTFDNAGMWNVR,8,0.907013,0.6961774513736503
11834,AYGSFVRTVSLPVGA,8,0.645652,0.8825814795633486
11835,AYTSSDDQISLFDQS,8,0.508753,0.2690192736320619
11836,CDASILIDPLSNQSA,8,0.728109,0.7791261833636034
11837,CDGERPTLAFLQDVM,8,0.159916,0.5075193068019644
11838,CIEYVTLNASQYANC,8,0.40169699999999997,0.8069817850430415
11839,CMTVQGGETMNSVIQ,8,0.145577,0.41007133555714265
11840,CPLDHVNTLHFLTRG,8,0.521141,0.680011846163616
11841,CQFLKVEKSQLLNEF,8,0.394901,0.6041811895790217
11842,CRSCTLPPLRYMGED,8,0.185674,0.734208688478332
11843,CSNLSTCVLGKLSQE,8,0.10862100000000001,0.6547040187401076
11844,CTGMLKRRLGLMSLS,8,0.390824,0.8658305717496966
11845,DCSEYPKPDCTAEDR,8,0.0,0.07147251287020588
11846,DEARRMWASAQNISG,8,0.47722299999999995,0.7667104502518411
11847,DEPMVQVEAGKVNHS,8,0.0,0.4373264067625123
11848,DESWQQFRQELIPLL,8,0.346488,0.8111513291841275
11849,DFGNSYIAEMETESW,8,0.336368,0.4197542691961683
11850,DIFTNSRGKRASKGN,8,0.079201,0.6680103439473624
11851,DIKVQFQSGGNNSPA,8,0.392712,0.5313191350760698
11852,DKVYEILKINSVKYY,8,0.19181199999999998,0.671830779891286
11853,DLVANQPNLKALREK,8,0.647621,0.5321014211530016
11854,DMDKVETFLRIVQCR,8,0.349858,0.6967426288273575
11855,DMLKLFEFNKKAIET,8,0.177865,0.6561950857957073
11856,DRTELLEMVCFHEFL,8,0.38178,0.4277868510196128
11857,DTFRKDFRVYDNFLR,8,0.266133,0.3440369062315179
11858,DTFRKLFRRYSNFLR,8,0.276876,0.8005013291804676
11859,DYSYLQDSDPDSFQD,8,0.0,0.2587831095200405
11860,EAVLEDPYILLVSSK,8,0.524251,0.7656395187163187
11861,EEDIEIIPPIQEEEY,8,0.0,0.09712067651618257
11862,EEFVSLASRFLVEED,8,0.354452,0.721549440891871
11863,EEIITLNSYGSFQEF,8,0.826849,0.7193260580467237
11864,EFVTLAAKFIIEEDS,8,0.08477,0.7262593912235972
11865,EGKVVQYENLKYTVI,8,0.195219,0.597014220837664
11866,EHELYVAVLSNALHR,8,0.745373,0.8896095253671356
11867,EIESCRKNSCECNFE,8,0.0,0.1352080608560291
11868,EKMFVSPTPGQRNPY,8,0.5458890000000001,0.4437811831625087
11869,ELAAVSVDCSEYPKP,8,0.173229,0.4471803500317569
11870,ELLDQSDVKEPGVSR,8,0.283992,0.2621499494883449
11871,ELYKYKVVKIEPLGV,8,0.688875,0.6647599480318034
11872,EMETESWIVDRQWAQ,8,0.0,0.4150035892830457
11873,EQCCTSICSLYQLEN,8,0.286081,0.4731450991030552
11874,ESLHNPYPDYHWLRT,8,0.0,0.15350914201714258
11875,ESTGGAYDTYKSIPS,8,0.225027,0.2816838186767438
11876,ESWIVDRQWAQDLTL,8,0.152574,0.44817742372067215
11877,EVFCQTIKLDSEEYH,8,0.42557700000000004,0.4136825356202744
11878,EVVKANGGYLAAGKL,8,0.45517299999999994,0.4579407458192826
11879,EYIEAAKWLLPPPKV,8,0.36091599999999996,0.5860274892711907
11880,FAVATITHAAELQRV,8,0.37185,0.6172841374943784
11881,FDHEFTFGWDELLSK,8,0.031596,0.37818289956777545
11882,FDREFTFGWDELLSK,8,0.110472,0.3787097021480956
11883,FEFNKKAIETLNDNT,8,0.44324399999999997,0.6600081978006804
11884,FEQITFMQALQLLLE,8,0.530936,0.8609260997045527
11885,FFVKNPTDTGHGTVV,8,0.351389,0.5198603060302465
11886,FGPASFARIETAFAN,8,0.91196,0.7306423156744905
11887,FGTMPSLTLACLTKQ,8,0.617242,0.8969819830913653
11888,FIMAYVNQAHHIDLM,8,0.715113,0.9051780220114223
11889,FIVFLLLAGRSCSYK,8,0.5809850000000001,0.7830739104846967
11890,FLFQRAVAREAIIAL,8,0.45975900000000003,0.797959960595857
11891,FLLMYEMHRESLLKS,8,0.636017,0.8581551106413065
11892,FNSLISIAQHLVSDR,8,0.428464,0.8655263427632014
11893,FPPNGTHSWEYWGAQ,8,0.072946,0.23366274241260152
11894,FQTMPGTFQTTTGEI,8,0.36522,0.7413112220237515
11895,FQTVGSGLDHILSLA,8,0.172225,0.605262278113324
11896,FTSLEYIEAAKWLLP,8,0.37954299999999996,0.7365898604563133
11897,FVNQHLCGSHLVEAL,8,0.0,0.6371331370585857
11898,FWYVNHTGFNVHSLP,8,0.38053000000000003,0.7231869296628556
11899,GARYLEFEALGFLNE,8,0.263212,0.6742329495051976
11900,GELEFEEFVSLASRF,8,0.5426449999999999,0.5858553210742344
11901,GELQIVDDIDAAFKI,8,0.516717,0.8964932545277324
11902,GELQIVDIIDAAFKI,8,0.60464,0.9588222248609231
11903,GELQIVDKFDAAFKI,8,0.408341,0.922658296645955
11904,GELQIVDKLDAAFKI,8,0.50721,0.9609777325878848
11905,GELQIVDKRDAAFKI,8,0.184886,0.9073631771815428
11906,GELQIVDKYDAAFKI,8,0.30585500000000004,0.9300439589763598
11907,GELQIVDQIDAAFKI,8,0.613587,0.9583200863393135
11908,GELQIVDWIDAAFKI,8,0.576331,0.9696288634047587
11909,GELQIVHKIDAAFKI,8,0.596888,0.9779501178846846
11910,GELQIVNKIDAAFKI,8,0.563059,0.9760426628414445
11911,GELQIVTKIDAAFKI,8,0.510304,0.9641175814339801
11912,GEVEIQFRRVKCKYP,8,0.331619,0.4500585543967627
11913,GEVLNALAYDVPIPG,8,0.505357,0.5943715599010073
11914,GFTRRFKFLLNISYL,8,0.760192,0.8777709058304287
11915,GGSILKISNKFHTKG,8,0.769093,0.7829603191766129
11916,GGSILKISNKYHTKG,8,0.635679,0.7322564464400871
11917,GIHTVFGSAFQGLFG,8,0.23444099999999998,0.5589313483253697
11918,GIRHLFGNYITNDSY,8,0.87303,0.7302925826016112
11919,GIVEQCCTSICSLYQ,8,0.260179,0.4024392458817612
11920,GKLFTQTMKGVERLA,8,0.20772600000000002,0.5581480259182736
11921,GKLIHEWCCRSCTLP,8,0.224804,0.4921614391245047
11922,GKSSFCDICGEELPT,8,0.220748,0.2474345001959404
11923,GKTVWFVPSIKAGND,8,0.374881,0.6897259956425417
11924,GLVPKLDAAYSVAYK,8,0.640121,0.6092742004599896
11925,GPPVEASAAALAGDA,8,0.0,0.24854916340440705
11926,GSHLVEALYLVCGER,8,0.31795,0.513105650970525
11927,GWIISNIFGAIPVLA,8,0.7844760000000001,0.8687517697440151
11928,GWIISNIFGAIPVLG,8,0.722634,0.8255080693190248
11929,HEWCCRSCTLPPLRY,8,0.114829,0.48632930732423807
11930,HMAKEDLVANQPNLK,8,0.122373,0.3840038091725407
11931,HSRNLINELSERMAG,8,0.402725,0.6480218170576487
11932,HTLWSNGVLESDMII,8,0.0,0.759163382210192
11933,HTQTAGPWHLGKLEL,8,0.113929,0.3520312895506932
11934,IAAMMTSPLSVASMT,8,0.8796780000000001,0.8830474157363548
11935,IAPIMFSNKMARLGK,8,0.52005,0.8608809518787842
11936,IASLFAAAGLAAAAP,8,0.841511,0.8662181714155603
11937,IEFRFYKEITNVFRG,8,0.411487,0.6718015626519104
11938,IGRIAETILGYNPSA,8,0.812743,0.6493235681281737
11939,IIELFTAKGFTVQEM,8,0.807659,0.5503707975130563
11940,IISTFHLSIPNFNQY,8,0.665492,0.8457787121614404
11941,IKDVLKYRWLNLSAN,8,0.638386,0.8525460298889631
11942,ILDLCYQLSMRIANQ,8,0.690917,0.8197723729496991
11943,ILKGLYNFATCGLIG,8,0.730384,0.7477067877416863
11944,ILKGVINIWGSGLLQ,8,0.781328,0.4930318878932426
11945,INLIIHYVDRPGALG,8,0.695613,0.7406915078809625
11946,IPKEQKYSFLQNPQT,8,0.242331,0.5684967327599508
11947,IPSIIHEALNIALIA,8,0.391239,0.8146759953768606
11948,IPVMAYLVGLFAWVL,8,0.397171,0.8029142328302998
11949,ISDFRAAIANYHYDA,8,0.723182,0.7629670639352166
11950,ISGLKPGVDYTITVY,8,0.62588,0.34898014011606365
11951,ITDAVGNDMPGGYCL,8,0.033636,0.21321478321625803
11952,ITFMQALQLLLEVEQ,8,0.554493,0.7465169386748471
11953,IVLNHMTGAQSGKGT,8,0.695761,0.6877634347006758
11954,IVQNAYKQMIKSRTL,8,0.343062,0.8707708993934778
11955,IYEPEDLGNCLNKSD,8,0.06684,0.387532947276091
11956,KASNPNYLAILVKYV,8,0.8992549999999999,0.6358342362768549
11957,KEYTFPITLSSTSNP,8,0.30601999999999996,0.808989113244931
11958,KGLHHLQIILSGKMA,8,0.654948,0.8261419550321161
11959,KGVERLAVMGDVAWD,8,0.601741,0.4514483031089787
11960,KIGIGVLLTWIGLNS,8,0.704643,0.7167292793558244
11961,KLCLMKAQPTSWPLQ,8,0.8367129999999999,0.7786994247623856
11962,KLKIQNVIIDECYGA,8,0.199606,0.7016439397766653
11963,KLPWKNESSIKVIKQ,8,0.34008,0.6489263161218699
11964,KLSQELHKLQTYPRT,8,0.294052,0.6017301541706969
11965,KMDKLELKGMSYAMC,8,0.322289,0.6820505768202146
11966,KPPFSGMTGCGNTPI,8,0.292666,0.1804658185683957
11967,KQIANELNYILWENN,8,0.34180900000000003,0.601509493527892
11968,KRFFLPVFSDEVLAG,8,0.393227,0.8075585613957146
11969,KSIIKARVVWKAIIE,8,0.306304,0.750819021134071
11970,KSRTLKSFFAWSLSD,8,0.5074529999999999,0.7769333975194923
11971,KTLILLETFVRVNPD,8,0.532673,0.7776298139918387
11972,KTLILLETFVRVNPE,8,0.701649,0.7834650832446892
11973,KTRRFLPQILAECAR,8,0.607408,0.6846650245629723
11974,KVGEVCSFYADPKRY,8,0.245916,0.30358076304551546
11975,KVTFLSQVHPSPLLT,8,0.515217,0.6874310640982998
11976,KYTVIITVHTGDQHQ,8,0.848147,0.43096862451962176
11977,LAQILMDNDLAATND,8,0.428683,0.6830617693526638
11978,LDMIITAVNSLISDN,8,0.537764,0.8365499788383335
11979,LEKISNEIKIVATPD,8,0.48276800000000003,0.7186044260418936
11980,LFGGLNWITKVIMGA,8,0.360006,0.7580157982761978
11981,LGMNHVLQSIRRNYP,8,0.636789,0.8757312985472505
11982,LGSQEGAMHTALTGA,8,0.099004,0.381777455440934
11983,LIKTLQSKLSRNFTK,8,0.786399,0.8411918167452551
11984,LKCRLKMDKLELKGM,8,0.12288099999999999,0.2965987772855204
11985,LKLATGMRNVPEKQT,8,0.293423,0.6726854142577874
11986,LLNEFNNLYADKVSV,8,0.466805,0.6429444339590523
11987,LLVTFKNAHAKKPEV,8,0.9940180000000001,0.7843520744813899
11988,LLWDYMCISLSTAIE,8,0.7002619999999999,0.8965001618752388
11989,LNWITKVIMGAVLIW,8,0.22230500000000003,0.754880529408772
11990,LQFNQMMNPSHVKFL,8,0.8868889999999999,0.7129380321862112
11991,LQMVGMRRPQQGASG,8,0.139871,0.5526215222852839
11992,LQSLWANFYELLADA,8,0.318458,0.7239707659434093
11993,LRAHRLHQLAFDTYQ,8,0.28881599999999996,0.6646760115039893
11994,LRIAAKIYSEADEAW,8,0.22808699999999998,0.8118336599744364
11995,LRTKLMTSRRVLEKE,8,0.444283,0.8035953806832657
11996,LSKDGCTSAKGPDYK,8,0.286919,0.07758155852800226
11997,LVSKLYEVVPGILTE,8,0.512008,0.5761275878557314
11998,LWNGPMAVSMTGVMR,8,0.265942,0.8792058548509178
11999,LWTQSLRRELSGYCS,8,0.20623899999999998,0.674970269122173
12000,MAFLRSVSRLAAAVF,8,0.608928,0.7901436315530317
12001,MGAVLIWVGINTRNM,8,0.402215,0.8126248701963726
12002,MGNSKSKSNPSSSSE,8,0.0,0.249058733055351
12003,MGQLISFFGEIPSII,8,0.5306649999999999,0.6737988651992763
12004,MGRDIKVQFQSGGAN,8,0.5934619999999999,0.5559306901175366
12005,MILVGVIMMFLSLGV,8,0.34648,0.5450582458087264
12006,MNMSRQGIFQTVGSG,8,0.42984300000000003,0.6615621923096872
12007,MSFVTTQPEALAAAA,8,0.052274,0.8801887249003825
12008,MSQIMYNYPAMMAHA,8,0.18166500000000002,0.7684452163097687
12009,MSQIMYNYPAMRAHA,8,0.654104,0.7649845277193952
12010,MYFHRRDLRLASNAI,8,0.673618,0.9045844730590668
12011,NCEALSLVSHIVKWK,8,0.117001,0.8069447153002897
12012,NFTVGRIIELFTAKG,8,0.849555,0.7744174752298797
12013,NHFFNHHKVMLLGHD,8,0.286323,0.720062490221912
12014,NHFFNHHKVMLLGHS,8,0.48018299999999997,0.7257333411029151
12015,NHVIQSVRRLYPKIF,8,0.180374,0.6744040747982909
12016,NKGILVTVNPIASTN,8,0.358511,0.7534920227750311
12017,NKNFFWAVKPKAVRQ,8,0.37548899999999996,0.8535603125532547
12018,NLLWKQIANELNYIL,8,0.0,0.7419044302799033
12019,NLMGKTLILLETFVR,8,0.61345,0.8543250115034273
12020,NLNIKLNMPLYIAGN,8,0.24411999999999998,0.7418305082961626
12021,NNVVQALTSLGLLYT,8,0.944032,0.7703362728488484
12022,NPLIRHENRMVLAST,8,0.682619,0.8339330015877433
12023,NPTDTGHGTVVMQVK,8,0.0,0.1780871356390516
12024,NRIMADGGSIQNTNL,8,0.078421,0.3254459451865834
12025,NSFYYMKGGVNTFLI,8,0.34421999999999997,0.8154925902441618
12026,NSLVYGASDSNVYDL,8,0.31899299999999997,0.5235407002146222
12027,NSVIQALTSLGLLYT,8,0.9849530000000001,0.7840669057167827
12028,NSVVQALTSLGLLYT,8,0.9906729999999999,0.7258387278563836
12029,NYLALLVKFVAGDGD,8,0.45614399999999994,0.5739471630964513
12030,PAAAYATATPAAATA,8,0.7856479999999999,0.18668943720464445
12031,PALFFTFLANLNLTE,8,0.653379,0.7368367171339154
12032,PEQIQLLKKAFDAFD,8,0.235934,0.5057610749461903
12033,PGTFQTTTGEIGAIA,8,0.293777,0.3229864544835935
12034,PLYKLVHVFINTQYA,8,0.7970119999999999,0.8351774356964646
12035,PPDAASAAPLRTITA,8,0.610019,0.5743039676187571
12036,PSMGRDIKVQFQSGG,8,0.511571,0.46667095953122495
12037,PSPSMGRDIKVQFQS,8,0.385981,0.4308170878724325
12038,PTHRHLKGEACPLPH,8,0.517239,0.175738113518358
12039,QDVLLFTPASTEPQS,8,0.605889,0.7994582119096681
12040,QFKRASPILRFLYAN,8,0.776255,0.872405255706263
12041,QHLCGSHLVEALYLV,8,0.226688,0.6069406988356809
12042,QHNHRPGYHTQTAGP,8,0.119779,0.3300306674280205
12043,QKRTLSLLQYARYPI,8,0.32105300000000003,0.8428786763992088
12044,QLSALWARFPLPVIP,8,0.469517,0.9026397199129308
12045,QNILLSNAPLGPQFP,8,0.5210819999999999,0.7468135700643569
12046,QPNLKALREKVLGLP,8,0.30640300000000004,0.66833755976762
12047,QVPSASMGRDIKVQF,8,0.375116,0.5829599128936562
12048,QYENLKYTVIITVHT,8,0.555212,0.7299108801886337
12049,RAMFVEDIAMGYVVS,8,0.8462059999999999,0.7137857111936697
12050,RCALHWFPGSHLLAC,8,0.427849,0.6772551143918769
12051,RCALHWFPGSHLLHV,8,0.657415,0.7816872574239043
12052,RDCLIAHGAANTITE,8,0.32235,0.7245156570989364
12053,RFFVWGDEVPLLTKF,8,0.169904,0.7455525980511216
12054,RKELLVTFKNAHAKK,8,0.318749,0.839624497219829
12055,RLATAIAGAWENGVC,8,0.0,0.5368265079878465
12056,RLEFDEFVTLAAKFI,8,0.404002,0.8129068881956456
12057,RLKGESRKTFVELMR,8,0.625351,0.4564081795691494
12058,RLMSMKSVQNNTVLK,8,0.7099880000000001,0.7291436502633777
12059,RMAMTDTTPFGQQRV,8,0.0,0.2741607632209271
12060,RMFSSTLRAAVPWYA,8,0.519648,0.9191721559693031
12061,RNTLLFLDLIILNFV,8,0.20684299999999997,0.5552999400026909
12062,RPGVSKKFLSLLTSS,8,0.6706340000000001,0.8577080806405022
12063,RPMFLYVRTNGTSKI,8,0.820152,0.7404243640501751
12064,RQGIFQTVGSGLDHI,8,0.24172800000000003,0.5124212783459162
12065,RQKIIYSGAVNLDDE,8,0.853332,0.7571258250570778
12066,RREVHIYYLEKANKI,8,0.519538,0.5675189229769585
12067,RRRVMIQSSGGKLRL,8,0.662974,0.6773521086119824
12068,RSRPRRTTRRMDRRT,8,0.384102,0.20805334843297726
12069,RTITADTFRKLFRVY,8,0.36846799999999996,0.5346142905876503
12070,SAAPLRTITADTFRK,8,0.485708,0.6214633324191722
12071,SCLDGKLCLMKAQPT,8,0.507117,0.6198526461232634
12072,SDDQISIMKLPLSTK,8,0.942944,0.8329935789163936
12073,SFLQNPQTSLCFSES,8,0.100362,0.6164248248388845
12074,SFSCIAIGIITLYLG,8,0.280665,0.6209354184942862
12075,SGKLFMHVTLGSDVE,8,0.7377060000000001,0.7664435959421617
12076,SGTVDFDEFMEMMTG,8,0.037933,0.3072285654990816
12077,SIAQHLVSDRPIMRY,8,0.47463900000000003,0.595860179604982
12078,SLKLYRDSLGEAVMR,8,0.361933,0.6500850590253442
12079,SPILRFLYANVGEEA,8,0.949435,0.7715005034168557
12080,SRCYSIYLSINGVLE,8,0.586183,0.8321214706740988
12081,SRFFVMGEETPLLTK,8,0.460258,0.7225374354576419
12082,SSAGGFFTSVGKGIH,8,0.061961,0.4131160908377271
12083,SSTVKLRQNEFGPAR,8,0.03503,0.4091642700917965
12084,SSYAATEVANAAAAS,8,0.47765799999999997,0.638295955956665
12085,SSYAATEVANAAAGQ,8,0.290792,0.6084178380096844
12086,SVTIKLDGNLLSSND,8,0.844384,0.7218596906953748
12087,SVYLSDNGVMSEQGS,8,0.591535,0.6010371455356287
12088,SWKLEKASLIEVKTC,8,0.261225,0.5050022821187987
12089,SYIAEMETESWIVDR,8,0.357558,0.40995026446246924
12090,TAAINKGILVTVNPI,8,0.213666,0.7379408056952312
12091,TAAVELARALVRAVA,8,0.346591,0.5738828388159272
12092,TCVLGKLSQELHKLQ,8,0.174528,0.4929485023271418
12093,TDFAGKTVWFVPSIK,8,0.375697,0.487047177218154
12094,TDKMFFVKNPTDTGH,8,0.6548609999999999,0.6709925884772995
12095,TDTTPFGQQRVFKEK,8,0.467107,0.3540879784282299
12096,TIAAMMTSPLSVASM,8,0.8835059999999999,0.848901075347235
12097,TKKFDEVVKANGGYL,8,0.183697,0.46690784810701574
12098,TKVIMGAVLIWVGIN,8,0.16314,0.6271868306913714
12099,TPLTLVDICFWSTLF,8,0.401986,0.6478379137157197
12100,TQTMKGVERLAVMGD,8,0.262443,0.609989882090992
12101,TRKYLPAIVREAIKR,8,0.46653199999999995,0.7944907624804437
12102,TSSDDQITLIKTPSL,8,0.744969,0.4851088564578912
12103,TVGTKTFLVHREWFM,8,0.219214,0.5654900170802102
12104,TYSQLMTLKDAKMLQ,8,0.7422850000000001,0.7852628012211402
12105,VAPIEHIASMRRNYF,8,0.656779,0.8410107214067659
12106,VDGRGNYNTDLLPDW,8,0.08689,0.27169058929876055
12107,VDLAKSLRIAAKIYS,8,0.34892,0.8583827946878783
12108,VEALYLVCGERGFFY,8,0.554493,0.44727073351078284
12109,VEDEARRMWASAQNI,8,0.351065,0.7045830208401461
12110,VEKSQLLNEFNNLYA,8,0.348775,0.6376507518282867
12111,VFGSAFQGLFGGLNW,8,0.42362799999999995,0.2681230478456391
12112,VFHTLWHTTKGAALM,8,0.022262999999999998,0.7741110898576188
12113,VGNVAWMHVLAAKYI,8,0.347113,0.8722163091900131
12114,VGQQAVEVWQGLALL,8,0.191702,0.2903304402198043
12115,VHAQTVEDEARRMWA,8,0.159616,0.181784882416432
12116,VKQNTLKLATGMRNV,8,0.534148,0.6429555940326257
12117,VLDILTANKLIRQKL,8,0.253217,0.7581375288372931
12118,VLRTKLMTSRRVLER,8,0.43573199999999995,0.7438461357930543
12119,VNFYAWKRMEVGQQA,8,0.475653,0.4378328672109212
12120,VPKKKKDKDIPQSSE,8,0.0,0.4232374862279999
12121,VSIISILKGVINIWG,8,0.66845,0.6408840729853764
12122,VSVDCSEYPKPDCTA,8,0.026886,0.09950423972104368
12123,VSWVMKIGIGVLLTW,8,0.316569,0.49706560685904394
12124,VTVDAAVLAAIDADA,8,0.46173000000000003,0.36975909260662326
12125,VVSRLLIPVPFDPPA,8,0.40310999999999997,0.7817557954282702
12126,WAVKPKAVRQIEDQL,8,0.338972,0.4438886239095335
12127,WGAIWRIDTPEVLKG,8,0.904906,0.5567993001488216
12128,WKRMEVGQQAVEVWQ,8,0.273571,0.24889517432283637
12129,WNRKELLVTFKNAHA,8,0.900178,0.8349019471945822
12130,WPKSHTLWSNGVLES,8,0.23519099999999998,0.7001880265676071
12131,WQKGEEVQVIAVEPG,8,0.25551999999999997,0.26174323504928404
12132,YDKFLAFVSTVLTGK,8,0.6901149999999999,0.7445647337440146
12133,YDKFLALVSTVLTGK,8,0.5977359999999999,0.7214208430093723
12134,YDKFLANESTVLTGK,8,0.525644,0.8672735433315728
12135,YDKFLANKSTVLTGK,8,0.37239099999999997,0.883340178048529
12136,YDKFLANQSTVLTGK,8,0.76894,0.9042293182972888
12137,YDKFLANVCTVLTGK,8,0.64372,0.9478318716041463
12138,YDKFLANVHTVLTGK,8,0.620613,0.9284890232538127
12139,YDKFLANVNTVLTGK,8,0.815185,0.9101731250061814
12140,YDKFLANVTTVLTGK,8,0.648683,0.904714983975828
12141,YDKFLANYSTVLTGK,8,0.807159,0.911564421730641
12142,YDKFLATVSTVLTGK,8,0.171998,0.8035322622054526
12143,YEYKVQQAMSNLVLG,8,0.584733,0.8964816094920635
12144,YGFVANFSMELPSFG,8,0.620059,0.8151566306796112
12145,YLVCGERGFFYTPKT,8,0.07185,0.26115047064181335
12146,YNFATCGLIGLVTFL,8,0.248757,0.6227738564524364
12147,YPFIEQEGPEFFDQE,8,0.11229700000000001,0.24295125527607084
12148,YRKILRQRKIDRLID,8,0.346649,0.6658703962167012
12149,YVVSSFDNIKVFLEG,8,0.994031,0.5438790293131414
12150,AALHPFALLLVLAGWK,8,0.500667,0.5982981813131196
12151,DKGIPFMKMNISVIMK,8,0.574375,0.9016802093929661
12152,MYYVSGARSNVTFTVK,8,0.640305,0.774714592557981
12153,PKQMLVGGVVLLGAMK,8,0.820152,0.799130055006532
12154,QPFLGLCAFLATRIFK,8,0.50803,0.7995808117712733
12155,SLLWNGPMAVSMTGVK,8,0.322924,0.8227012806764886
12156,CSAVPVHWVPTSRTTW,8,0.48593800000000004,0.39923280078331186
12157,CYGGHTNEDDSNFAHW,8,0.059838999999999996,0.18361992588628387
12158,FRNVLSIAPIMFSNKM,8,0.807811,0.8537650152518824
12159,MVSRLLLNRFTMTHRR,8,0.35552399999999995,0.8390331997046464
12160,QPEWFRNVLSIAPIMF,8,0.495014,0.9072431205495346
12161,SAEVEEHRTIRVLEMV,8,0.0,0.4893060412711994
12162,WHTTKGAALMSGEGRL,8,0.0,0.409375380015996
12163,WNRQLYPEWTEAQRLD,8,0.340961,0.6004288922697452
12164,KKEGNTSLLWNGPMAVS,8,0.35696500000000003,0.5031408314025351
12165,KKGLNWITKVIMGAVLI,8,0.718615,0.5995680013584812
12166,KKITKVIMGAVLIWVGI,8,0.43786099999999994,0.6136433380749217
12167,KKLVGGVVLLGAMLVGQ,8,0.796925,0.7144257467838053
12168,KKPFALLLVLAGWLFHV,8,0.35678899999999997,0.5696045652484023
12169,KKSGARSNVTFTVNQTS,8,0.5439390000000001,0.494641775916367
12170,KKTLLDLLKLTVAVGLH,8,0.682619,0.5860007902772806
12171,KKVGQVTLLDLLKLTVA,8,0.714316,0.6086194969436178
12172,NSYIAEMETESWIVDKK,8,0.404706,0.30957458719536585
12173,SGQVVTYALNTITNLKK,8,0.732862,0.793012779126942
12174,TVFGSAFQGLFGGLNKK,8,0.38753699999999996,0.28088714026366807
12175,VLTLGAAMVEIALGGKK,8,0.762939,0.7052380137181188
12176,WLGARYLEFEALGFLKK,8,0.45221400000000006,0.4572429464937027
12177,AIQQVRSLIGNEEFLDY,8,0.478912,0.4656002727536351
12178,ALHIYMDGTMSQVQGSA,8,0.682619,0.4337215392252119
12179,ALHIYMNGTMSQVQGSA,8,0.523183,0.7005901242905845
12180,KIPGGAMYADDTAGWDT,8,0.25614699999999996,0.2691414212497236
12181,LTYQNKVVKVQRPTPKG,8,0.342022,0.6353511949841866
12182,MVTQMAMTDTTPFGQQR,8,0.45462299999999994,0.7721801108781389
12183,NEDDSNFAHWTEARIML,8,0.043354000000000004,0.630902949804537
12184,PETPNMDVIGERIKRIK,8,0.233808,0.21016884881109918
12185,PTPKGTVMDIISRKDQR,8,0.15093,0.2650982793508537
12186,PWDVVPMVTQMAMTDTT,8,0.267788,0.6753738990760731
12187,RLNDTWKLERAVLGEVK,8,0.076581,0.5279113956956343
12188,VVKVQRPTPKGTVMDII,8,0.156577,0.2471420231334408
12189,WLGARYLEFEALGFLNE,8,0.554588,0.5731164644940491
12190,YAHAAHAAHAAHAAHAA,8,0.31003400000000003,0.16532356286492841
12191,YLGKREDQWCGSLIGLT,8,0.29330300000000004,0.32682751432345936
12192,EGRVEIDFDYCPGTTVTL,8,0.0,0.2411170237406473
12193,FESTGNLIAPEYGFKISY,8,0.214491,0.3916272616716997
12194,GAGVMVEGVFHTLWHTTK,8,0.08414500000000001,0.229557787240607
12195,GKLITDWCCRSCTLPPLR,8,0.0,0.2460966379030332
12196,GWLSCLSITWTLIKNMEK,8,0.128227,0.3266504348398956
12197,IDPFQLGLLVVFLATQEV,8,0.108518,0.5910807925866369
12198,MATFKIQPVFMVASFLKA,8,0.295016,0.5883435463976538
12199,REDQRGSGQVVTYALNTF,8,0.029398,0.27428663378700713
12200,SCIAIGIITLYLGAVVQA,8,0.16705899999999999,0.626372452599867
12201,YAQMWLLLYFHRRDLRLM,8,0.110153,0.4824651180941416
12202,YFHRRDLRLMANAICSAV,8,0.30726,0.5300762168493236
12203,YVDRFYKTLRAEQASQEV,8,0.481651,0.7370460659296518
12204,GLFNPMILAAGLIACDPNR,8,0.076499,0.6660242590628958
12205,IYRRRLMKQDFSVPQLPHS,8,0.796925,0.399227737892444
12206,KLPKPPKPVSKMRMATPLL,8,0.49462399999999995,0.7732753960132112
12207,VAPEEHPVLLTEAPLNPKA,8,0.0,0.7143469175037365
12208,AALLVVAVGLRVVCAKYALA,8,0.347156,0.6477917349463315
12209,DPWFAHGTPMPKIQNVSSSD,8,0.0,0.07953905423439
12210,DTEVHNVWATQACVPTDPNP,8,0.259044,0.5829744420852534
12211,FFTELDGVRLHRFAPPCKPL,8,0.318421,0.6161266358056247
12212,HAPAAPANPGLIIGALAGST,8,0.131425,0.2812253002584499
12213,HIDLLVGSATLCSALYVGDL,8,0.38348899999999997,0.6144309078433821
12214,IEPIVATNWQKLEAFWHKHM,8,0.36470199999999997,0.6459719522694014
12215,ITRVESENKVVILDSFDPLV,8,0.49366000000000004,0.7048631341782292
12216,KIIGGIGGFVKVRQYDQIPI,8,0.226685,0.10003247603433929
12217,KMIGGIGGFVKVRQYDQIPI,8,0.209875,0.05149573688690782
12218,LIIGALAGSTLAALVIGGIA,8,0.457167,0.8124370230825786
12219,PAEILRKSRRFAQALPVWAR,8,0.356323,0.5613091561759582
12220,PELVPEDPEDSALLEDPAGT,8,0.194804,0.3361801715522175
12221,EQEILNYMSPHHKKLHHHHHH,8,0.592716,0.8904342709419205
12222,GAGKTRRFLPQILAEHHHHHH,8,0.587246,0.9163937573775806
12223,GSRAIWYMWLGARYLHHHHHH,8,0.361655,0.9482438505444408
12224,HTMWHVTRGAFLVRNHHHHHH,8,0.562265,0.8791685296853036
12225,IWYMWLGARYLEFEAHHHHHH,8,0.0,0.9371395762945818
12226,MFFVKNPTDTGHGTVHHHHHH,8,0.563901,0.7787409865710196
12227,TRRFLPQILAECARRHHHHHH,8,0.6523770000000001,0.820739310556679
12228,GHGHSYTTAEEAAGIGILTVIL,8,0.05695,0.6614120109093312
12229,GIGILTVILGVLLLIGCWYCRR,8,0.117711,0.2756603921181601
12230,MTPAEVSIVVLSGTTAAQVTTT,8,0.7381449999999999,0.5757721257486423
12231,LPKPPKPVSKMRMATPLLMGALPM,8,0.7703369999999999,0.7572626490108529
12232,LPKPPKPVSKMRMATPLLMQALPM,8,0.7703369999999999,0.8107627088465348
12233,YLPKPPKPVSKLRLATPLLLQALPL,8,0.442402,0.7014984452442012
12234,EIYKRWIILG,9,0.170502,0.06548589752786725
12235,GIVEQCCTSI,9,0.0,0.054144424209723395
12236,AAAAAVAAEAY,9,0.0,0.30143096402446523
12237,ILGLNKIVRMY,9,0.342181,0.13160546865769587
12238,KIQNVIIDECY,9,0.062301999999999996,0.11007398853028738
12239,MSSGSFINISV,9,0.0,0.19641952462330944
12240,AALLVVAVGLRV,9,0.113906,0.4139734175158396
12241,ALLVVAVGLRVV,9,0.18802,0.4995262457748591
12242,AVGLRVVCAKYA,9,0.257765,0.3741282704323639
12243,DPEDSALLEDPA,9,0.0,0.08041330925447684
12244,EDPEDSALLEDP,9,0.0,0.060156902837568214
12245,EDSALLEDPAGT,9,0.0,0.13747106907987502
12246,ELVPEDPEDSAL,9,0.0,0.0934348344319183
12247,FYKTLRAEQASQ,9,0.247666,0.6928387770679953
12248,GLRVVCAKYALA,9,0.370584,0.37611295400564176
12249,GVTYEIDLTNKN,9,0.555996,0.2643245335239931
12250,LLVVAVGLRVVC,9,0.400386,0.4936220994195124
12251,LVPEDPEDSALL,9,0.0,0.08773272738539538
12252,LVVAVGLRVVCA,9,0.071463,0.43106948658296507
12253,NKIVRMYSPISI,9,0.9377559999999999,0.2312910280215452
12254,NKIVRMYSPTSI,9,0.825166,0.23685958596732487
12255,NPGLIIGALAGS,9,0.078863,0.09705726038480784
12256,PEDPEDSALLED,9,0.0,0.051831951551355546
12257,PEDSALLEDPAG,9,0.0,0.110439766847915
12258,PELVPEDPEDSA,9,0.030064999999999998,0.05638610648343562
12259,PGLIIGALAGST,9,0.0,0.23408543895283473
12260,RFYKTLRAEQAS,9,0.385709,0.6483550419978303
12261,VAVGLRVVCAKY,9,0.37400100000000003,0.4020509503623168
12262,VGLRVVCAKYAL,9,0.38765900000000003,0.3198452794609745
12263,VPEDPEDSALLE,9,0.0,0.06558428718335464
12264,VVAVGLRVVCAK,9,0.29806,0.42412041971344006
12265,WIILGLNKIVRM,9,0.159316,0.3895181525397388
12266,DMTPADALDDFDL,9,0.0,0.1695800548761669
12267,EEYVEIRQVGDFH,9,0.698876,0.28845382748807624
12268,FYKTLRAEQASQE,9,0.584649,0.6950540302048324
12269,RFYKTLRAEQASQ,9,0.657304,0.683553244615845
12270,SPEVIPMFSALSE,9,0.6281439999999999,0.6474201748781226
12271,VCGERGFFYTPKT,9,0.095577,0.2265252530667688
12272,EAMSQANSAILMQR,9,0.21365399999999998,0.710402353208666
12273,EYRSTVNPWASQLG,9,0.78223,0.5339976684219431
12274,KPLLIIAEDVEGEY,9,0.5648,0.2893034695153474
12275,MLFRILSLNLIKIK,9,0.637718,0.5125618641810733
12276,NTSYRLISCNTSVI,9,0.47850299999999996,0.5322322604053367
12277,TSICSLYQLENYCN,9,0.005028,0.5438824878152279
12278,VLAGWLFHVRGARR,9,0.34210999999999997,0.577401624838204
12279,YARFQRQTTLKAAA,9,0.7102069999999999,0.6446565232168504
12280,AAAAPAAVGAAVGGT,9,0.176839,0.06615297075261689
12281,AAAGLAAAAPLESRQ,9,0.46137100000000003,0.41954242264577357
12282,AAGAQLLWQLPLLSI,9,0.38913000000000003,0.6633858686085802
12283,AAGDFWGGAGSAACQ,9,0.098629,0.08530901524183916
12284,AAGVAAWSLIALMIP,9,0.21194699999999997,0.8436237129306076
12285,AAIVNKLKAILVDLE,9,0.360186,0.5796421581049068
12286,AALPLLFFALAGQRI,9,0.590389,0.759553498864066
12287,AAPEAARSLASSLPG,9,0.264793,0.5754820516736208
12288,AAPLSWSKDIYNYME,9,0.33269099999999996,0.6441510694560695
12289,AASDFWGGAGSAACQ,9,0.16883499999999999,0.11175581312744311
12290,AASGADGTYDITKLG,9,0.072048,0.13831456328147
12291,AAVELARALVRAVAE,9,0.336378,0.5385153243363862
12292,ADDLTAAINKGILVT,9,0.105522,0.5872358694325629
12293,ADNSLDYAANFSHML,9,0.41889499999999996,0.7666848418973123
12294,ADSVKGRFTISRDNS,9,0.622509,0.6526689907343054
12295,AELMILIATNLLGQN,9,0.169351,0.69798231233526
12296,AFEGVFGHLAATAVP,9,0.525393,0.5086614570778356
12297,AFMLAWNYGVPRVMS,9,0.6129680000000001,0.7591757959131596
12298,AFQGLFGGLNWITKV,9,0.124543,0.505387929339739
12299,AGALEVHAVKPVTEE,9,0.425555,0.21263693944323844
12300,AGAWRTAAVELARAL,9,0.5783560000000001,0.5392077277473937
12301,AGILARNLVPMVATV,9,0.171518,0.7737413316645617
12302,AGLLGNVSTVLLGGV,9,0.35539499999999996,0.5886221520578864
12303,AGLLGVVSTVLLGGV,9,0.356526,0.4562239412282531
12304,AGLTHMMIWHSNLND,9,0.205159,0.8320127960717415
12305,AGRFEVHAQTVEDEA,9,0.537149,0.2706118525523049
12306,AGWDTVLQSITTILA,9,0.70399,0.7132506415522633
12307,AGYLVGRKPLAFFSW,9,0.321693,0.6619330640330595
12308,AHARSYQTLSTQAAA,9,0.8799319999999999,0.7377226389963423
12309,AHWTEARIMLDNINM,9,0.36173,0.6558786382077336
12310,AIAGAWENGVCGIRS,9,0.130349,0.19243010400861618
12311,AINIFNVEKYGAVGD,9,0.199134,0.7112428485271975
12312,AKPDGKTDCTKEVEE,9,0.0,0.09162110065152385
12313,ALKESWGAIWRIDTP,9,0.25095300000000004,0.5292738725950188
12314,ALLPRAGAAAAAALP,9,0.13886400000000002,0.26321524600641305
12315,ALQSHDDVALVSVMW,9,0.22707199999999997,0.49584783720780484
12316,ALRVIAGALEVHAVK,9,0.429069,0.6456106890541283
12317,ALSDADWHFIADPAS,9,0.395934,0.5050679073041732
12318,ALSDPYLSFAAALNG,9,0.80567,0.688511441002735
12319,ALTKAITAMSEVQKV,9,0.476379,0.7218662288558984
12320,AMFVEDIAMGYVVSS,9,0.53396,0.5201294019571575
12321,APGAAAAPLSWSKDI,9,0.20264200000000002,0.34170665859353344
12322,APNGGFRRIPRGALH,9,0.5843189999999999,0.46825836778658647
12323,APSVVPNTTLGMHCG,9,0.150276,0.6955925085579863
12324,AQAVYDFRSIVDYLR,9,0.57414,0.63342422465348
12325,AQIYQAVSAQAAAIH,9,0.664904,0.7909279128923142
12326,AQVRADRILALDADP,9,0.43766099999999997,0.5028159793785908
12327,ARGYISTRVGMGEAA,9,0.5841350000000001,0.5571573442699355
12328,ARNLVPMVATVQGQN,9,0.542139,0.5914554167091728
12329,ARWVYFLTRMRNPTG,9,0.780435,0.9085113753494787
12330,ASAAILGHDGTVWAQ,9,0.0453,0.17824068097221657
12331,ASIAARGYISTRVGM,9,0.376375,0.6569989282970028
12332,ASLIYRRRLMKQDFS,9,0.603962,0.7622888835407954
12333,ASNPNYLAILVKYVD,9,0.725589,0.7209104460910682
12334,ASPLTGIADASQSSM,9,0.595236,0.7060204831330275
12335,ASVGKMIDGIGRFYI,9,0.07988200000000001,0.3795958530495691
12336,ATPPPPPPPQLGASP,9,0.048331,0.018696358234656745
12337,ATSPTAEGGKATTEE,9,0.0,0.04070255098136393
12338,ATTANVPPADKYKTF,9,0.274998,0.1780436392314409
12339,AVFEAALTKAITAMS,9,0.44538199999999994,0.6674136930654051
12340,AVFEAALTKAITAMT,9,0.40824099999999997,0.6886388185954638
12341,AVGLFIRLLGGESDA,9,0.7285229999999999,0.5777088630274549
12342,AVHVWLRLPAGRVEI,9,0.643878,0.7213792311970791
12343,AVIRGKKGAGGITIK,9,0.06085599999999999,0.07593815895225293
12344,AVMLTFDNAGMWNVR,9,0.652037,0.6806101241425312
12345,AWASACGGTGKNTIV,9,0.0,0.04767924486112738
12346,AWMSAAATQAEQAAT,9,0.799212,0.6146931323138604
12347,AYGSFVRTVSLPVGA,9,0.6195430000000001,0.8215129370380606
12348,AYSDDKSMKVTVAFN,9,0.422763,0.39010471480110914
12349,AYTSSDDQISLFDQS,9,0.5868479999999999,0.39567768987831187
12350,AYVATVSEALRIIAG,9,0.339175,0.7231815050496302
12351,CADILAIASRVLVTM,9,0.339979,0.834684113065641
12352,CDASILIDPLSNQSA,9,0.476742,0.6951770798516436
12353,CDGERPTLAFLQDVM,9,0.33294,0.5246408485242483
12354,CGGTGKNTIVIPKGD,9,0.0,0.17997618069262475
12355,CGYKDVDKPPFDGMT,9,0.236087,0.12875658640708512
12356,CIEYVTLNASQYANC,9,0.383845,0.8473578747991823
12357,CMTVQGGETMNSVIQ,9,0.521609,0.32370361174514145
12358,CPLDHVNTLHFLTRG,9,0.704447,0.7161199513277601
12359,CQFLKVEKSQLLNEF,9,0.664875,0.5811136022507924
12360,CRSCTLPPLRYMGED,9,0.180277,0.6522472078008228
12361,CSNLSTCVLGKLSQE,9,0.20855,0.654203652264595
12362,CTGMLKRRLGLMSLS,9,0.538713,0.8101147363544025
12363,DALTLRTATNIWIDH,9,0.527776,0.6613841438527667
12364,DCSEYPKPDCTAEDR,9,0.179558,0.05431194869915277
12365,DDRITKARWVYFLTR,9,0.5736979999999999,0.7054479646433122
12366,DEARRMWASAQNISG,9,0.580354,0.7813648199586753
12367,DEPMVQVEAGKVNHS,9,0.0,0.3232918140185186
12368,DESWQQFRQELIPLL,9,0.5113479999999999,0.7767618974536192
12369,DFGNSYIAEMETESW,9,0.5031760000000001,0.4835116183246896
12370,DGQGKAVWGKNSCAK,9,0.0,0.2006204170144349
12371,DHTNFKYNYSVIEGG,9,0.628508,0.7078610459891356
12372,DIDLGRNEVVNDVST,9,0.275327,0.43429579565528104
12373,DIFTNSRGKRASKGN,9,0.0,0.6335006087616388
12374,DIKVQFQSGGNNSPA,9,0.49878500000000003,0.4787006723967471
12375,DINASFRAAMATTAN,9,0.5667479999999999,0.7442471875013577
12376,DITVKNCVLKKSTNG,9,0.153847,0.6204725517369082
12377,DKKCIEWEKAQHGAC,9,0.18086300000000002,0.31745905274739555
12378,DKLTGPFTVRYTTEG,9,0.18019300000000002,0.4087991452552466
12379,DKPFQNVNRITYGAC,9,0.149558,0.45849146543852526
12380,DKVYEILKINSVKYY,9,0.551988,0.6608978473147661
12381,DLVANQPNLKALREK,9,0.493892,0.5091377152560973
12382,DMDKVETFLRIVQCR,9,0.40544600000000003,0.6809932740019725
12383,DMLKLFEFNKKAIET,9,0.369785,0.6703736749888526
12384,DRASYRAHWQDDDVT,9,0.402938,0.39882889370071956
12385,DRTELLEMVCFHEFL,9,0.452362,0.45517808340707766
12386,DTFRKDFRVYDNFLR,9,0.432988,0.4250476407889416
12387,DTFRKLFRRYSNFLR,9,0.732862,0.8586704898802731
12388,DVDIIVDARLDLSST,9,0.5932350000000001,0.4656210164136624
12389,DVFYNGAYFVSSGKY,9,0.39708899999999997,0.5947740884287339
12390,DVLSQPMLPHTWDGS,9,0.198433,0.34815295129796786
12391,EAAFNKAIKESTGGA,9,0.38987,0.42486759741026126
12392,EAVLEDPYILLVSSK,9,0.397071,0.7325207568317532
12393,EAYRMRFAAVITRVI,9,0.812651,0.8651399680109079
12394,EDPLFQLVSKLYEVV,9,0.336879,0.7004364377778646
12395,EEDIEIIPPIQEEEY,9,0.5264260000000001,0.15405361660667732
12396,EEFVSLASRFLVEED,9,0.403075,0.7163111051339877
12397,EEIITLNSYGSFQEF,9,0.581675,0.7626155550790158
12398,EFIPMKSSWGAIWRI,9,0.437934,0.6285411003311494
12399,EFVTLAAKFIIEEDS,9,0.39112199999999997,0.708530226757703
12400,EGHHLASAAIFGHDG,9,0.22196799999999997,0.5277309667371367
12401,EGHHLASAAILGHDG,9,0.182046,0.5653211418972414
12402,EGKVVQYENLKYTVI,9,0.584454,0.6747532476077501
12403,EHELYVAVLSNALHR,9,0.763108,0.8353089381594002
12404,EIESCRKNSCECNFE,9,0.22558000000000003,0.21778751808989177
12405,EITGIMKDFDEPGHL,9,0.259139,0.17871285218399405
12406,EKMFVSPTPGQRNPY,9,0.656374,0.4126310196211216
12407,ELAAVSVDCSEYPKP,9,0.23888,0.39827844276641466
12408,ELKESWGAIWRIDTP,9,0.302041,0.4765514757604941
12409,ELLDQSDVKEPGVSR,9,0.38240100000000005,0.23857005273187382
12410,ELYKYKVVKIEPLGV,9,0.6449159999999999,0.602521987681367
12411,EMETESWIVDRQWAQ,9,0.0,0.4622968732505803
12412,EPAYFATAESVRDHL,9,0.8650549999999999,0.7570232407556083
12413,EQCCTSICSLYQLEN,9,0.187111,0.45712288876705687
12414,EQCGRQAGGKLCPNN,9,0.069231,0.07186193520818232
12415,EQFLGALDLAKKRVH,9,0.337079,0.6141644765239022
12416,ERRNKYLEEHPSAGK,9,0.176179,0.2786022209575329
12417,ESLHNPYPDYHWLRT,9,0.21563200000000002,0.1618517913564233
12418,ESTGGAYDTYKSIPS,9,0.173213,0.30221186499438596
12419,ESWGAVWRIDTPDKL,9,0.478613,0.4844933050534339
12420,ESWIVDRQWAQDLTL,9,0.10629100000000001,0.4579655682497346
12421,EVFCQTIKLDSEEYH,9,0.640363,0.4592295695673175
12422,EVLGFRMVQDERVGR,9,0.5807859999999999,0.47927188477848087
12423,EVVKANGGYLAAGKL,9,0.28279099999999996,0.32873427543690426
12424,EVYEARLTKFKYLAG,9,0.44888599999999995,0.6460763237479988
12425,EYIEAAKWLLPPPKV,9,0.255531,0.5354798811515443
12426,FARIETAFANLYPGE,9,0.9096360000000001,0.7436401312607077
12427,FAVATITHAAELQRV,9,0.711354,0.5678627439510832
12428,FDELELDPPEIEPGV,9,0.575109,0.14982325191482562
12429,FDHEFTFGWDELLSK,9,0.233273,0.43935042597332963
12430,FDPYGATISATPESA,9,0.49883599999999995,0.5185290295926824
12431,FDREFTFGWDELLSK,9,0.26566100000000004,0.44088137958186585
12432,FEAAFNDAIKASTGG,9,0.20644200000000001,0.6173808315289119
12433,FEFNKKAIETLNDNT,9,0.5015689999999999,0.6616796049443656
12434,FEQITFMQALQLLLE,9,0.462639,0.876606826748801
12435,FFVKNPTDTGHGTVV,9,0.152085,0.636460136014592
12436,FGPASFARIETAFAN,9,0.854941,0.7472926420471933
12437,FGTMPSLTLACLTKQ,9,0.6394920000000001,0.8721571099827717
12438,FIMAYVNQAHHIDLM,9,0.8304600000000001,0.8985938795343889
12439,FIVFLLLAGRSCSYK,9,0.454049,0.7933888347661503
12440,FLAVAVVLGLATSPT,9,0.450559,0.5757867391819791
12441,FLFQRAVAREAIIAL,9,0.39987399999999995,0.7735050432916123
12442,FLLMYEMHRESLLKS,9,0.5244340000000001,0.8737916925300998
12443,FNSLISIAQHLVSDR,9,0.5695479999999999,0.9011094139786039
12444,FPPNGTHSWEYWGAQ,9,0.066018,0.29861948829967616
12445,FQTMPGTFQTTTGEI,9,0.373958,0.746456606870278
12446,FQTVGSGLDHILSLA,9,0.520934,0.6423079200358591
12447,FRKYTAFTIPSINNE,9,0.545956,0.88400367353424
12448,FTSLEYIEAAKWLLP,9,0.42990600000000007,0.654684805566777
12449,FVNQHLCGSHLVEAL,9,0.242412,0.6447937138071127
12450,FVVTGRVYCDPCRAG,9,0.40216199999999996,0.26956297039279375
12451,FWYVNHTGFNVHSLP,9,0.460467,0.8147002507656944
12452,GARYLEFEALGFLNE,9,0.603543,0.6800848449500104
12453,GAVDIINKWQVVAPQ,9,0.101107,0.5655671176956779
12454,GAYFVSSGKYEGGNI,9,0.474523,0.5345979486947086
12455,GEGIPLYDAIKCMRT,9,0.038228,0.5391833631235942
12456,GEIYKRWIILGLNKI,9,0.45098999999999995,0.7492469940075652
12457,GELEFEEFVSLASRF,9,0.5231779999999999,0.582827555119224
12458,GENGRKTRSAYERMC,9,0.32850100000000004,0.37689202200615285
12459,GEVEIQFRRVKCKYP,9,0.274912,0.4125262243159622
12460,GEVLNALAYDVPIPG,9,0.426432,0.5564026423503141
12461,GFTRRFKFLLNISYL,9,0.772722,0.8786060125513901
12462,GGACGYKDVDKPPFS,9,0.193156,0.1019510806942038
12463,GGGFGMLLRKYGIAA,9,0.151926,0.5940783477073317
12464,GGSILKISNKFHTKG,9,0.553355,0.7583436024380389
12465,GGSILKISNKYHTKG,9,0.536403,0.6665874007080959
12466,GHAYLLLPNTESARK,9,0.806361,0.8252770888222029
12467,GIHTVFGSAFQGLFG,9,0.175304,0.5929073757192067
12468,GIKVGYTAHIRKATE,9,0.27907600000000005,0.697691815303058
12469,GIRHLFGNYITNDSY,9,0.625317,0.741197189411112
12470,GIVEQCCTSICSLYQ,9,0.095493,0.4631751653640051
12471,GKGTLDGQGKAVWGK,9,0.0,0.12525113302620405
12472,GKIDFLNNYALFLSP,9,0.46091499999999996,0.8146812647074944
12473,GKIVHISPLSGSAQH,9,0.489472,0.7423923505599986
12474,GKLFTQTMKGVERLA,9,0.073421,0.4523484666403253
12475,GKLIHEWCCRSCTLP,9,0.245831,0.5416761609014893
12476,GKSSFCDICGEELPT,9,0.326825,0.3000581743561135
12477,GKTVWFVPSIKAGND,9,0.628363,0.6676867492328323
12478,GLAYKFVVPGAATPY,9,0.33016799999999996,0.46629113313815873
12479,GLEWNDNTVRVSETL,9,0.19881600000000002,0.46722600216719856
12480,GLSGEPKGGAESSSK,9,0.105117,0.03665489205359512
12481,GLTHMMIWHSNLNDT,9,0.30894299999999997,0.8307145405378323
12482,GLVPKLDAAYSVAYK,9,0.24368800000000002,0.5010070007154035
12483,GMTGMLWETSLLDPE,9,0.7513850000000001,0.6632918117682176
12484,GNIVAVDIKPKDSDE,9,0.44875299999999996,0.3144183254473505
12485,GPPVEASAAALAGDA,9,0.023163999999999997,0.17911911419310775
12486,GRKRPIVRILRRVHH,9,0.507742,0.5493441985997609
12487,GRKTRSAYERMCNIL,9,0.356094,0.6664049501883657
12488,GSHLVEALYLVCGER,9,0.220338,0.6702678205450746
12489,GTKGEAKDVIPEGWK,9,0.0,0.04907424404524166
12490,GVLKNEFMSLAFDYW,9,0.7740560000000001,0.6544914096716312
12491,GWIISNIFGAIPVLA,9,0.565926,0.8338024012533951
12492,GWIISNIFGAIPVLG,9,0.613209,0.8065845914327219
12493,GYKDWILWISFAISC,9,0.359213,0.7211622329186129
12494,HAYYLQYKNVRPDYL,9,0.691148,0.6953874790206799
12495,HDYEGLSYRSLQPET,9,0.231828,0.5647814553483561
12496,HEWCCRSCTLPPLRY,9,0.180982,0.46606412232954375
12497,HFSNVFRSVMAPFTM,9,0.865856,0.8456333913519299
12498,HGRQIRMAKLLGRDP,9,0.342534,0.7184801137072518
12499,HMAKEDLVANQPNLK,9,0.186344,0.3063794676475846
12500,HSLLRTQRLHKFLVC,9,0.34779699999999997,0.8290660071235766
12501,HSRNLINELSERMAG,9,0.132501,0.7048315283663686
12502,HTLWSNGVLESDMII,9,0.173371,0.7486852172503902
12503,HTQTAGPWHLGKLEL,9,0.090761,0.3100245174326417
12504,IAAMMTSPLSVASMT,9,0.450981,0.8513060365534416
12505,IAIAFLSVSNNYEYI,9,0.9828600000000001,0.7437952614130431
12506,IAPIMFSNKMARLGK,9,0.0,0.833783198095307
12507,IASLFAAAGLAAAAP,9,0.306532,0.7853296801879198
12508,IEFRFYKEITNVFRG,9,0.600777,0.7582279585236825
12509,IGGWLLLEPWISPSV,9,0.556029,0.6967841400877295
12510,IGPEAAEAAAAAPAA,9,0.089808,0.17982243080568688
12511,IGRIAETILGYNPSA,9,0.31590300000000004,0.6191804892836933
12512,IGSYVAFLSQTFAFI,9,0.32109099999999996,0.8390774111553301
12513,IHKASTVLAFPAGVC,9,0.416286,0.670958156664036
12514,IIELFTAKGFTVQEM,9,0.49056700000000003,0.5994613989875293
12515,IISTFHLSIPNFNQY,9,0.5877760000000001,0.8541703774175288
12516,IITPTNVSHIQSAVV,9,0.396522,0.7243800319832746
12517,IKDVLKYRWLNLSAN,9,0.63384,0.8152000124852363
12518,ILDLCYQLSMRIANQ,9,0.553718,0.8104958929366262
12519,ILKGLYNFATCGLIG,9,0.8056989999999999,0.7493753660892628
12520,ILKGVINIWGSGLLQ,9,0.651033,0.4495166166746689
12521,IMRIKKLTITGKGTL,9,0.279017,0.5262914105902247
12522,INLIIHYVDRPGALG,9,0.567237,0.7220583644598877
12523,IPKEQKYSFLQNPQT,9,0.796925,0.5601353181379422
12524,IPKGDFLTGPLNFTG,9,0.347817,0.5942825603124657
12525,IPSIIHEALNIALIA,9,0.6359130000000001,0.8339340809222521
12526,IPVMAYLVGLFAWVL,9,0.21566100000000002,0.800681136633575
12527,ISATPEWATPFPHRK,9,0.13280799999999998,0.3658583197150129
12528,ISDFRAAIANYHYDA,9,0.798315,0.7472117818507941
12529,ISGLKPGVDYTITVY,9,0.460458,0.33198478885921584
12530,ITAMSEVQKVSQPAT,9,0.19554000000000002,0.3271273379338386
12531,ITDAVGNDMPGGYCL,9,0.055585,0.18446774454876683
12532,ITFMQALQLLLEVEQ,9,0.499838,0.7391591177921727
12533,IVLNHMTGAQSGKGT,9,0.203382,0.5964969499359967
12534,IVQNAYKQMIKSRTL,9,0.44143999999999994,0.8718194712243824
12535,IYEPEDLGNCLNKSD,9,0.172242,0.39407618311222936
12536,IYWTIVKPGDILLIN,9,0.36854699999999996,0.7285734148343528
12537,KAIKESTGGAYDTYK,9,0.393036,0.10718414209894547
12538,KASNPNYLAILVKYV,9,0.554535,0.6266117728239927
12539,KCKYPEGTKVTFHVE,9,0.17510599999999998,0.23018307216034029
12540,KDKWIELKESWGAIW,9,0.145532,0.30742341626498904
12541,KEVEEAWASACGGTG,9,0.13303399999999999,0.18408305728120047
12542,KEYTFPITLSSTSNP,9,0.335282,0.847200784375261
12543,KFTQFAGKDLESIKG,9,0.438066,0.5086244343601973
12544,KFVDSTVVASVTIID,9,0.462937,0.44158322407497264
12545,KGKDKWIELKESWGA,9,0.180828,0.20605206962887662
12546,KGLHHLQIILSGKMA,9,0.898341,0.8115479003206028
12547,KGSNDHYLALLVKYA,9,0.604031,0.6349821775724723
12548,KGVERLAVMGDVAWD,9,0.352829,0.34353236059125786
12549,KHLAVLVKYEGDTMA,9,0.1603,0.5981654405289978
12550,KIEIDQDHQEEICEV,9,0.32311999999999996,0.30743341477530667
12551,KKGAGGITIKKTGQA,9,0.07196799999999999,0.09412982531280852
12552,KLCLMKAQPTSWPLQ,9,0.619769,0.7327734447245919
12553,KLCPNNLCCSQWGWC,9,0.18815,0.29219363458524034
12554,KLKIQNVIIDECYGA,9,0.378114,0.7690224231157635
12555,KLPWKNESSIKVIKQ,9,0.248862,0.5940720593126875
12556,KLSQELHKLQTYPRT,9,0.130386,0.6170340792881753
12557,KLTITGKGTLDGQGK,9,0.270442,0.30959624305740924
12558,KMDKLELKGMSYAMC,9,0.417475,0.52907816838454
12559,KMPMYIAGYKTFDGR,9,0.488442,0.6747911693685695
12560,KNTIVIPKGDFLTGP,9,0.0,0.4039203725049046
12561,KPPFSGMTGCGNTPI,9,0.21722399999999997,0.16548993122106248
12562,KQCFRKLPVNRPIDW,9,0.674082,0.6535295566306604
12563,KQIANELNYILWENN,9,0.412758,0.6917855375696348
12564,KRFFLPVFSDEVLAG,9,0.757896,0.8138186680663271
12565,KRWIILGLNKIVRMY,9,0.445329,0.760868949614811
12566,KSIIKARVVWKAIIE,9,0.27915100000000004,0.6487237540438845
12567,KSMKVTVAFNQFGPN,9,0.571479,0.6907219038515995
12568,KSRTLKSFFAWSLSD,9,0.70891,0.8298458705645577
12569,KSTNGLRIKSYEDAK,9,0.23905300000000002,0.5141845916960212
12570,KTDCTKEVEEAWASA,9,0.0901,0.13628040511061462
12571,KTLILLETFVRVNPD,9,0.649461,0.7629477290562915
12572,KTLILLETFVRVNPE,9,0.877208,0.7660838064193838
12573,KTRRFLPQILAECAR,9,0.6302369999999999,0.7106511221170522
12574,KTVSEGAVDIINKWQ,9,0.147789,0.43305458186775003
12575,KVGEVCSFYADPKRY,9,0.405444,0.295705533883817
12576,KVTFLSQVHPSPLLT,9,0.578441,0.7196115422462847
12577,KYDAYVATLSEALRI,9,0.580942,0.8324427304611776
12578,KYKTFEAAFTVSSKR,9,0.471063,0.8715315622516533
12579,LAQILMDNDLAATND,9,0.611899,0.6565000484561412
12580,LDGNLLSSNDLAKYK,9,0.26616799999999996,0.6125134701674944
12581,LDMIITAVNSLISDN,9,0.612521,0.8235310123328681
12582,LEAKATFYGSNPRGA,9,0.08414400000000001,0.3887870648206615
12583,LEKISNEIKIVATPD,9,0.357468,0.7196356475176598
12584,LFFNHHKVMLLGHDD,9,0.389997,0.8172229293654827
12585,LFGGLNWITKVIMGA,9,0.15179,0.7460786189554239
12586,LGAVYRYKKLKEMSA,9,0.33003499999999997,0.4802655186582296
12587,LGMNHVLQSIRRNYP,9,0.824314,0.8698573263033014
12588,LGSQEGAMHTALTGA,9,0.123419,0.29462031561001495
12589,LHFSEALRIIAGTPE,9,0.66295,0.9052024352213559
12590,LHLYSHPIILGFRKI,9,0.491933,0.8099496909404621
12591,LIKTLQSKLSRNFTK,9,0.539253,0.7920004747300576
12592,LKCRLKMDKLELKGM,9,0.151137,0.329436563882433
12593,LKLATGMRNVPEKQT,9,0.6080810000000001,0.6153650733724381
12594,LKNCVDAKMTEEDKE,9,0.258656,0.2704540618710317
12595,LLNEFNNLYADKVSV,9,0.657917,0.7228859138874942
12596,LLTWIKMLAAKNLPI,9,0.849035,0.7792979058972566
12597,LLWDYMCISLSTAIE,9,0.705955,0.8982131506026039
12598,LNIKLNMPLYIAGNK,9,0.32508200000000004,0.8039734350637245
12599,LNWITKVIMGAVLIW,9,0.10579200000000001,0.7371478959577269
12600,LQFAKLTGFTLMGKG,9,0.45030299999999995,0.6637199314897481
12601,LQFNQMMNPSHVKFL,9,0.8265870000000001,0.7094525762541196
12602,LQMVGMRRPQQGASG,9,0.357618,0.549751289285841
12603,LQSLWANFYELLADA,9,0.516033,0.7034367697516947
12604,LRAHRLHQLAFDTYQ,9,0.147474,0.565868515554995
12605,LRIAAKIYSEADEAW,9,0.34525100000000003,0.8043905900614357
12606,LRKDYIKRQGSTPLA,9,0.504432,0.4426483774737193
12607,LRTKLMTSRRVLEKE,9,0.609236,0.7240576261893819
12608,LRYRYGLFKQRIAKE,9,0.476471,0.7396755985273854
12609,LSFAAALNGLAGPLH,9,0.8454780000000001,0.4474810672745838
12610,LSKDGCTSAKGPDYK,9,0.30088000000000004,0.04868378928879432
12611,LSPLTKGILGFVFTL,9,0.18752,0.6000941828738855
12612,LSSNDLAKYKANWIE,9,0.241617,0.414354269281502
12613,LSYRSLQPETFAVVD,9,0.44752,0.7696934200382008
12614,LTHMMIWHSNLNDAT,9,0.37588699999999997,0.8531914867255387
12615,LVKFVAGDGDVVAVD,9,0.126297,0.2240355165304202
12616,LVKYEGDTMAEVELR,9,0.24541100000000002,0.37759191635218814
12617,LVPFVQWFVGLSPTV,9,0.693707,0.6212020985381971
12618,LVSKLYEVVPGILTE,9,0.800459,0.562471899451051
12619,LWNGPMAVSMTGVMR,9,0.335308,0.8433844114242889
12620,LWTQSLRRELSGYCS,9,0.42395600000000006,0.6813637070167379
12621,MAFLRSVSRLAAAVF,9,0.506417,0.7190759222247151
12622,MASSSSVLLVVALFA,9,0.21579299999999998,0.6312645016515017
12623,MASSSSVLLVVVLFA,9,0.23170300000000002,0.6048324864680643
12624,MDCIIFESASKARLP,9,0.162955,0.7800040716819574
12625,MGAVLIWVGINTRNM,9,0.125403,0.8274436863950333
12626,MGEAVQNTVEDLKLN,9,0.309897,0.3336312170163352
12627,MGNSKSKSNPSSSSE,9,0.555678,0.23607183355635233
12628,MGQLISFFGEIPSII,9,0.638954,0.7005564518497429
12629,MGRDIKVQFQSGGAN,9,0.316849,0.5425945252807566
12630,MILVGVIMMFLSLGV,9,0.095059,0.4443669217567288
12631,MLLRKYGIAAENVID,9,0.537532,0.7163633432595519
12632,MNMSRQGIFQTVGSG,9,0.44165,0.6497816814599218
12633,MPFVTTQPEALAAAA,9,0.415994,0.7240244508844287
12634,MSFVTTQPEALAAAA,9,0.6809430000000001,0.7717593328666741
12635,MSLLTEVETYVLSII,9,0.21341,0.6033536934589107
12636,MSLLTEVETYVLSIV,9,0.22325,0.6033536934589107
12637,MSQIMYNYPAMMAHA,9,0.177091,0.7964023601126081
12638,MSQIMYNYPAMRAHA,9,0.5144380000000001,0.7946074982707027
12639,MVVERLGDYLVEQGM,9,0.381616,0.2867456136795246
12640,MYFHRRDLRLASNAI,9,0.734396,0.8815782079378954
12641,NCEALSLVSHIVKWK,9,0.36686599999999997,0.7911434979992784
12642,NCVLKKSTNGLRIKS,9,0.206617,0.5823922972735175
12643,NDAIKASTGGAYESY,9,0.12131700000000001,0.3089188810724562
12644,NDFLKTGHYTQMVWA,9,0.383658,0.5339651468876591
12645,NDKPFQNVNRITYGA,9,0.0,0.5141707609902981
12646,NFTVGRIIELFTAKG,9,0.799479,0.7484807569206249
12647,NHFFNHHKVMLLGHD,9,0.41299300000000005,0.8158583596096012
12648,NHFFNHHKVMLLGHS,9,0.532814,0.8158583596096012
12649,NHVIQSVRRLYPKIF,9,0.337333,0.6887575287759804
12650,NIWADDLAASLSTLE,9,0.5810770000000001,0.6331964886666305
12651,NKGILVTVNPIASTN,9,0.330658,0.7061695101814945
12652,NKNFFWAVKPKAVRQ,9,0.512422,0.8666021424269104
12653,NKYLEEHPSAGKDPK,9,0.051887,0.21318693185289184
12654,NLLWKQIANELNYIL,9,0.0,0.7475523049202656
12655,NLMGKTLILLETFVR,9,0.582627,0.8473691664149897
12656,NLNIKLNMPLYIAGN,9,0.24603899999999998,0.7236157918774966
12657,NMVVERLGDYLVEQG,9,0.421699,0.35205682485598166
12658,NNRIWLQFAKLTGFT,9,0.269879,0.7554473141956026
12659,NNVVQALTSLGLLYT,9,0.56555,0.7213967806840015
12660,NPLIRHENRMVLAST,9,0.318819,0.8246904545147788
12661,NPRQAYANYRDIDLG,9,0.429806,0.680445986983936
12662,NPTDTGHGTVVMQVK,9,0.0,0.17306093934429717
12663,NRIMADGGSIQNTNL,9,0.0,0.2693812425647822
12664,NSFYYMKGGVNTFLI,9,0.5985689999999999,0.7911798440697742
12665,NSLVYGASDSNVYDL,9,0.356614,0.5197243799188499
12666,NSVIQALTSLGLLYT,9,0.705487,0.745381135293065
12667,NSVVQALTSLGLLYT,9,0.696874,0.6749654262012569
12668,NVSHIQSAVVCGRRH,9,0.165975,0.641287016305808
12669,NYLALLVKFVAGDGD,9,0.304345,0.5470550231720976
12670,PAAAYATATPAAATA,9,0.41390699999999997,0.11398544049488528
12671,PAGVCPTIGVGGNFA,9,0.032476,0.04958785206370783
12672,PALFFTFLANLNLTE,9,0.177041,0.7411874697804482
12673,PALLALLALPALLLL,9,0.262214,0.30733524464242745
12674,PASWKNNRIWLQFAK,9,0.41674700000000003,0.7287340484718487
12675,PCKGDSVTIKLDGNL,9,0.17968,0.26506374759064594
12676,PCRAGFETNVSHNVQ,9,0.244434,0.6041303015401364
12677,PDLPYDYGALEPAIS,9,0.368643,0.30365223645408757
12678,PEGLLWLLLTGKVPT,9,0.397461,0.8275729184952023
12679,PEQIQLLKKAFDAFD,9,0.599614,0.5175968458883329
12680,PEVKYAVFEAALTKA,9,0.720266,0.8012072339408148
12681,PGTFQTTTGEIGAIA,9,0.235141,0.23005540235281588
12682,PIEHIASMRRNYFTA,9,0.177372,0.8307057915812306
12683,PIIIDQKYCPNKICT,9,0.135074,0.3353555080031469
12684,PIYIVTPTNASHIQS,9,0.593069,0.8533961871151017
12685,PKDSDEFIPMKSSWG,9,0.5836359999999999,0.3360575944805434
12686,PKGGAESSSKAALTS,9,0.336556,0.28090008998415467
12687,PLYKLVHVFINTQYA,9,0.736683,0.8656187485363374
12688,PPDAASAAPLRTITA,9,0.32076,0.4314683866617479
12689,PPPPQLGASPYKLGP,9,0.19861099999999998,0.38085157078679976
12690,PQVKYAVFEAALTKA,9,0.700987,0.808223156948903
12691,PSMGRDIKVQFQSGG,9,0.265419,0.4149614581682232
12692,PSPSMGRDIKVQFQS,9,0.27358699999999997,0.3976329197231594
12693,PTHRHLKGEACPLPH,9,0.0,0.16854713776510258
12694,PTLAFPAGVCPTIGV,9,0.20754099999999998,0.43242047692529184
12695,PVGEIYKRWIILGLN,9,0.20948899999999998,0.6871202609107147
12696,PVGEIYKRWIIMGLN,9,0.30995500000000004,0.7575267515886774
12697,PYGATISATPEWATP,9,0.41791300000000003,0.4673951000338564
12698,QAGGKLCPNNLCCSQ,9,0.063284,0.3801396380813955
12699,QDHQEEICEVVLAKS,9,0.303343,0.28987866737320117
12700,QDVLLFTPASTEPQS,9,0.9862299999999999,0.7614571060805426
12701,QEVFKAIQSLKTTEV,9,0.7346090000000001,0.7182348320110921
12702,QFKRASPILRFLYAN,9,0.43680399999999997,0.8583375109509139
12703,QFRRVKCKYPEGTKV,9,0.10536300000000001,0.27196901497871867
12704,QGEPGAVIRGKKGAG,9,0.082828,0.11744751828383064
12705,QGEPGRVIRGKKGAG,9,0.023242,0.07850345153407941
12706,QHLCGSHLVEALYLV,9,0.150381,0.6283067044458244
12707,QHNHRPGYHTQTAGP,9,0.134572,0.379897276872124
12708,QIHQYIMALREEYFD,9,0.5319659999999999,0.8399146964538224
12709,QIRMAKLLGRDPEQS,9,0.19761199999999998,0.5553257712282952
12710,QKLIEDINASFRAAM,9,0.366758,0.7814954206426463
12711,QKRTLSLLQYARYPI,9,0.423864,0.8217614188663107
12712,QKYCPNKICTSKGDS,9,0.111823,0.34475461089453063
12713,QLSALWARFPLPVIP,9,0.353646,0.8920661659887466
12714,QLYSKFLLKAEPLAF,9,0.620487,0.7015977067312528
12715,QPCNGVTMNDVKIEY,9,0.283083,0.29567959741661154
12716,QPNLKALREKVLGLP,9,0.221973,0.6082502457407114
12717,QPYVLSVASLTSAGQ,9,0.454362,0.7303255700974215
12718,QVHFQPLPPAVVKLS,9,0.23830900000000002,0.6945721111458513
12719,QVPSASMGRDIKVQF,9,0.23010100000000003,0.5028568890514075
12720,RAMFVEDIAMGYVVS,9,0.9856469999999999,0.6669285343170146
12721,RCALHWFPGSHLLAC,9,0.414677,0.6396568830974196
12722,RCALHWFPGSHLLHV,9,0.5625140000000001,0.7779272697836588
12723,RDCLIAHGAANTITE,9,0.275985,0.5649080332457826
12724,REQFLGALDLAKKRV,9,0.317247,0.5355924132328996
12725,RFFVWGDEVPLLTKF,9,0.484433,0.7432199674481893
12726,RFTISRDNSKNTLYL,9,0.19808699999999999,0.42286241199990954
12727,RGLLRRARGGPHHRR,9,0.381911,0.3167500055379317
12728,RIDTPDKLTGPFTVR,9,0.183383,0.18128877678340624
12729,RIIAGTLEVHAVKPA,9,0.154687,0.6198306710630305
12730,RKELLVTFKNAHAKK,9,0.68167,0.8003553094027912
12731,RKHIEWNCDVCRHGD,9,0.046702999999999995,0.36032615404299234
12732,RLATAIAGAWENGVC,9,0.145963,0.37597386164940133
12733,RLEFDEFVTLAAKFI,9,0.312838,0.7846535704490857
12734,RLKGESRKTFVELMR,9,0.7077479999999999,0.47760763132716494
12735,RLMSMKSVQNNTVLK,9,0.766419,0.6871772983797365
12736,RMAMTDTTPFGQQRV,9,0.133672,0.2588778803703924
12737,RMFSSTLRAAVPWYA,9,0.38043699999999997,0.8926609916288677
12738,RMVLASTTAKAMEQM,9,0.22369499999999998,0.6837998931615841
12739,RNFQKVNPEGLIKEF,9,0.318071,0.3528720521130302
12740,RNTLLFLDLIILNFV,9,0.37349099999999996,0.5244133950006786
12741,RPGVSKKFLSLLTSS,9,0.191103,0.8706144809085978
12742,RPMFLYVRTNGTSKI,9,0.44624899999999995,0.8112217940026715
12743,RQGIFQTVGSGLDHI,9,0.8384809999999999,0.5094970129795802
12744,RQKIIYSGAVNLDDE,9,0.890807,0.834904114080714
12745,RREVHIYYLEKANKI,9,0.324706,0.5978291049515206
12746,RRRVMIQSSGGKLRL,9,0.35234299999999996,0.6221139149543868
12747,RSRPRRTTRRMDRRT,9,0.449592,0.1599110763056181
12748,RTATNIWIDHNSFSN,9,0.23641500000000001,0.6873290923208053
12749,RTITADTFRKLFRVY,9,0.299508,0.5148342450993838
12750,RVIRGKKGAGGITIK,9,0.100661,0.10953535873829098
12751,RVWEQIFSTWLLKPG,9,0.34464,0.6998125340235276
12752,RVYCDPCRAGFETNV,9,0.14238399999999998,0.28792212774139614
12753,SAAPLRTITADTFRK,9,0.326839,0.5678900835106252
12754,SADEVQRMMAEIDTD,9,0.7269720000000001,0.5509307949621234
12755,SAIRAAPEAARSLAS,9,0.22655100000000003,0.48819910272717437
12756,SCLDGKLCLMKAQPT,9,0.7531399999999999,0.5683561858511026
12757,SDDQISIMKLPLSTK,9,0.382544,0.7281803878949553
12758,SFGIVVAWQVKLLPV,9,0.404171,0.7969330697652223
12759,SGKLFMHVTLGSDVE,9,0.544438,0.8346916607564423
12760,SGRVTRDSRRLRRIC,9,0.839909,0.15668586010331736
12761,SGTVDFDEFMEMMTG,9,0.221333,0.35336157055157225
12762,SHIQSAVVCGRRHGV,9,0.209431,0.37134520780182356
12763,SIAQHLVSDRPIMRY,9,0.385488,0.5511392799394316
12764,SLIYRRRLMKQDFSV,9,0.149198,0.7444465809940986
12765,SLKLYRDSLGEAVMR,9,0.19607,0.5834863433926885
12766,SPILRFLYANVGEEA,9,0.786309,0.817764821370251
12767,SRAEVSYVHVNGAKF,9,0.401895,0.6328502516599431
12768,SRCYSIYLSINGVLE,9,0.8053819999999999,0.8600145279477974
12769,SRFFVMGEETPLLTK,9,0.5106930000000001,0.7346669656744558
12770,SRSFLKHSLLRTQRL,9,0.307672,0.8099798309101122
12771,SSAGGFFTSVGKGIH,9,0.03937,0.39047715689340723
12772,SSILTDSQTATKRIR,9,0.167851,0.6260883547219067
12773,SSKAATAKAPGLVPK,9,0.23413299999999998,0.26286823841868306
12774,SSTVKLRQNEFGPAR,9,0.13355699999999998,0.4319075525908725
12775,SSYAATEVANAAAAS,9,0.193651,0.6462008997943536
12776,SSYAATEVANAAAGQ,9,0.43791499999999994,0.6149438436097082
12777,STVVASVTIIDRSLP,9,0.588464,0.5305620587855453
12778,STWLLKPGAGIMIFD,9,0.20161800000000002,0.5271115298340802
12779,SVLLVVALFAVFLGS,9,0.156798,0.2551707793264019
12780,SVRIRVRSGGHDYEG,9,0.309017,0.26254862758435854
12781,SVTIKLDGNLLSSND,9,0.463775,0.7081733368245293
12782,SVYLSDNGVMSEQGS,9,0.750971,0.6512475697359702
12783,SWKLEKASLIEVKTC,9,0.224396,0.3708868132653924
12784,SYIAEMETESWIVDR,9,0.287173,0.4823095113815482
12785,SYVHVNGAKFIDTQN,9,0.367452,0.45320902215710895
12786,TAAINKGILVTVNPI,9,0.083422,0.5800641633333223
12787,TAAVELARALVRAVA,9,0.358577,0.45018648447871196
12788,TAKAPGLVPKLDAAY,9,0.16004300000000002,0.34996552255604274
12789,TANVPPADKYKTLEA,9,0.25235100000000005,0.1987545929518708
12790,TASDFWGGAGSAACQ,9,0.17022,0.12996511747697131
12791,TATSASAGWDTVLQS,9,0.312779,0.30805841827792313
12792,TCVLGKLSQELHKLQ,9,0.158477,0.42372439060903316
12793,TDALRTLGSTSADEV,9,0.443553,0.5889795122328386
12794,TDFAGKTVWFVPSIK,9,0.372992,0.49608059004069016
12795,TDKMFFVKNPTDTGH,9,0.397375,0.6179020493729226
12796,TDTTPFGQQRVFKEK,9,0.520022,0.4524613173493457
12797,TFYGSNPRGAAPDDH,9,0.0,0.21513600007811204
12798,TGSRWCCWPVVPVAL,9,0.337948,0.5497414121516373
12799,THMMIWHSNLNDATY,9,0.208947,0.8947473999272599
12800,THMMIWHSNLNDTTY,9,0.24286,0.8856000496509954
12801,TIAAMMTSPLSVASM,9,0.43284399999999995,0.8075097837931441
12802,TISNNLFFNHHKVML,9,0.313564,0.8001598240939218
12803,TKKFDEVVKANGGYL,9,0.371692,0.34456677019246795
12804,TKVIMGAVLIWVGIN,9,0.0,0.5524770709926741
12805,TKVTFHVVGVGPLLH,9,0.631229,0.5807859866495438
12806,TLELLYADTVAFCFR,9,0.607259,0.72053107113791
12807,TLGSTSADEVQRMMA,9,0.163487,0.3677607744628576
12808,TNFKYNYSVIEGGPI,9,0.538453,0.7311908307326656
12809,TPLTLVDICFWSTLF,9,0.059449,0.6377241678859961
12810,TPTNASHIQSAVVCG,9,0.175257,0.73016450567398
12811,TQTMKGVERLAVMGD,9,0.069133,0.4552211519760673
12812,TRKYLPAIVREAIKR,9,0.553563,0.7372985564239153
12813,TRSAYERMCNILKGK,9,0.27424499999999996,0.6738082190080474
12814,TSALIWMASPPEVHS,9,0.5409229999999999,0.7873055770226203
12815,TSSDDQITLIKTPSL,9,0.820752,0.4151868060863758
12816,TVAAAPQVKYAVFEA,9,0.21189899999999998,0.44063559870815106
12817,TVLAFPAGVCPTIGV,9,0.21750799999999998,0.3592211819991493
12818,TWQGGSGMASHIIYE,9,0.181437,0.5295244249941183
12819,TYSQLMTLKDAKMLQ,9,0.276115,0.798439598363665
12820,VAPIEHIASMRRNYF,9,0.17341099999999998,0.8265938428456558
12821,VATLSEALRIIAGTL,9,0.327166,0.8205549368809975
12822,VDGRGNYNTDLLPDW,9,0.506246,0.3548274553707038
12823,VDIKPKDSDEFIPMK,9,0.356015,0.24013756669831074
12824,VDLAKSLRIAAKIYS,9,0.21117600000000003,0.8160306469963438
12825,VEALYLVCGERGFFY,9,0.357583,0.45794168240243543
12826,VEDEARRMWASAQNI,9,0.39429899999999996,0.6892072125577025
12827,VEKSQLLNEFNNLYA,9,0.587217,0.6036481754911831
12828,VFGNCEGVKIIGISI,9,0.348458,0.16883145701580038
12829,VFGSAFQGLFGGLNW,9,0.282386,0.22666482631061222
12830,VFHTLWHTTKGAALM,9,0.0,0.7031144736254709
12831,VGNVAWMHVLAAKYI,9,0.299063,0.850669328354631
12832,VGQQAVEVWQGLALL,9,0.36896799999999996,0.28648796887633676
12833,VHAQTVEDEARRMWA,9,0.141103,0.18725364426462832
12834,VIPANWKPDTVYTSK,9,0.420191,0.2603647769634084
12835,VKGDPVGILYAVFKA,9,0.374112,0.3213423273493014
12836,VKIEYSGTNNKTMAV,9,0.360577,0.6514897448655675
12837,VKPLYIITPTNVSHI,9,0.7020569999999999,0.8462057581244304
12838,VKQNTLKLATGMRNV,9,0.41299600000000003,0.5440739672809652
12839,VLDILTANKLIRQKL,9,0.48952700000000005,0.7080273208042211
12840,VLRTKLMTSRRVLER,9,0.688786,0.6660745852593191
12841,VNFYAWKRMEVGQQA,9,0.749713,0.5135709183922766
12842,VNYWFAPGAAAAPLS,9,0.340451,0.5476453455692235
12843,VPKKKKDKDIPQSSE,9,0.424232,0.30479440480099884
12844,VPPADKYKTFEAAFT,9,0.613665,0.6935198387367776
12845,VQNTVEDLKLNTLGR,9,0.22662399999999996,0.3987955663574475
12846,VRILRRVHHRKYLTD,9,0.387015,0.5254826303518036
12847,VRSGGHDYEGLSYRS,9,0.333577,0.12211256996265549
12848,VSEALRIIAGTLEVH,9,0.626257,0.7751830973096787
12849,VSIISILKGVINIWG,9,0.646934,0.5902689894280032
12850,VSVDCSEYPKPDCTA,9,0.06841900000000001,0.1266919765969956
12851,VTMNDVKIEYSGTNN,9,0.319218,0.46365195439218304
12852,VTVDAAVLAAIDADA,9,0.513096,0.3463140876317216
12853,VVLGLATSPTAEGGK,9,0.421501,0.46997600327649397
12854,VVSRLLIPVPFDPPA,9,0.42815,0.8144137771052822
12855,VWRIDTPDKLTGPFT,9,0.151578,0.341937473863566
12856,WAVKPKAVRQIEDQL,9,0.553643,0.3766345723737203
12857,WEQIFSTWLLKPGAG,9,0.168199,0.7400371026824174
12858,WGAIWRIDTPDKLTG,9,0.48316800000000004,0.46144259788709185
12859,WGAIWRIDTPEVLKG,9,0.5910920000000001,0.5824606069233192
12860,WIELKESWGAVWRID,9,0.167193,0.44588144396487134
12861,WKPDTVYTSKLQFGA,9,0.167036,0.5227791687336931
12862,WKRMEVGQQAVEVWQ,9,0.580094,0.23918603616425888
12863,WPKSHTLWSNGVLES,9,0.22423400000000002,0.7581127408445738
12864,WQKGEEVQVIAVEPG,9,0.383884,0.2321199350497453
12865,YANYRDIDLGRNEVV,9,0.5245380000000001,0.48830439855437974
12866,YDKFLAFVSTVLTGK,9,0.165138,0.7913188395914834
12867,YDKFLALVSTVLTGK,9,0.6703720000000001,0.7265286466768699
12868,YDKFLANESTVLTGK,9,0.47776,0.8904814528092116
12869,YDKFLANKSTVLTGK,9,0.295944,0.87124294672618
12870,YDKFLANQSTVLTGK,9,0.611804,0.9322977512204061
12871,YDKFLANVCTVLTGK,9,0.611927,0.9460756990973229
12872,YDKFLANVHTVLTGK,9,0.535924,0.9397120575948392
12873,YDKFLANVNTVLTGK,9,0.6754220000000001,0.9190317056563709
12874,YDKFLANVTTVLTGK,9,0.590824,0.9295520167774997
12875,YDKFLANYSTVLTGK,9,0.7346239999999999,0.9190393977679693
12876,YDKFLATVSTVLTGK,9,0.638895,0.8374172025112766
12877,YEYKVQQAMSNLVLG,9,0.6353800000000001,0.8680501034886057
12878,YGFVANFSMELPSFG,9,0.406192,0.7971318007070634
12879,YGIAAENVIDVKLVD,9,0.420785,0.5252113231775758
12880,YKDVDKPPFSGMTGC,9,0.124018,0.10746179880014352
12881,YKKLRTSSFALNLPT,9,0.39412600000000003,0.8485564627578753
12882,YLAILVKYVDGDGDV,9,0.539926,0.5493496008372938
12883,YLEEHPSAGKDPKKT,9,0.0,0.10800927095714265
12884,YLVCGERGFFYTPKT,9,0.39064899999999997,0.3075032544760034
12885,YNFATCGLIGLVTFL,9,0.378337,0.6377108471934241
12886,YPFIEQEGPEFFDQE,9,0.21686999999999998,0.2952130193819983
12887,YRKILRQRKIDRLID,9,0.026758999999999998,0.6910370948659625
12888,YTTEGGTKGEAKDVI,9,0.0,0.03313300741133615
12889,YVVSSFDNIKVFLEG,9,0.96562,0.6196152513509722
12890,YWTIVKPGDILLINS,9,0.420216,0.7556707498433208
12891,CSAVPVHWVPTSRTTW,9,0.678396,0.40966437829374713
12892,CYGGHTNEDDSNFAHW,9,0.0,0.2394826962773175
12893,DKLKQQRDTLSTQKET,9,0.297658,0.15511696532452612
12894,EEDKENALSLLDKIYT,9,0.334721,0.5461471687664239
12895,EPQGSTYAASSATSVD,9,0.36630300000000005,0.6881901327547354
12896,FRNVLSIAPIMFSNKM,9,0.44419200000000003,0.8423306419302613
12897,GKWYLKAMTADQEVPE,9,0.733747,0.6093415226371709
12898,GVINIMYMHDSDDVLF,9,0.602467,0.7169857740589187
12899,KFDSQLAHRHMARELH,9,0.0,0.3222221771080711
12900,KGLMNIALAISAQQVN,9,0.425034,0.8196080560353017
12901,LAAIIFLFGPPTALRS,9,0.186219,0.7946436643914966
12902,LNKIVRMYSPVSILDI,9,0.639513,0.8578187008614153
12903,LWWSTMYLTHHYFVDL,9,0.0,0.6770514738447524
12904,MVSRLLLNRFTMTHRR,9,0.39465,0.8674964143916473
12905,QPEWFRNVLSIAPIMF,9,0.45246099999999995,0.894292606758834
12906,SAEVEEHRTIRVLEMV,9,0.0,0.47319373631761785
12907,SPEVIPMFSALSEGAT,9,0.640803,0.7802964547829291
12908,SSIIFGAFPSLHSGCC,9,0.548018,0.7889641426261694
12909,WHTTKGAALMSGEGRL,9,0.0,0.3912554409725726
12910,WNRQLYPEWTEAQRLD,9,0.237808,0.6714580276838682
12911,AIQQVRSLIGNEEFLDY,9,0.690198,0.5432720966159208
12912,CVDAKMTEEDKENALSL,9,0.30396100000000004,0.20939838464132043
12913,EHREVLWKFDSQLAHRH,9,0.400079,0.6325778304024093
12914,FERQYKELQTQAEDDRR,9,0.74364,0.3800169783655579
12915,IGNTVTPTVTFTMDGDK,9,0.210046,0.5670618899157681
12916,KIPGGAMYADDTAGWDT,9,0.25484,0.2298380603746603
12917,LTYQNKVVKVQRPTPKG,9,0.3939,0.6311309272911291
12918,MVTQMAMTDTTPFGQQR,9,0.45564099999999996,0.7067423310462193
12919,NEDDSNFAHWTEARIML,9,0.0,0.6746473762385764
12920,PETPNMDVIGERIKRIK,9,0.24062600000000003,0.17949326280538494
12921,PTPKGTVMDIISRKDQR,9,0.381386,0.25117462461799756
12922,PWDVVPMVTQMAMTDTT,9,0.81305,0.6646169266380945
12923,RLNDTWKLERAVLGEVK,9,0.046171,0.5019752416571446
12924,TESTFKNISCTFKFGEE,9,0.24940500000000002,0.6335907536203256
12925,VVKVQRPTPKGTVMDII,9,0.0,0.22273732813720448
12926,WLGARYLEFEALGFLNE,9,0.630577,0.59086936515562
12927,YAHAAHAAHAAHAAHAA,9,0.262327,0.1366541649325518
12928,YLGKREDQWCGSLIGLT,9,0.325737,0.39749751332799144
12929,DTPYLDITYHFVMQRLPL,9,0.468297,0.27928218090299817
12930,EGRVEIDFDYCPGTTVTL,9,0.0,0.2452863451232265
12931,FESTGNLIAPEYGFKISY,9,0.49942600000000004,0.3627331005086309
12932,FVNQHLCGSHLVEALYLV,9,0.0,0.40575325204016105
12933,GAGVMVEGVFHTLWHTTK,9,0.0,0.2387755272114938
12934,GKLITDWCCRSCTLPPLR,9,0.0,0.26419374538624035
12935,GWLSCLSITWTLIKNMEK,9,0.072257,0.3502372189269417
12936,IDPFQLGLLVVFLATQEV,9,0.030781,0.5197941866118237
12937,LRAEQASQEVKNWMTETL,9,0.182228,0.1726821810224309
12938,MATFKIQPVFMVASFLKA,9,0.30640300000000004,0.5559657173032827
12939,MSSFLGKWKLSESHNFDA,9,0.178079,0.6518357028468275
12940,NVTENFNMWKNNMVEQMH,9,0.582393,0.35708518295800185
12941,PAEILRKSRRFAQALPVW,9,0.321436,0.5617079181600727
12942,PVGDIYKRWIILGLNKIV,9,0.479158,0.22228213638424715
12943,PVGEIYKRWIILGLNKIV,9,0.7633479999999999,0.22228213638424715
12944,REDQRGSGQVVTYALNTF,9,0.0,0.33721806411424665
12945,SCIAIGIITLYLGAVVQA,9,0.138184,0.5492454184654894
12946,SELYLYKVVKIEPLGVAP,9,0.453561,0.4452969305692169
12947,WIILGLNKIVRMYSPISI,9,0.8978700000000001,0.420756396964671
12948,WIILGLNKIVRMYSPTSI,9,0.8908440000000001,0.2939094102098687
12949,WIILGLNKIVRMYSPVSI,9,1.0,0.47352891827723603
12950,WVKVVEEKGFNPEVIPMF,9,0.0,0.2527176914310654
12951,YAQMWLLLYFHRRDLRLM,9,0.12413199999999999,0.5368262189284557
12952,YFHRRDLRLMANAICSAV,9,0.215977,0.5638815404590506
12953,YVDRFFKTLRAEQASQDV,9,1.0,0.8372263699274453
12954,YVDRFYKTLRAEQASQEV,9,0.636081,0.7324802200052745
12955,GEIYKRWIILGLNKIVRMY,9,0.47716499999999995,0.4011594104659811
12956,GLFNPMILAAGLIACDPNR,9,0.165719,0.5965662535128061
12957,KLPKPPKPVSKMRMATPLL,9,0.40815999999999997,0.7118874535664541
12958,LGVLLLIGCWYCRRRNGYR,9,0.398318,0.3766347541984186
12959,WEALKYLWNLLQYWGQELK,9,0.291808,0.6463584735617419
12960,AALLVVAVGLRVVCAKYALA,9,0.263173,0.6538264945830877
12961,CFWYIPPSLRTLEDNEERMS,9,0.41351499999999997,0.5590641627127815
12962,EAKYDAYVATLSEALRIIAG,9,0.592762,0.9339977018685296
12963,GFGMLLRKYGIAAENVIDVK,9,0.545227,0.879529691134988
12964,HAPAAPANPGLIIGALAGST,9,0.11878699999999999,0.27247661208641843
12965,HIDLLVGSATLCSALYVGDL,9,0.700734,0.7154840421899931
12966,IEPIVATNWQKLEAFWHKHM,9,0.434229,0.7862942586114684
12967,KDKWIELKESWGAIWRIDTP,9,0.624074,0.4639832115210289
12968,KIIGGIGGFVKVRQYDQIPI,9,0.202783,0.11496050799356446
12969,KMIGGIGGFVKVRQYDQIPI,9,0.19184,0.07629574766619127
12970,KRWIILGLNKIVRMYSPTSI,9,0.571559,0.79559692637926
12971,KVNFFRMVISNPAATHQDID,9,0.60734,0.9156193228635259
12972,LIIGALAGSTLAALVIGGIA,9,0.167402,0.7254148956612386
12973,LLENLQAYQKRMGVQMQRFK,9,0.223169,0.6769321206909242
12974,LTTSQTLLFNILGGWVAAQL,9,0.42526800000000003,0.6237293693937306
12975,LVEALYLVCGERGFFYTPKT,9,0.111275,0.44808271848920395
12976,LYKYKVVKIEPLGVAPTKAK,9,0.568753,0.6475760861649695
12977,MYVGGVEHRLEAACNWTRGE,9,0.354856,0.3895863272528721
12978,PAEILRKSRRFAQALPVWAR,9,0.658552,0.6010813942352938
12979,PELVPEDPEDSALLEDPAGT,9,0.209021,0.3068595214132321
12980,VATLSEALRIIAGTLEVHAV,9,0.612291,0.7559430869911261
12981,VHFQPLPPAVVKLSDALIAT,9,0.25035799999999997,0.6790246011621394
12982,VSYQPLGDKVNFFRMVISNP,9,0.40724699999999997,0.7318994248529984
12983,WGAIWRIDTPDKLTGPFTVR,9,0.70585,0.3730270833535412
12984,YIITPTNVSHIQSAVVSGRR,9,0.643063,0.7349974107057115
12985,LPKPPKPVSKMRMATPLLMQALPM,9,0.510312,0.7795493183213272
12986,GIVEQCCTSI,10,0.0,0.054144424209723395
12987,TSICSLYQLENYCN,10,0.231154,0.5438824878152279
12988,FVNQHLCGSHLVEALYLV,10,0.0,0.40575325204016105
12989,KIAPKSENVVVTVKLIGD,10,0.0,0.20332720856451328
12990,LVEALYLVCGERGFFYTPKT,10,0.114408,0.44808271848920395
12991,EIYKRWIILG,12,0.0,0.06999705036633946
12992,AAAAAVAAEAY,12,0.0,0.3287574476564636
12993,ILGLNKIVRMY,12,0.203398,0.11857335022536926
12994,KIQNVIIDECY,12,0.065163,0.08347057730163565
12995,MSSGSFINISV,12,0.0,0.2721017041877545
12996,AALLVVAVGLRV,12,0.858649,0.5009384316604572
12997,ALLVVAVGLRVV,12,0.822786,0.6181504388617891
12998,AVGLRVVCAKYA,12,0.637791,0.40720375015173577
12999,DPEDSALLEDPA,12,0.011319,0.03210819147016443
13000,EDPEDSALLEDP,12,0.0,0.018506550112392637
13001,EDSALLEDPAGT,12,0.0,0.08890024043644887
13002,ELVPEDPEDSAL,12,0.0,0.03799303692642122
13003,FSQPEQEFPQPQ,12,0.0,0.01613383062804748
13004,FYKTLRAEQASQ,12,0.23474099999999998,0.617751864327268
13005,GLRVVCAKYALA,12,0.611214,0.4240657343324427
13006,GVTYEIDLTNKN,12,0.0,0.2648455523748433
13007,KCIEWEKAQHGA,12,0.8344,0.6256855013404579
13008,LLVVAVGLRVVC,12,0.6068899999999999,0.5384496290406614
13009,LVPEDPEDSALL,12,0.0,0.03401487827222194
13010,LVVAVGLRVVCA,12,0.37180799999999997,0.3868473948117315
13011,NANPNANPNANP,12,0.0,0.01243066152212371
13012,NKIVRMYSPISI,12,0.4828,0.270701810299561
13013,NKIVRMYSPTSI,12,0.428961,0.2329205438473129
13014,NPGLIIGALAGS,12,0.292785,0.11319655586492619
13015,PEDPEDSALLED,12,0.0,0.02024276956062735
13016,PEDSALLEDPAG,12,0.0,0.06783549520890286
13017,PELVPEDPEDSA,12,0.0,0.02033089945241943
13018,PGLIIGALAGST,12,0.351902,0.23756018000869558
13019,RFYKTLRAEQAS,12,0.371267,0.4955144441955969
13020,VAVGLRVVCAKY,12,0.355123,0.4622686117704346
13021,VGLRVVCAKYAL,12,0.714381,0.37719328102106614
13022,VPEDPEDSALLE,12,0.011431,0.027768069788606426
13023,VVAVGLRVVCAK,12,0.373967,0.4519039409778744
13024,WIILGLNKIVRM,12,0.120101,0.4047141618109141
13025,AVFEAALTKAITA,12,0.68565,0.7827602386179087
13026,DKFKIFEAAFSES,12,0.425625,0.6840812443930886
13027,DMTPADALDDFDL,12,0.0,0.1016476606128409
13028,DPIELNATLSAVA,12,0.702501,0.5436591043872038
13029,EEYVEIRQVGDFH,12,0.0,0.2507525467269425
13030,FYKTLRAEQASQE,12,0.302874,0.6378638674123396
13031,KPLLIIAEDVEGE,12,0.137691,0.2300719931747467
13032,PRFLEQVKHECHF,12,0.504798,0.33886963470975756
13033,RFYKTLRAEQASQ,12,0.343376,0.6188647170429641
13034,SPEVIPMFSALSE,12,0.22740100000000002,0.693264361028699
13035,VKYAVFEAALTKA,12,0.324088,0.8188763887602463
13036,EAMSQANSAILMQR,12,0.379936,0.5131028763363655
13037,EYRSTVNPWASQLG,12,0.354056,0.3611153544485357
13038,KPLLIIAEDVEGEY,12,0.30851999999999996,0.2674889922410857
13039,MLFRILSLNLIKIK,12,0.820889,0.5757867971471538
13040,NTSYRLISCNTSVI,12,0.42732299999999995,0.49591839217201417
13041,PRYVKQSTLKLATG,12,0.0,0.4669993332536065
13042,RETQISKTNTQTYR,12,0.518364,0.3820202866931738
13043,TDRESLRNLRGYYN,12,0.072239,0.40149642813201863
13044,VLAGWLFHVRGARR,12,0.565657,0.6827901881496595
13045,YARFQRQTTLKAAA,12,0.17770999999999998,0.5070582031890283
13046,AEMETESWIVDRQWA,12,0.433332,0.44568119739960094
13047,AEMVIHHQHVQDCDE,12,0.6034609999999999,0.6436558536861832
13048,AGWLFHVRGARRSGD,12,0.718615,0.7762555266322767
13049,AMTDTTPFGQQRVFK,12,0.37745700000000004,0.34987273391198365
13050,ATPPGTSDEFPHSNG,12,0.153656,0.05889126028707197
13051,CEHLEDGIYGIFQST,12,0.370177,0.5425805377062334
13052,CGSYVTKTSGSAASM,12,0.714316,0.8494051886182356
13053,CTDKMFFVKNPTDTG,12,0.45221400000000006,0.6943832671892955
13054,DCRTAFKPVLVDEGR,12,0.5530149999999999,0.8690325046048274
13055,DGGGFYADDTAGWDT,12,0.230817,0.15026049903260702
13056,DLDDEQEILNYMSPH,12,0.0,0.3184566206233567
13057,DQRGSGQVVTYALNT,12,0.41351499999999997,0.7957547638705744
13058,EEPDDIDCWCYGVEN,12,0.0,0.15092482660407674
13059,EERVERIKSEYMTSW,12,0.598531,0.7395306935516538
13060,EHEILNDSGETVKCR,12,0.152455,0.3428390640115984
13061,EQEILNYMSPHHKKL,12,0.626328,0.8233759590504266
13062,ERIKSEYMTSWFYDN,12,0.367379,0.7298585257627137
13063,ERKLHQQGRCRTCVY,12,0.411749,0.46542420223053693
13064,FEALGFLNEDHWASR,12,0.200524,0.5181404831138375
13065,FHVRGARRSGDVLWD,12,0.41158999999999996,0.639209097185966
13066,FSSAGGFFTSVGKGI,12,0.8718739999999999,0.7358997317626578
13067,FTQTMKGVERLAVMG,12,0.732862,0.569416140945064
13068,FYADDTAGWDTRITE,12,0.0,0.2669383932304656
13069,GAAMVEIALGGVMGG,12,0.46862200000000004,0.4159920605516313
13070,GAGKTRRFLPQILAE,12,0.820152,0.6475270581495043
13071,GAMLVGQVTLLDLLK,12,0.650253,0.6918895394319217
13072,GDSYYYSEPTSENNA,12,0.30687800000000004,0.42234760117827874
13073,GETVKCRAPGGAKKP,12,0.274503,0.12572174928374757
13074,GGVFHTMWHVTRGAF,12,0.778379,0.8386178789725008
13075,GKCDSAGRSRRSRRA,12,0.0,0.14107491593780278
13076,GKEFIRCLALPFRGY,12,0.631325,0.7347236439080115
13077,GKGEWMTTEDMLEVW,12,0.35133600000000004,0.30847027323358944
13078,GKNLVFSPGRKNGSF,12,0.661401,0.7536783894919878
13079,GKTFSVGTGNCTTNI,12,0.330928,0.6390670925134038
13080,GLALSHLNAMSKVRK,12,0.537519,0.9266104385601772
13081,GLCAFLATRIFGRRS,12,0.7703369999999999,0.930434574324245
13082,GLFGGLNWITKVIMG,12,0.58619,0.8373890108292394
13083,GLRTLWSPRERLVLT,12,0.544607,0.819061463988688
13084,GPLDKEAIEERVERI,12,0.0,0.13107297942320306
13085,GPLIEGNTSLLWNGP,12,0.545279,0.44155083750090635
13086,GPLRISASSAAQRRG,12,0.676841,0.812536216375792
13087,GRTTWSIHGKGEWMT,12,0.516031,0.5006856628958151
13088,GRWDGEEEVQLIAAV,12,0.28224099999999996,0.24752433353667608
13089,GSRAIWYMWLGARYL,12,0.820152,0.7698170780817769
13090,GTSDEFPHSNGEIED,12,0.18250999999999998,0.1291146193561459
13091,HGVAKNPVVDGNPTV,12,0.241596,0.204569186192357
13092,HTMWHVTRGAFLVRN,12,0.8984629999999999,0.8102869756306051
13093,HVTRGAFLVRNGKKL,12,0.796925,0.7855057486572607
13094,IEEAPEMPALYEKKL,12,0.274108,0.3199044133205114
13095,IGKLFTQTMKGVERL,12,0.6231399999999999,0.5347447633368493
13096,IHHQHVQDCDESVLT,12,0.253484,0.21499398477703635
13097,IHLVIHRIRTLIGQE,12,0.807811,0.8780898612320528
13098,IHRIRTLIGQEKYTD,12,0.396125,0.5373653796322303
13099,INKGILVTVNPIAST,12,0.695388,0.8299212230865808
13100,ISGSSARYDVALSEQ,12,0.237161,0.5190530587991037
13101,ISRRDQRGSGQVVTY,12,0.257562,0.24840127203081294
13102,KEAIEERVERIKSEY,12,0.0,0.159989362163313
13103,KEFIRCLALPFRGYL,12,0.796925,0.8002893688986129
13104,KGIHTVFGSAFQGLF,12,0.579116,0.8821183481541507
13105,KKGMTTVLDFHPGAG,12,0.22376999999999997,0.6734240729120754
13106,KNPTDTGHGTVVMQV,12,0.371095,0.25499627946605063
13107,KTKNKTNWKQTWTFK,12,0.466297,0.16336419584684025
13108,KYSYYPEDPVKLASI,12,0.498608,0.7174315469852081
13109,LAEGIVLASAALGPL,12,0.787187,0.7502954269752563
13110,LDKRQFELYKRTDIV,12,0.592716,0.5742972629845532
13111,LGLTQPFLGLCAFLA,12,0.7703369999999999,0.7602491739669404
13112,LNDSGETVKCRAPGG,12,0.0,0.25040403583187854
13113,LNYMSPHHKKLAQAV,12,0.5664100000000001,0.7872618054371767
13114,LPQILAECARRRLRT,12,0.491555,0.48168908129558363
13115,LQEIPTMLKKGMTTV,12,0.409548,0.7589152133866606
13116,LQYGWKTWGKNLVFS,12,0.581082,0.7324005252714278
13117,LRLGKEFIRCLALPF,12,0.749713,0.6468522506191361
13118,LRTLVLAPTRVVLSE,12,0.8718739999999999,0.933487317309713
13119,LSEEKVPWDQVVMTS,12,0.37348200000000004,0.6394968271083248
13120,LSFMDKGIPFMKMNI,12,0.513605,0.6395456265130316
13121,LTAAINKGILVTVNP,12,0.5689890000000001,0.7906237550940924
13122,LVDEERKLHQQGRCR,12,0.216875,0.15546149897532538
13123,LWSPRERLVLTLGAA,12,0.515053,0.6006889371126182
13124,MFFVKNPTDTGHGTV,12,0.374433,0.6665291555130113
13125,MIPSWASVKEDLVAY,12,0.48931899999999995,0.7785708221853668
13126,MKGVERLAVMGDTAW,12,0.314276,0.4124262860515056
13127,MLGARYLEFEALGFL,12,0.6523770000000001,0.4784518923607103
13128,MSIHGKGEWMTTEDM,12,0.371609,0.474036148094312
13129,MVLAGWLFHVRGARR,12,0.588314,0.8208730215266242
13130,MYMWLGARYLEFEAL,12,0.6461439999999999,0.7380701457182688
13131,NKTKNKTNWKQTWTF,12,0.416314,0.16282858862644198
13132,NLWKMKTGRRGSANG,12,0.339617,0.5705064432193696
13133,NSYIAEMETESWIVD,12,0.5393979999999999,0.4815837061941436
13134,NVYQRGTHPFSRIRD,12,0.504491,0.5701069389205123
13135,PFSRIRDGLQYGWKT,12,0.366109,0.4423709368617083
13136,PSWASVKEDLVAYGG,12,0.451722,0.5599417800084269
13137,PTMLKKGMTTVLDFH,12,0.666267,0.8188414348004119
13138,PTSENNAHHVCWLEA,12,0.22562,0.5072537743267352
13139,QRMFTREELIHFPEF,12,0.382533,0.5492137295155161
13140,RERLVLTLGAAMVEI,12,0.762939,0.7867257037191041
13141,RGTHPFSRIRDGLQY,12,0.31511100000000003,0.5475966596311559
13142,RLGKEFIRCLALPFR,12,0.727865,0.7413002401622864
13143,RMLEPTRVVNWEVII,12,0.807811,0.6539984049499092
13144,RVAYGKCDSAGRSRR,12,0.1796,0.3212163389604061
13145,RYLEFEALGFLNEDH,12,0.47757799999999995,0.4617403899919509
13146,SAFQGLFGGLNWITK,12,0.514567,0.5648576314501965
13147,SARYDVALSEQGEFK,12,0.348164,0.4364250879720915
13148,SDQGCSSALGSGPYG,12,0.177647,0.17075777841262382
13149,SEYMTSWFYDNDNPY,12,0.425072,0.3238314453908707
13150,SGARSNVTFTVNQTS,12,0.48641899999999993,0.709503133301291
13151,SGSAASMVNGVIKIL,12,0.584113,0.7987803002914312
13152,SHLNAMSKVRKDISE,12,0.387414,0.7921321892888877
13153,SNVTFTVNQTSRLLM,12,0.85125,0.8876191988063367
13154,SVGTGNCTTNILEAK,12,0.240567,0.4988556257763926
13155,SVKEDLVAYGGSWKL,12,0.787187,0.6951116261538557
13156,TARRHLAEGKVDTGV,12,0.16404200000000002,0.3357924287327606
13157,TESWIVDRQWAQDLT,12,0.184462,0.4590026510769199
13158,TLTYRMLEPTRVVNW,12,0.85125,0.8980538742002633
13159,TPFSLAEGIVLASAA,12,0.634813,0.8985438929528986
13160,TRRFLPQILAECARR,12,0.528091,0.60379697641525
13161,TRVVLSEMKEAFHGL,12,0.431936,0.6028682216275116
13162,VADDLTAAINKGILV,12,0.58619,0.7004737606096529
13163,VAIKGPLRISASSAA,12,0.668799,0.8660685114749608
13164,VDFGNSYIAEMETES,12,0.274648,0.39828616766271335
13165,VDGNPTVDIEEAPEM,12,0.276987,0.10057202060159723
13166,VDRDTARRHLAEGKV,12,0.435363,0.2746643110243696
13167,VEIALGGVMGGLWKY,12,0.43892200000000003,0.5294910611678215
13168,VLAPTRVVLSEMKEA,12,0.629629,0.7394714021622568
13169,VLAPYMPDVLEKLEL,12,0.5071319999999999,0.4652324367231522
13170,VLEKLELLQRRFGGT,12,0.49462399999999995,0.5983913677019301
13171,VPTSWVPQGRTTWSI,12,0.556757,0.32286237785826477
13172,VTKTSGSAASMVNGV,12,0.457279,0.6874934231532049
13173,VTRMAMTDTTPFGQQ,12,0.55084,0.427453361538334
13174,WKTWGKNLVFSPGRK,12,0.559864,0.7854386122069281
13175,WSIHGKGEWMTTEDM,12,0.28571399999999997,0.4902634450022814
13176,WVPQGRTTWSIHGKG,12,0.431738,0.4886622441372968
13177,YMPDVLEKLELLQRR,12,0.241193,0.46012608807963973
13178,YYSEPTSENNAHHVC,12,0.15168900000000002,0.33415456521550785
13179,AAAAPAAVGAAVGGT,12,0.223429,0.10170458196792652
13180,AAAGLAAAAPLESRQ,12,0.41993199999999997,0.5292094070355391
13181,AAGAQLLWQLPLLSI,12,0.280312,0.5567049820625435
13182,AAGDFWGGAGSAACQ,12,0.0,0.1472208937784018
13183,AAGVAAWSLIALMIP,12,0.331399,0.8997117105660577
13184,AAIVNKLKAILVDLE,12,0.0,0.6778163945369228
13185,AALPLLFFALAGQRI,12,0.800147,0.7440635511934109
13186,AALTKAITAMSEVQK,12,0.751374,0.8458565469288831
13187,AAPEAARSLASSLPG,12,0.294693,0.5650139009991021
13188,AAPLSWSKDIYNYME,12,0.284031,0.5561581852723889
13189,AASDFWGGAGSAACQ,12,0.0,0.18474580302767937
13190,AASGADGTYDITKLG,12,0.105733,0.15246214133309602
13191,AAVELARALVRAVAE,12,0.56945,0.631929109007301
13192,ADDLTAAINKGILVT,12,0.6219060000000001,0.7967240695485931
13193,ADNSLDYAANFSHML,12,0.654958,0.697282571777329
13194,ADSVKGRFTISRDNS,12,0.413182,0.7472442190412714
13195,AELMILIATNLLGQN,12,0.57101,0.768652984613439
13196,AENVKPPKVDPATYG,12,0.0,0.19411414487354514
13197,AFEGVFGHLAATAVP,12,0.347078,0.7854735268301472
13198,AFKVAAEAANAAPAN,12,0.22831100000000001,0.8017978292033667
13199,AFKVAAKAANAAPAN,12,0.44726400000000005,0.8158668380850996
13200,AFKVAAQAANAAPAN,12,0.41680600000000007,0.8575056089477566
13201,AFKVAATAENAAPAN,12,0.403953,0.9521870080160912
13202,AFKVAATAKNAAPAN,12,0.394309,0.9700341966787589
13203,AFKVAATAQNAAPAN,12,0.5201,0.9463889925389127
13204,AFKVAATAWNAAPAN,12,0.572865,0.9708463943943578
13205,AFKVAATFANAAPAN,12,0.687906,0.9767221168852809
13206,AFKVAATLANAAPAN,12,0.75162,0.986099073420403
13207,AFKVAATRANAAPAN,12,0.6094069999999999,0.9624828585699401
13208,AFKVAATYANAAPAN,12,0.80669,0.9751059184028517
13209,AFMLAWNYGVPRVMS,12,0.7681020000000001,0.8530628775478336
13210,AFQGLFGGLNWITKV,12,0.202152,0.7165202796464858
13211,AGALEVHAVKPVTEE,12,0.27187,0.42361912780979616
13212,AGAWRTAAVELARAL,12,0.684956,0.7140139358076851
13213,AGILARNLVPMVATV,12,0.46376300000000004,0.8431549956070055
13214,AGLLGNVSTVLLGGV,12,0.6247199999999999,0.7684938286842387
13215,AGLLGVVSTVLLGGV,12,0.6247199999999999,0.6345320739504858
13216,AGLTHMMIWHSNLND,12,0.18852,0.8724623543132769
13217,AGRFEVHAQTVEDEA,12,0.44035799999999997,0.3201041387647984
13218,AGWDTVLQSITTILA,12,0.503696,0.7654717035105901
13219,AGYLVGRKPLAFFSW,12,0.536092,0.797101990676752
13220,AHARSYQTLSTQAAA,12,0.536725,0.7625477592625955
13221,AIAGAWENGVCGIRS,12,0.26718800000000004,0.26134313708469803
13222,AIGIITLYLGAVVQA,12,0.035383,0.8418553649535002
13223,AINIFNVEKYGAVGD,12,0.456162,0.8241542577479687
13224,AKPDGKTDCTKEVEE,12,0.044458,0.06873345344442698
13225,ALFSGVSWVMKIGIG,12,0.7640979999999999,0.8613423513528224
13226,ALKESWGAIWRIDTP,12,0.2932,0.5845247362715715
13227,ALLPRAGAAAAAALP,12,0.40899,0.29964272159650857
13228,ALQSHDDVALVSVMW,12,0.359825,0.5751477324084291
13229,ALRVIAGALEVHAVK,12,0.419206,0.8775844065294467
13230,ALSDADWHFIADPAS,12,0.0,0.5470167203451853
13231,ALSDPYLSFAAALNG,12,0.523097,0.7021251770883749
13232,ALSLTFIRSTIPLVM,12,0.948052,0.9564767424449294
13233,ALSLTFIRSTMPLVM,12,1.0,0.9624252784882448
13234,ALSLTFIRSTMSLVM,12,0.986626,0.9665109925423303
13235,ALSLTFIRSTTPLVM,12,0.930118,0.963307587190612
13236,ALTKAITAMSEVQKV,12,0.672725,0.8262747439404718
13237,AMFVEDIAMGYVVSS,12,0.6354489999999999,0.6448744901359734
13238,ANQFNKAISQIQESL,12,0.531127,0.7006318888526429
13239,APGAAAAPLSWSKDI,12,0.176926,0.5827211116659052
13240,APNGGFRRIPRGALH,12,0.547121,0.5452630230954413
13241,APSVVPNTTLGMHCG,12,0.202433,0.641014229968277
13242,APYMVGDVITSGDIT,12,0.644781,0.6235204500470626
13243,AQAVYDFRSIVDYLR,12,0.405611,0.6362177347215506
13244,AQIYQAVSAQAAAIH,12,0.638388,0.7867909731557758
13245,AQVRADRILALDADP,12,0.149425,0.26894137448483374
13246,ARGYISTRVGMGEAA,12,0.598256,0.7171613547235591
13247,ARNLVPMVATVQGQN,12,0.155394,0.7162922565525636
13248,ARWVYFLTRMRNPTG,12,0.184513,0.8803991204299307
13249,ASAAILGHDGTVWAQ,12,0.324477,0.26319545298531044
13250,ASIAARGYISTRVGM,12,0.533222,0.8364006101178513
13251,ASLIYRRRLMKQDFS,12,0.0,0.653357276475068
13252,ASNPNYLAILVKYVD,12,0.787787,0.7526428450527228
13253,ASPLTGIADASQSSM,12,0.0,0.6442973672156963
13254,ASVGKMIDGIGRFYI,12,0.18041300000000002,0.5274558188661673
13255,ATPPPPPPPQLGASP,12,0.031829,0.016077326873824172
13256,ATSPTAEGGKATTEE,12,0.0,0.04035218079203188
13257,ATTANVPPADKYKTF,12,0.189702,0.17114961159508524
13258,AVFEAALTKAITAMS,12,0.667039,0.8636038278359017
13259,AVFEAALTKAITAMT,12,0.5670689999999999,0.8715359009690519
13260,AVGLFIRLLGGESDA,12,0.150616,0.6388933543089759
13261,AVHVWLRLPAGRVEI,12,0.754242,0.7689490557321109
13262,AVIRGKKGAGGITIK,12,0.516455,0.2925296115782163
13263,AVMLTFDNAGMWNVR,12,0.546251,0.6993457170379128
13264,AWASACGGTGKNTIV,12,0.16361099999999998,0.19105725209645263
13265,AWMSAAATQAEQAAT,12,0.519299,0.6167553280953859
13266,AYGSFVRTVSLPVGA,12,0.870862,0.9506751379838733
13267,AYSDDKSMKVTVAFN,12,0.639364,0.7340499343227892
13268,AYTSSDDQISLFDQS,12,0.5846640000000001,0.3038500774400498
13269,AYVATVSEALRIIAG,12,0.667346,0.8698669661562912
13270,CADILAIASRVLVTM,12,0.461437,0.9182676289265237
13271,CDASILIDPLSNQSA,12,0.229933,0.6303950428930718
13272,CDGERPTLAFLQDVM,12,0.0,0.5007983107224028
13273,CGGTGKNTIVIPKGD,12,0.12695499999999998,0.3529909411582637
13274,CGYKDVDKPPFDGMT,12,0.258006,0.1830587976060136
13275,CIEYVTLNASQYANC,12,0.310813,0.8596723216659593
13276,CMTVQGGETMNSVIQ,12,0.435882,0.4308073495684154
13277,CPLDHVNTLHFLTRG,12,0.766101,0.7692603363107854
13278,CQFLKVEKSQLLNEF,12,0.672442,0.6876157670396293
13279,CRSCTLPPLRYMGED,12,0.119368,0.6818335555410553
13280,CTGMLKRRLGLMSLS,12,0.634233,0.7528637339441376
13281,DALTLRTATNIWIDH,12,0.754907,0.7033235499006558
13282,DAPYMVGDVITSGDI,12,0.266225,0.6921806319656928
13283,DCSEYPKPDCTAEDR,12,0.0,0.05308166837035753
13284,DDRITKARWVYFLTR,12,0.185655,0.8289636311631479
13285,DEARRMWASAQNISG,12,0.029499,0.7107161764957824
13286,DEPMVQVEAGKVNHS,12,0.152013,0.48000038900155984
13287,DESWQQFRQELIPLL,12,0.526161,0.733390653026377
13288,DFGNSYIAEMETESW,12,0.044725,0.44317431771285964
13289,DGQGKAVWGKNSCAK,12,0.176921,0.2956588594078025
13290,DHTNFKYNYSVIEGG,12,0.45123900000000006,0.7829954705980128
13291,DIDLGRNEVVNDVST,12,0.244657,0.27682528005576507
13292,DIFTNSRGKRASKGN,12,0.319577,0.7509106273785127
13293,DIKVQFQSGGNNSPA,12,0.238744,0.5604666876210251
13294,DINASFRAAMATTAN,12,0.47062600000000004,0.8215509088110706
13295,DITVKNCVLKKSTNG,12,0.24328899999999998,0.7285441484919363
13296,DIYKGVYQFKSVEFD,12,0.743657,0.6152513197851275
13297,DKKCIEWEKAQHGAC,12,0.049259,0.3165339069882124
13298,DKLTGPFTVRYTTEG,12,0.029889999999999996,0.556016170843855
13299,DKPFQNVNRITYGAC,12,0.298136,0.40277766429431244
13300,DKVYEILKINSVKYY,12,0.659233,0.8240720434442518
13301,DLMELISGISLGLIL,12,0.829327,0.8262905440880757
13302,DLTILGLAAEWVLAY,12,0.350756,0.7078895154291466
13303,DLVANQPNLKALREK,12,0.075807,0.43769894361497863
13304,DMDKVETFLRIVQCR,12,0.14438099999999998,0.6410079967184222
13305,DMLKLFEFNKKAIET,12,0.258139,0.6457971003119259
13306,DRASYRAHWQDDDVT,12,0.035061,0.21178118722007622
13307,DRTELLEMVCFHEFL,12,0.372357,0.4614447161042922
13308,DTFRKDFRVYDNFLR,12,0.228802,0.32766762945377653
13309,DTFRKLFRRYSNFLR,12,0.375825,0.7842964084370846
13310,DVDIIVDARLDLSST,12,0.24080100000000002,0.43778725602861307
13311,DVFYNGAYFVSSGKY,12,0.5329109999999999,0.8550764378918746
13312,DVLSQPMLPHTWDGS,12,0.17310599999999998,0.3030616044256194
13313,EAAFNKAIKESTGGA,12,0.149855,0.6372816919248873
13314,EAALTKAITAMSEVQ,12,0.7657970000000001,0.8649345908282141
13315,EAVLEDPYILLVSSK,12,0.36797199999999997,0.8079356556357713
13316,EAYRMRFAAVITRVI,12,0.739382,0.9176579485099005
13317,EDPLFQLVSKLYEVV,12,0.610412,0.7329237298070312
13318,EEDIEIIPPIQEEEY,12,0.0,0.08210628657263154
13319,EEFVSLASRFLVEED,12,0.9241860000000001,0.8237732274209809
13320,EEIITLNSYGSFQEF,12,0.460226,0.7754250769677024
13321,EFIPMKSSWGAIWRI,12,0.470412,0.8033998466176173
13322,EFVTLAAKFIIEEDS,12,0.459905,0.8746533556750117
13323,EGEGVFKSIQHLTVT,12,0.838993,0.8763467097717814
13324,EGHHLASAAIFGHDG,12,0.432167,0.8299373588452948
13325,EGHHLASAAILGHDG,12,0.44443699999999997,0.7664379158662797
13326,EGKVVQYENLKYTVI,12,0.284326,0.7317338572980965
13327,EGWPYIACRTSIVGR,12,0.429302,0.8582457305798736
13328,EHELYVAVLSNALHR,12,0.7147140000000001,0.8669321346671983
13329,EIESCRKNSCECNFE,12,0.0,0.13593637967155034
13330,EITGIMKDFDEPGHL,12,0.16813699999999998,0.18404918923929547
13331,EKKYFAAFQFEPLAA,12,0.6143,0.9714379172662652
13332,EKKYFAALQFEPLAA,12,0.580468,0.9681294307838252
13333,EKKYFAARQFEPLAA,12,0.672693,0.9485231856105871
13334,EKKYFAATEFEPLAA,12,0.689602,0.9664695101280706
13335,EKKYFAATKFEPLAA,12,0.906352,0.9778874137520831
13336,EKKYFAATQAEPLAA,12,0.779787,0.9407866381570763
13337,EKKYFAATQCEPLAA,12,0.6734720000000001,0.9369098519347377
13338,EKKYFAATQDEPLAA,12,0.616492,0.9246328077394647
13339,EKKYFAATQEEPLAA,12,0.5995689999999999,0.901607166162439
13340,EKKYFAATQGEPLAA,12,0.8535520000000001,0.9611873605981355
13341,EKKYFAATQHEPLAA,12,0.782998,0.9662017964464933
13342,EKKYFAATQIEPLAA,12,0.762925,0.9667835373271426
13343,EKKYFAATQKEPLAA,12,0.699132,0.9455211699410349
13344,EKKYFAATQLEPLAA,12,0.837575,0.9516662704156221
13345,EKKYFAATQMEPLAA,12,0.8377709999999999,0.9680576905702684
13346,EKKYFAATQNEPLAA,12,0.8483430000000001,0.9677476067146275
13347,EKKYFAATQPEPLAA,12,0.741779,0.950322231642134
13348,EKKYFAATQQEPLAA,12,0.7356010000000001,0.9486813227940054
13349,EKKYFAATQREPLAA,12,0.603021,0.9679069273569463
13350,EKKYFAATQSEPLAA,12,0.762058,0.967402849447129
13351,EKKYFAATQTEPLAA,12,0.827831,0.949048471859664
13352,EKKYFAATQVEPLAA,12,0.8041739999999999,0.9645821727729037
13353,EKKYFAATQWEPLAA,12,0.706208,0.9639896659557705
13354,EKKYFAATQYEPLAA,12,0.821342,0.9506133123557297
13355,EKKYFAATWFEPLAA,12,0.8369989999999999,0.9884508265228328
13356,EKKYFACTQFEPLAA,12,0.564934,0.9846670621765992
13357,EKKYFAHTQFEPLAA,12,0.7875300000000001,0.9907956008250798
13358,EKKYFANTQFEPLAA,12,0.814861,0.9700754571410134
13359,EKKYFATTQFEPLAA,12,0.8250299999999999,0.9870221942281723
13360,EKMFVSPTPGQRNPY,12,0.45336899999999997,0.4384973165345865
13361,ELAAVSVDCSEYPKP,12,0.10521400000000002,0.37991063144818105
13362,ELKESWGAIWRIDTP,12,0.261355,0.5678542712681564
13363,ELLDQSDVKEPGVSR,12,0.206445,0.2553828676268923
13364,ELYKYKVVKIEPLGV,12,0.9831489999999999,0.680444996745417
13365,EMETESWIVDRQWAQ,12,0.33038,0.4156587357733679
13366,ENEYATGAVRPFQAA,12,0.213369,0.6232963181377277
13367,EPAYFATAESVRDHL,12,0.613502,0.8807840195418615
13368,EQCGRQAGGKLCPNN,12,0.193173,0.08963129345367474
13369,EQFLGALDLAKKRVH,12,0.0,0.625952690295117
13370,ERRNKYLEEHPSAGK,12,0.266741,0.22031142412281082
13371,ESLHNPYPDYHWLRT,12,0.0,0.15655781655349685
13372,ESSFVMMSAPPAEYK,12,0.299191,0.7317216724485045
13373,ESTGGAYDTYKSIPS,12,0.42215,0.31663377241328533
13374,ESWGAVWRIDTPDKL,12,0.5276270000000001,0.5327600492746817
13375,ESWIVDRQWAQDLTL,12,0.378835,0.40771151150054813
13376,ETLYRIDGAHLTKMS,12,0.389069,0.4270078793784531
13377,EVFCQTIKLDSEEYH,12,0.337125,0.5084388773678568
13378,EVLGFRMVQDERVGR,12,0.45080699999999996,0.3126169222140492
13379,EVVKANGGYLAAGKL,12,0.498875,0.4666360556416894
13380,EVYEARLTKFKYLAG,12,0.39966199999999996,0.8339711381294093
13381,EYIEAAKWLLPPPKV,12,0.528108,0.6419541969469357
13382,FARIETAFANLYPGE,12,0.487388,0.8578378849301828
13383,FAVATITHAAELQRV,12,0.784245,0.783154337058232
13384,FDELELDPPEIEPGV,12,0.184001,0.07192985988245643
13385,FDHEFTFGWDELLSK,12,0.483849,0.366250548467934
13386,FDPYGATISATPESA,12,0.251272,0.6495686256644498
13387,FDREFTFGWDELLSK,12,0.43010200000000004,0.3340240767090773
13388,FEAAFNDAIKASTGG,12,0.153791,0.7096910416537919
13389,FEAALTKAITAMSEV,12,0.83068,0.8661903752208192
13390,FEFNKKAIETLNDNT,12,0.21716999999999997,0.7365508017945038
13391,FENLVAENVKPPKVD,12,0.0,0.5491345375343207
13392,FEQITFMQALQLLLE,12,0.663802,0.8787647756643028
13393,FFVKNPTDTGHGTVV,12,0.032173,0.641744559216159
13394,FGPASFARIETAFAN,12,0.471632,0.8487247759329257
13395,FGTMPSLTLACLTKQ,12,0.590942,0.862100930812365
13396,FHTMWHVTRGAVLMH,12,0.8425090000000001,0.8628369961121187
13397,FHTMWHVTRGAVLMY,12,0.9788889999999999,0.8357329983936502
13398,FHTMWHVTRGAVLTY,12,0.9395110000000001,0.8070300696655298
13399,FHTMWHVTRGSVICH,12,1.0,0.8522156326248213
13400,FIMAYVNQAHHIDLM,12,0.7726689999999999,0.9133121011511358
13401,FIVFLLLAGRSCSYK,12,0.529473,0.7709693287959336
13402,FKKLKNHVLFLQMMN,12,0.778379,0.7590587705882483
13403,FLAVAVVLGLATSPT,12,0.336399,0.7714686465998029
13404,FLFQRAVAREAIIAL,12,0.6983689999999999,0.7917627232372866
13405,FLLMYEMHRESLLKS,12,0.7169770000000001,0.8330117411569776
13406,FNSLISIAQHLVSDR,12,0.744908,0.9139820953634948
13407,FPPNGTHSWEYWGAQ,12,0.167828,0.3049134699821369
13408,FQTMPGTFQTTTGEI,12,0.36022600000000005,0.7511074516625045
13409,FQTVGSGLDHILSLA,12,0.38553899999999997,0.6286594097535356
13410,FRKYTAFTIPSINNE,12,0.68565,0.9227161362913623
13411,FTSLEYIEAAKWLLP,12,0.5214260000000001,0.780038327106882
13412,FVMMSAPPAEYKLQQ,12,0.270181,0.5471335053282681
13413,FVNQHLCGSHLVEAL,12,0.16229100000000002,0.7089342716445994
13414,FVRIQPGQTFSVLAC,12,0.570616,0.8247783032238198
13415,FVVTGRVYCDPCRAG,12,0.396953,0.2232133063217684
13416,FWYVNHTGFNVHSLP,12,0.6066779999999999,0.8751725795629782
13417,GARYLEFEALGFLNE,12,0.659249,0.5246463612491159
13418,GAVDIINKWQVVAPQ,12,0.128161,0.7040367792296603
13419,GAYFVSSGKYEGGNI,12,0.62542,0.8517874914101627
13420,GEGIPLYDAIKCMRT,12,0.149018,0.6027235705668433
13421,GEIYKRWIILGLNKI,12,0.514085,0.8376052847830742
13422,GELEFEEFVSLASRF,12,0.659175,0.6674293614103706
13423,GELQIVDDIDAAFKI,12,0.45665600000000006,0.86583166789933
13424,GELQIVDIIDAAFKI,12,0.708263,0.9481822706940787
13425,GELQIVDKFDAAFKI,12,0.5639,0.9470943048964353
13426,GELQIVDKLDAAFKI,12,0.513414,0.9714591294409725
13427,GELQIVDKRDAAFKI,12,0.45221999999999996,0.8913106658596868
13428,GELQIVDKYDAAFKI,12,0.5560970000000001,0.9355885762242147
13429,GELQIVDQIDAAFKI,12,0.5734199999999999,0.9548755069450215
13430,GELQIVDWIDAAFKI,12,0.5420729999999999,0.9651053470410256
13431,GELQIVHKIDAAFKI,12,0.8110149999999999,0.9813536882815567
13432,GELQIVNKIDAAFKI,12,0.9895649999999999,0.9800917708356798
13433,GELQIVTKIDAAFKI,12,0.749572,0.9621841566449993
13434,GENGRKTRSAYERMC,12,0.06578300000000001,0.3017962084639791
13435,GEVEIQFRRVKCKYP,12,0.33520300000000003,0.45354222429481966
13436,GEVLNALAYDVPIPG,12,0.616284,0.46107017864598615
13437,GFTRRFKFLLNISYL,12,0.907874,0.8648750692418871
13438,GGACGYKDVDKPPFS,12,0.095247,0.15492174672360637
13439,GGGFGMLLRKYGIAA,12,0.111221,0.7180175323257377
13440,GGSILKISNKFHTKG,12,0.563038,0.9147869371963292
13441,GGSILKISNKYHTKG,12,0.403987,0.8801524301796397
13442,GHAYLLLPNTESARK,12,0.259774,0.7449084482208845
13443,GHMLDMYSVMLTNDN,12,0.355507,0.6450189482506002
13444,GIHTVFGSAFQGLFG,12,0.367726,0.8675276429349215
13445,GIKVGYTAHIRKATE,12,0.21960900000000003,0.9007251326989824
13446,GIRHLFGNYITNDSY,12,0.880225,0.7407640595712868
13447,GKGTLDGQGKAVWGK,12,0.247852,0.2721829048682711
13448,GKIDFLNNYALFLSP,12,0.657405,0.7322398371077011
13449,GKIVHISPLSGSAQH,12,0.587592,0.8570957593096408
13450,GKLFTQTMKGVERLA,12,0.396235,0.5759666475008647
13451,GKLIHEWCCRSCTLP,12,0.344305,0.6160352006777724
13452,GKSSFCDICGEELPT,12,0.355711,0.2745041341957621
13453,GKTVWFVPSIKAGND,12,0.6872560000000001,0.8941208343517788
13454,GLAYKFVVPGAATPY,12,0.526978,0.7713313139299562
13455,GLEWNDNTVRVSETL,12,0.367084,0.49271815380463035
13456,GLSGEPKGGAESSSK,12,0.141853,0.05304185754479135
13457,GLTHMMIWHSNLNDT,12,0.26496,0.874945917978269
13458,GLVPKLDAAYSVAYK,12,0.632725,0.5897620838043821
13459,GMNSRSTSLSVSLVL,12,0.8951180000000001,0.8713770754326121
13460,GMTGMLWETSLLDPE,12,0.188212,0.546365761893134
13461,GNIVAVDIKPKDSDE,12,0.46238900000000005,0.5189927488622766
13462,GPPVEASAAALAGDA,12,0.341925,0.33025349850440533
13463,GRKRPIVRILRRVHH,12,0.5395810000000001,0.5163289312476218
13464,GRKTRSAYERMCNIL,12,0.393825,0.5993468872934833
13465,GSHLVEALYLVCGER,12,0.41515100000000005,0.599368199964808
13466,GTFHTMWHVTRGAVL,12,0.9987229999999999,0.8199341871936217
13467,GTGVLTPSSKRFQPF,12,0.398428,0.848398096820071
13468,GTKGEAKDVIPEGWK,12,0.022954,0.09628539104285012
13469,GVFHTMWHVTRGAVL,12,0.8670209999999999,0.8537452609511681
13470,GVLKNEFMSLAFDYW,12,0.636616,0.7133462020323722
13471,GWIISNIFGAIPVLA,12,0.6688569999999999,0.9065387351015418
13472,GWIISNIFGAIPVLG,12,0.6975600000000001,0.9022767460309182
13473,GYKDWILWISFAISC,12,0.28128800000000004,0.8170576398189695
13474,HAYYLQYKNVRPDYL,12,0.67976,0.6599390368906766
13475,HDYEGLSYRSLQPET,12,0.17185,0.5182873714159205
13476,HEWCCRSCTLPPLRY,12,0.23206500000000002,0.5432595810278505
13477,HFSNVFRSVMAPFTM,12,1.0,0.912741581385894
13478,HGRQIRMAKLLGRDP,12,0.320154,0.5833211389395332
13479,HMAKEDLVANQPNLK,12,0.0,0.340751132331169
13480,HSLLRTQRLHKFLVC,12,0.437296,0.7846970734662786
13481,HSRNLINELSERMAG,12,0.300104,0.6302852183766412
13482,HTLWSNGVLESDMII,12,0.173729,0.765173275552902
13483,HTQTAGPWHLGKLEL,12,0.170031,0.33230474923705383
13484,IAAMMTSPLSVASMT,12,0.6821010000000001,0.9110842107549373
13485,IAIAFLSVSNNYEYI,12,0.56134,0.889929178250188
13486,IAPIMFSNKMARLGK,12,0.46832799999999997,0.8629019207419829
13487,IASLFAAAGLAAAAP,12,0.360946,0.8887991594204804
13488,IDQVTIAGAKLRSLN,12,0.456793,0.7721367360057101
13489,IEFRFYKEITNVFRG,12,0.6053149999999999,0.8317986170155556
13490,IGGWLLLEPWISPSV,12,0.30751300000000004,0.7391631754873413
13491,IGPEAAEAAAAAPAA,12,0.462308,0.264718436123149
13492,IGRIAETILGYNPSA,12,0.390651,0.7403525064624731
13493,IGSYVAFLSQTFAFI,12,0.0,0.9465927372700041
13494,IHKASTVLAFPAGVC,12,0.512827,0.9305355496385709
13495,IIELFTAKGFTVQEM,12,0.8562780000000001,0.7999515195949601
13496,IISIVQMAPVSAMVR,12,0.409808,0.832618154318193
13497,IISTFHLSIPNFNQY,12,0.878218,0.8737901099499968
13498,IITPTNVSHIQSAVV,12,0.8795569999999999,0.8211253605267655
13499,IKDVLKYRWLNLSAN,12,0.6278779999999999,0.7729322016917048
13500,ILDLCYQLSMRIANQ,12,0.776672,0.741762907002907
13501,ILFLVKMNALRRLPV,12,0.6279640000000001,0.8957308113769024
13502,ILKGLYNFATCGLIG,12,0.846138,0.82122740573568
13503,ILKGVINIWGSGLLQ,12,0.715071,0.6288167673308322
13504,IMRIKKLTITGKGTL,12,0.601576,0.7085751918852431
13505,INLIIHYVDRPGALG,12,0.709611,0.6800472061986623
13506,IPKEQKYSFLQNPQT,12,0.165915,0.6336540999483153
13507,IPKGDFLTGPLNFTG,12,0.410112,0.4533043456972742
13508,IPSIIHEALNIALIA,12,0.453615,0.8407111879179558
13509,IPVMAYLVGLFAWVL,12,0.24491300000000002,0.8468421449261018
13510,IQRTVFFILMMLVAP,12,0.229235,0.610373271551225
13511,ISATPEWATPFPHRK,12,0.472423,0.4709642234454527
13512,ISDFRAAIANYHYDA,12,0.707773,0.6820185647848118
13513,ISGLKPGVDYTITVY,12,0.748916,0.3899478046382749
13514,ISIVQMAPVSAMVRM,12,0.433587,0.7868281138036183
13515,ISSYKLDLTILGLAA,12,0.256818,0.7869668667508142
13516,ITAMSEVQKVSQPAT,12,0.33628,0.5309766986819248
13517,ITDAVGNDMPGGYCL,12,0.259206,0.18415877498328537
13518,ITFMQALQLLLEVEQ,12,0.698876,0.7206555410399546
13519,IVLNHMTGAQSGKGT,12,0.50681,0.6898005281667084
13520,IVQMAPVSAMVRMYI,12,0.47883400000000004,0.835578246534175
13521,IVQNAYKQMIKSRTL,12,0.818732,0.8172165779845777
13522,IYEPEDLGNCLNKSD,12,0.258193,0.2708210925645156
13523,IYWTIVKPGDILLIN,12,0.79971,0.781460104385506
13524,KAIKESTGGAYDTYK,12,0.344393,0.18546144232571737
13525,KASNPNYLAILVKYV,12,0.815096,0.7380878510992251
13526,KCKYPEGTKVTFHVE,12,0.43349899999999997,0.4130190792922279
13527,KDKWIELKESWGAIW,12,0.21818600000000002,0.44300655172247355
13528,KEVEEAWASACGGTG,12,0.089955,0.21408434725042497
13529,KEYTFPITLSSTSNP,12,0.250539,0.9151664738843094
13530,KFFYLLGLSAIMQVF,12,0.48724300000000004,0.9253547561348734
13531,KFTQFAGKDLESIKG,12,0.423617,0.5533280587210649
13532,KFVDSTVVASVTIID,12,0.660135,0.5575155540303696
13533,KGKDKWIELKESWGA,12,0.128376,0.29788814195488894
13534,KGLHHLQIILSGKMA,12,0.795168,0.8677190854026061
13535,KGSNDHYLALLVKYA,12,0.407085,0.6033621015640355
13536,KGVERLAVMGDVAWD,12,0.121893,0.3918014300425031
13537,KHLAVLVKYEGDTMA,12,0.024047,0.7018884177128758
13538,KHMIAGVFFTFVLLL,12,0.229742,0.8966468307702081
13539,KIEIDQDHQEEICEV,12,0.423138,0.1167388936158647
13540,KIGIGVLLTWIGLNS,12,0.169943,0.7650665747752167
13541,KILEPFRKYTAFTIP,12,0.525878,0.8575355325830853
13542,KKGAGGITIKKTGQA,12,0.26087,0.2533881306333183
13543,KLCLMKAQPTSWPLQ,12,0.730216,0.7596771730978109
13544,KLCPNNLCCSQWGWC,12,0.09171599999999999,0.23261047240003496
13545,KLDLTILGLAAEWVL,12,0.284183,0.7475020898320107
13546,KLKIQNVIIDECYGA,12,0.185331,0.7160699582947497
13547,KLPWKNESSIKVIKQ,12,0.372225,0.7275487528555372
13548,KLTITGKGTLDGQGK,12,0.173758,0.4472410783500026
13549,KMDKLELKGMSYAMC,12,0.316382,0.5729983979247056
13550,KMPMYIAGYKTFDGR,12,0.30999699999999997,0.7118889471364903
13551,KNTIVIPKGDFLTGP,12,0.12144500000000001,0.6148913099268918
13552,KPHYYTWGKADIAAN,12,0.0,0.5092337098331164
13553,KPPFSGMTGCGNTPI,12,0.218877,0.30287202327376683
13554,KQCFRKLPVNRPIDW,12,0.618556,0.5626857912957891
13555,KQIANELNYILWENN,12,0.222929,0.5463937991521084
13556,KRFFLPVFSDEVLAG,12,0.8963139999999999,0.8392484590943162
13557,KRWIILGLNKIVRMY,12,0.451233,0.8175873982648796
13558,KSIIKARVVWKAIIE,12,0.474793,0.8458863850968863
13559,KSMKVTVAFNQFGPN,12,0.45645,0.8429353076495945
13560,KSRTLKSFFAWSLSD,12,1.0,0.9126519935564833
13561,KSTNGLRIKSYEDAK,12,0.42923999999999995,0.6178050120720348
13562,KTDCTKEVEEAWASA,12,0.027204000000000002,0.144985157606279
13563,KTLILLETFVRVNPD,12,0.584415,0.7895009776339994
13564,KTLILLETFVRVNPE,12,0.608939,0.788947441229198
13565,KTRRFLPQILAECAR,12,0.343733,0.64038292060556
13566,KTVSEGAVDIINKWQ,12,0.20256500000000002,0.5382564838253722
13567,KVGEVCSFYADPKRY,12,0.435004,0.3711433770644835
13568,KVTFLSQVHPSPLLT,12,1.0,0.8914416206768564
13569,KYAVFEAALTKAITA,12,0.9261729999999999,0.9117999387437445
13570,KYDAYVATLSEALRI,12,0.674246,0.8405352373867566
13571,KYKFVRIQPGQTFSV,12,0.611535,0.8212050511857326
13572,KYKTFEAAFTVSSKR,12,0.417465,0.9542416920749903
13573,KYTVIITVHTGDQHQ,12,0.539189,0.6794912393677514
13574,LAQILMDNDLAATND,12,0.059851999999999995,0.471915784961098
13575,LDGNLLSSNDLAKYK,12,0.19381600000000002,0.5987881526819457
13576,LDMIITAVNSLISDN,12,0.34537399999999996,0.8848641819438272
13577,LEAKATFYGSNPRGA,12,0.406023,0.6053784324951373
13578,LEKISNEIKIVATPD,12,0.46870200000000006,0.7597669999702317
13579,LESILIKPSNSEDLL,12,0.6210640000000001,0.7466821539098709
13580,LFFNHHKVMLLGHDD,12,0.632917,0.8646092703706894
13581,LFGGLNWITKVIMGA,12,0.353496,0.832566297098723
13582,LGAVYRYKKLKEMSA,12,0.257956,0.6369641904204804
13583,LGEVFIAQSKGLYRQ,12,0.582102,0.8243548031191156
13584,LGMNHVLQSIRRNYP,12,0.634079,0.8330035163552078
13585,LGSQEGAMHTALTGA,12,0.28430700000000003,0.33957995941729857
13586,LHFSEALRIIAGTPE,12,0.8408459999999999,0.9369271630081983
13587,LIKTLQSKLSRNFTK,12,0.479493,0.8818684989921662
13588,LKCRLKMDKLELKGM,12,0.290204,0.33504799734443197
13589,LKLATGMRNVPEKQT,12,0.40017600000000003,0.7002315930467183
13590,LKNCVDAKMTEEDKE,12,0.16512000000000002,0.24409831003165303
13591,LLATSIFKLTYQNKV,12,0.9471450000000001,0.9214705422324836
13592,LLKIWKNYMKIMNHL,12,0.44741099999999995,0.8316354735850072
13593,LLNEFNNLYADKVSV,12,0.41385299999999997,0.6158624803899219
13594,LLTWIKMLAAKNLPI,12,0.745271,0.8854977040453504
13595,LLVTFKNAHAKKPEV,12,0.574879,0.9386978800440234
13596,LLWDYMCISLSTAIE,12,0.811527,0.9034794374648094
13597,LNIKLNMPLYIAGNK,12,0.407564,0.7337832487442011
13598,LNWITKVIMGAVLIW,12,0.428055,0.9133274829978589
13599,LQFAKLTGFTLMGKG,12,0.590254,0.7811193601551073
13600,LQFNQMMNPSHVKFL,12,0.84515,0.8520548207463067
13601,LQMVGMRRPQQGASG,12,0.0,0.3827694738430648
13602,LQSLWANFYELLADA,12,0.452876,0.6705770334026115
13603,LRAHRLHQLAFDTYQ,12,0.555242,0.4923133853974858
13604,LRIAAKIYSEADEAW,12,0.31474,0.8700192815123265
13605,LRKDYIKRQGSTPLA,12,0.775486,0.46965861104034357
13606,LRTKLMTSRRVLEKE,12,0.675723,0.8278714067738423
13607,LRYRYGLFKQRIAKE,12,0.49461099999999997,0.7472821513746108
13608,LSFAAALNGLAGPLH,12,0.6401859999999999,0.5372182168255043
13609,LSKDGCTSAKGPDYK,12,0.323251,0.08753294005970982
13610,LSLTFIRSTTPLIMA,12,0.980858,0.9433661089537269
13611,LSPLTKGILGFVFTL,12,0.562178,0.8274400475158628
13612,LSSNDLAKYKANWIE,12,0.617521,0.630502925827969
13613,LSYRSLQPETFAVVD,12,0.482256,0.8450968266208752
13614,LSYYKLGASQRVGTD,12,0.587956,0.8744696847642132
13615,LTHMMIWHSNLNDAT,12,0.199323,0.888828292854409
13616,LVKFVAGDGDVVAVD,12,0.083526,0.311942628870013
13617,LVKYEGDTMAEVELR,12,0.20772800000000002,0.4383602209999261
13618,LVPFVQWFVGLSPTV,12,0.268726,0.8525910260842531
13619,LVSKLYEVVPGILTE,12,0.9343030000000001,0.7264496852666993
13620,LWNGPMAVSMTGVMR,12,0.471919,0.9106730879514124
13621,LWTQSLRRELSGYCS,12,0.365535,0.6286201625705928
13622,MAFLRSVSRLAAAVF,12,0.8325299999999999,0.8163065262843621
13623,MASSSSVLLVVALFA,12,0.176984,0.6858030620162536
13624,MASSSSVLLVVVLFA,12,0.20438,0.687834586572042
13625,MDCIIFESASKARLP,12,0.55798,0.8747235647207079
13626,MGAVLIWVGINTRNM,12,0.357216,0.9348428232306416
13627,MGEAVQNTVEDLKLN,12,0.408966,0.2776099217328541
13628,MGNSKSKSNPSSSSE,12,0.095247,0.3353728288174741
13629,MGQLISFFGEIPSII,12,0.541607,0.7810446968042142
13630,MGRDIKVQFQSGGAN,12,0.134549,0.6205217234692467
13631,MILVGVIMMFLSLGV,12,0.588765,0.4854259636135669
13632,MLLILCTSQILLMRT,12,0.45525299999999996,0.8524581387967558
13633,MLLRKYGIAAENVID,12,0.5813619999999999,0.7666398694976297
13634,MNALRRLPVICSFLV,12,0.42787,0.9140018827968421
13635,MNMSRQGIFQTVGSG,12,0.360212,0.6478097120098939
13636,MPFVTTQPEALAAAA,12,0.5834010000000001,0.7858246099927717
13637,MSFVTTQPEALAAAA,12,0.584937,0.8227553669165367
13638,MSLLTEVETYVLSII,12,0.5707369999999999,0.6283210945165947
13639,MSLLTEVETYVLSIV,12,0.603831,0.6283210945165947
13640,MSQIMYNYPAMMAHA,12,0.465368,0.7382231538997814
13641,MSQIMYNYPAMRAHA,12,0.367195,0.7323384886220994
13642,MVVERLGDYLVEQGM,12,0.186172,0.2722839396668626
13643,MYFHRRDLRLASNAI,12,0.734408,0.8186763219370421
13644,NCEALSLVSHIVKWK,12,0.47384,0.8750955589034652
13645,NCVLKKSTNGLRIKS,12,0.702236,0.7809217653403825
13646,NDAIKASTGGAYESY,12,0.29046500000000003,0.5474146483593595
13647,NDFLKTGHYTQMVWA,12,0.472125,0.6631668334042331
13648,NDKPFQNVNRITYGA,12,0.284763,0.44818705793409125
13649,NFTVGRIIELFTAKG,12,0.554988,0.8272385477442659
13650,NHFFNHHKVMLLGHD,12,0.885922,0.861721136712344
13651,NHFFNHHKVMLLGHS,12,0.7665930000000001,0.861721136712344
13652,NHLINTPKIMPHHII,12,0.405002,0.8565331000889413
13653,NHVIQSVRRLYPKIF,12,0.662622,0.6827982102692685
13654,NIWADDLAASLSTLE,12,0.513835,0.5683487795900686
13655,NKGILVTVNPIASTN,12,0.549887,0.8496294078575901
13656,NKNFFWAVKPKAVRQ,12,0.887461,0.9121439470850703
13657,NKYLEEHPSAGKDPK,12,0.161261,0.21601822673002247
13658,NLLWKQIANELNYIL,12,0.0,0.7005462719539317
13659,NLMGKTLILLETFVR,12,0.598364,0.7673343721421826
13660,NLNIKLNMPLYIAGN,12,0.417786,0.7085124719772204
13661,NLVIEGPTTCGYLPT,12,0.535991,0.31285252784991013
13662,NMVVERLGDYLVEQG,12,0.227052,0.3035923128564953
13663,NNRIWLQFAKLTGFT,12,0.566483,0.7851164340192996
13664,NNVVQALTSLGLLYT,12,0.91543,0.8115442819702017
13665,NPLIRHENRMVLAST,12,0.47345600000000004,0.7989199245628585
13666,NPRQAYANYRDIDLG,12,0.3377,0.5472335098964413
13667,NPTDTGHGTVVMQVK,12,0.11648399999999999,0.41051432999700727
13668,NRIMADGGSIQNTNL,12,0.181392,0.30220346484067434
13669,NSFYYMKGGVNTFLI,12,0.773425,0.920245781815695
13670,NSLVYGASDSNVYDL,12,0.509851,0.5229312207794007
13671,NSVIQALTSLGLLYT,12,0.9374319999999999,0.8799201816806743
13672,NSVVQALTSLGLLYT,12,0.878474,0.8659331399286867
13673,NVNLQKQLLTNHLIN,12,0.41598,0.5635635749594181
13674,NVSHIQSAVVCGRRH,12,0.573454,0.6810915714475739
13675,NYLALLVKFVAGDGD,12,0.30846599999999996,0.6685740750227583
13676,PAAAYATATPAAATA,12,0.5305979999999999,0.11806374275004117
13677,PAGVCPTIGVGGNFA,12,0.273665,0.1534705795777613
13678,PALFFTFLANLNLTE,12,0.68766,0.8015909792290318
13679,PALLALLALPALLLL,12,0.357744,0.25084751071240063
13680,PASWKNNRIWLQFAK,12,0.371273,0.6911070117711605
13681,PCKGDSVTIKLDGNL,12,0.400348,0.4535306972572496
13682,PCRAGFETNVSHNVQ,12,0.689451,0.5493095276850543
13683,PDLPYDYGALEPAIS,12,0.20834899999999998,0.4331550146290174
13684,PEGLLWLLLTGKVPT,12,0.271451,0.906375654429727
13685,PEQIQLLKKAFDAFD,12,0.364975,0.5254868926426949
13686,PEVKYAVFEAALTKA,12,0.46748199999999995,0.9200865841467786
13687,PFTIPSMHQVLDEAI,12,0.575304,0.7474880231570129
13688,PGTFQTTTGEIGAIA,12,0.532066,0.35584945089066006
13689,PIEHIASMRRNYFTA,12,0.175071,0.8122940408880378
13690,PIIIDQKYCPNKICT,12,0.48015,0.36997312313711217
13691,PIYIVTPTNASHIQS,12,0.75658,0.9115351057465177
13692,PKDSDEFIPMKSSWG,12,0.24854899999999996,0.5415982690177747
13693,PKGGAESSSKAALTS,12,0.22045399999999998,0.512401148324154
13694,PLYKLVHVFINTQYA,12,0.634948,0.894965794866445
13695,PPDAASAAPLRTITA,12,0.064296,0.629225125411485
13696,PPPPQLGASPYKLGP,12,0.22141999999999998,0.3432910845954903
13697,PQVKYAVFEAALTKA,12,0.19103499999999998,0.9215304245559504
13698,PSMGRDIKVQFQSGG,12,0.082743,0.4906867747665018
13699,PSPSMGRDIKVQFQS,12,0.26777199999999995,0.36779772198291044
13700,PTHRHLKGEACPLPH,12,0.348792,0.2008310255329595
13701,PTLAFPAGVCPTIGV,12,0.45929200000000003,0.5950525310299
13702,PVGEIYKRWIILGLN,12,0.254761,0.7350766460204332
13703,PVGEIYKRWIIMGLN,12,0.35491500000000004,0.8003613224352102
13704,PYGATISATPEWATP,12,0.42838999999999994,0.5376290290528264
13705,QAGGKLCPNNLCCSQ,12,0.214507,0.20129648474828396
13706,QASVNGVTLIGESVK,12,0.26174000000000003,0.7872825914360452
13707,QCAMRPNHTIKGSFL,12,0.321806,0.2765264382227929
13708,QDHQEEICEVVLAKS,12,0.357516,0.4914259005516321
13709,QDVLLFTPASTEPQS,12,0.316661,0.8512552999420664
13710,QEVFKAIQSLKTTEV,12,0.803284,0.8713700238748043
13711,QFKRASPILRFLYAN,12,0.774034,0.8532171483450501
13712,QFRRVKCKYPEGTKV,12,0.067146,0.28851703761873126
13713,QGEPGAVIRGKKGAG,12,0.22721999999999998,0.3380949792336149
13714,QGEPGRVIRGKKGAG,12,0.396911,0.22761605486809963
13715,QHLCGSHLVEALYLV,12,0.576242,0.7100420072662276
13716,QHNHRPGYHTQTAGP,12,0.093226,0.49822506480075857
13717,QIHQYIMALREEYFD,12,0.597448,0.7092971253677204
13718,QIMLLILCTSQILLM,12,0.737893,0.8007275067888361
13719,QIRMAKLLGRDPEQS,12,0.16886500000000002,0.4669935418798586
13720,QITFMQALQLLLEVE,12,0.0,0.7900692783712562
13721,QKLIEDINASFRAAM,12,0.36478299999999997,0.797355277589015
13722,QKQLLTNHLINTPKI,12,0.22437600000000002,0.8657875368043516
13723,QKRTLSLLQYARYPI,12,0.6010989999999999,0.8107408317503602
13724,QKYCPNKICTSKGDS,12,0.09393,0.47235033990953346
13725,QLSALWARFPLPVIP,12,0.490588,0.9203618837850025
13726,QLYSKFLLKAEPLAF,12,0.8668379999999999,0.8310474092927248
13727,QPCNGVTMNDVKIEY,12,0.252309,0.3818593908618755
13728,QPNLKALREKVLGLP,12,0.193267,0.5592919663627188
13729,QPYVLSVASLTSAGQ,12,0.18424000000000001,0.9233225865502114
13730,QTYVTQQLIRAAEIR,12,0.322307,0.7435779488472755
13731,QVHFQPLPPAVVKLS,12,0.33217399999999997,0.7961718724439012
13732,QVKYAVFEAALTKAI,12,0.9097719999999999,0.9420171990851764
13733,QVPSASMGRDIKVQF,12,0.22245700000000002,0.5409485193533575
13734,QVTIAGAKLRSLNLG,12,0.6384270000000001,0.8318407374531865
13735,QYENLKYTVIITVHT,12,0.6587890000000001,0.8593134908155797
13736,QYLIKHKSNNVITCG,12,0.222446,0.7527555272261277
13737,RADITTVSTFIDLNI,12,0.796925,0.6873502870807907
13738,RAMFVEDIAMGYVVS,12,0.871509,0.6367399736793968
13739,RCALHWFPGSHLLAC,12,0.549261,0.7609611311719544
13740,RCALHWFPGSHLLHV,12,0.667049,0.8500391049651371
13741,RDCLIAHGAANTITE,12,0.7679189999999999,0.7376002113160102
13742,REQFLGALDLAKKRV,12,0.0,0.614300371347418
13743,RFFVWGDEVPLLTKF,12,0.397552,0.7004300037021469
13744,RFTISRDNSKNTLYL,12,0.130003,0.44671565225842375
13745,RGILKRNSSSSSTDS,12,0.0,0.766703515763903
13746,RGLLRRARGGPHHRR,12,0.234327,0.3037705386599378
13747,RIDTPDKLTGPFTVR,12,0.163523,0.27095078814658513
13748,RIIAGTLEVHAVKPA,12,0.24939,0.7636558745958002
13749,RIKLDIETSFIFIET,12,0.087109,0.7520133076571293
13750,RKELLVTFKNAHAKK,12,0.238537,0.9397293755907112
13751,RKHIEWNCDVCRHGD,12,0.0,0.35273987728572465
13752,RLATAIAGAWENGVC,12,0.0,0.5632257711095412
13753,RLEFDEFVTLAAKFI,12,0.636278,0.9038442251178522
13754,RLKGESRKTFVELMR,12,0.743911,0.5688644545537936
13755,RLMSMKSVQNNTVLK,12,0.808513,0.8489707882145205
13756,RMAMTDTTPFGQQRV,12,0.72348,0.25061288942960475
13757,RMFSSTLRAAVPWYA,12,0.6825939999999999,0.9142436118161088
13758,RMVLASTTAKAMEQM,12,0.514386,0.8600831102796223
13759,RNFQKVNPEGLIKEF,12,0.7644989999999999,0.47941955520143914
13760,RNTLLFLDLIILNFV,12,0.316702,0.41343591018856096
13761,RPGVSKKFLSLLTSS,12,0.576378,0.9119945267159917
13762,RPMFLYVRTNGTSKI,12,0.749713,0.8526434390366286
13763,RQGIFQTVGSGLDHI,12,0.725217,0.7055617780986413
13764,RQKIIYSGAVNLDDE,12,0.9606620000000001,0.8116654258447584
13765,RREVHIYYLEKANKI,12,0.7102069999999999,0.7498218229117062
13766,RRRVMIQSSGGKLRL,12,1.0,0.7794378163623576
13767,RSRPRRTTRRMDRRT,12,0.503785,0.1077591558928291
13768,RTATNIWIDHNSFSN,12,0.360016,0.5957149873617895
13769,RTITADTFRKLFRVY,12,0.24716100000000002,0.5869645389227749
13770,RVIRGKKGAGGITIK,12,0.576963,0.3203006728581279
13771,RVWEQIFSTWLLKPG,12,0.555025,0.7690847764986763
13772,RVYCDPCRAGFETNV,12,0.059319000000000004,0.30579859983506136
13773,SAAPLRTITADTFRK,12,0.24200100000000002,0.6440925913796574
13774,SADEVQRMMAEIDTD,12,0.30413,0.37585976628110623
13775,SAIRAAPEAARSLAS,12,0.41602700000000004,0.5364380499617434
13776,SCLDGKLCLMKAQPT,12,0.624047,0.4885990610855272
13777,SDDQISIMKLPLSTK,12,0.6581229999999999,0.8779629943296583
13778,SDLLTNSVIIMAYVT,12,0.277652,0.908575856898518
13779,SFGIVVAWQVKLLPV,12,0.839363,0.8661183153253786
13780,SFSCIAIGIITLYLG,12,0.595649,0.7661924386183231
13781,SFVMMSAPPAEYKLQ,12,0.306262,0.6677586940984748
13782,SGKLFMHVTLGSDVE,12,0.47186999999999996,0.860838622651614
13783,SGRVTRDSRRLRRIC,12,0.18901600000000002,0.17693227886539276
13784,SGTVDFDEFMEMMTG,12,0.0,0.27145207802488425
13785,SHIQSAVVCGRRHGV,12,0.392941,0.6172097387554426
13786,SIAQHLVSDRPIMRY,12,0.582464,0.6573950779211711
13787,SLIYRRRLMKQDFSV,12,0.0,0.6518487529637172
13788,SLKLYRDSLGEAVMR,12,0.383348,0.5397255672608782
13789,SPILRFLYANVGEEA,12,0.47335600000000005,0.8231013304369175
13790,SQAWQPGVAMPNLYK,12,0.204684,0.48178043529756936
13791,SRAEVSYVHVNGAKF,12,0.572596,0.8305933281573991
13792,SRCYSIYLSINGVLE,12,0.836233,0.8783201386229972
13793,SRFFVMGEETPLLTK,12,0.673027,0.7044326371159708
13794,SRSFLKHSLLRTQRL,12,0.699873,0.8247354972250303
13795,SSAGGFFTSVGKGIH,12,0.7820600000000001,0.8284976816646101
13796,SSILTDSQTATKRIR,12,0.684896,0.6302713848780074
13797,SSKAATAKAPGLVPK,12,0.378069,0.5538637548260775
13798,SSTVKLRQNEFGPAR,12,0.128882,0.40040922069743445
13799,SSYAATEVANAAAAS,12,0.466948,0.7534847255712447
13800,SSYAATEVANAAAGQ,12,0.361996,0.7524151504177946
13801,STVVASVTIIDRSLP,12,0.604888,0.7372674407899987
13802,STWLLKPGAGIMIFD,12,0.6618609999999999,0.7520834222560201
13803,SVLLVVALFAVFLGS,12,0.128998,0.2731721713173911
13804,SVRIRVRSGGHDYEG,12,0.273334,0.5329823452839999
13805,SVTIKLDGNLLSSND,12,0.41397799999999996,0.643316349137413
13806,SVYLSDNGVMSEQGS,12,0.220675,0.6170690257999635
13807,SWKLEKASLIEVKTC,12,0.45191099999999995,0.6423279065698221
13808,SWMIRILIGFLVLWI,12,0.363536,0.681095814103296
13809,SYIAEMETESWIVDR,12,0.439734,0.47325723419490384
13810,SYVHVNGAKFIDTQN,12,0.615315,0.7007781661093277
13811,TAAINKGILVTVNPI,12,0.675547,0.7805314709764962
13812,TAAVELARALVRAVA,12,0.558232,0.550855283090774
13813,TAKAPGLVPKLDAAY,12,0.250415,0.3872354091538972
13814,TANVPPADKYKTLEA,12,0.036854000000000005,0.19321563953991586
13815,TASDFWGGAGSAACQ,12,0.0,0.2487336925273569
13816,TATSASAGWDTVLQS,12,0.230304,0.4025341534448248
13817,TCVLGKLSQELHKLQ,12,0.09113099999999999,0.4673636782575783
13818,TDALRTLGSTSADEV,12,0.607799,0.6152965896630482
13819,TDFAGKTVWFVPSIK,12,0.58686,0.8117241519126541
13820,TDKMFFVKNPTDTGH,12,0.221201,0.7201776255047639
13821,TDTTPFGQQRVFKEK,12,0.205354,0.4549410315951838
13822,TFYGSNPRGAAPDDH,12,0.0,0.25189294468826334
13823,TGSRWCCWPVVPVAL,12,0.372392,0.6433200748970268
13824,THMMIWHSNLNDATY,12,0.186178,0.8365911819179921
13825,THMMIWHSNLNDTTY,12,0.18636,0.8403651601729951
13826,TIAAMMTSPLSVASM,12,0.561826,0.8846987443117513
13827,TISNNLFFNHHKVML,12,0.493543,0.8654725902659566
13828,TKFFYLLGLSAIMQV,12,0.394034,0.91772540676726
13829,TKKFDEVVKANGGYL,12,0.559558,0.5050748514018176
13830,TKVIMGAVLIWVGIN,12,0.14641500000000002,0.7857545436139205
13831,TKVTFHVVGVGPLLH,12,0.688605,0.7936972140407881
13832,TLELLYADTVAFCFR,12,0.5082979999999999,0.7643735411358239
13833,TLGSTSADEVQRMMA,12,0.418495,0.276963163461398
13834,TLSYYKLGASQRVGT,12,0.528644,0.8789689057574451
13835,TNFKYNYSVIEGGPI,12,0.573321,0.8420327271139024
13836,TPLTLVDICFWSTLF,12,0.160685,0.5599866911046563
13837,TPTNASHIQSAVVCG,12,0.356531,0.7596656307086497
13838,TQTMKGVERLAVMGD,12,0.30977,0.5869191309314304
13839,TRKYLPAIVREAIKR,12,0.641127,0.8364699616635043
13840,TRSAYERMCNILKGK,12,0.215548,0.6405375540272001
13841,TSALIWMASPPEVHS,12,0.182586,0.8421213329950612
13842,TSLSVSLVLVGVVTL,12,0.542578,0.7084165338667621
13843,TSSDDQITLIKTPSL,12,0.9412709999999999,0.7119136877834855
13844,TTEMLSRALKKVPVD,12,0.6942050000000001,0.7199781668193743
13845,TTRLYANASIGLFGA,12,0.244727,0.8570194318685721
13846,TTRQYANASIGLFGA,12,0.063694,0.8031677038887527
13847,TVAAAPQVKYAVFEA,12,0.15323299999999998,0.6756241571019242
13848,TVGTKTFLVHREWFM,12,0.88982,0.7100076686781972
13849,TVLAFPAGVCPTIGV,12,0.516675,0.5986050200706767
13850,TVSTFIDLNITMLED,12,0.40694400000000003,0.8111942280263562
13851,TWQGGSGMASHIIYE,12,0.234208,0.6829963696816931
13852,TYSQLMTLKDAKMLQ,12,0.680752,0.7966741349170758
13853,VAPIEHIASMRRNYF,12,0.418,0.7981457308677872
13854,VATLSEALRIIAGTL,12,0.5856520000000001,0.8891280318658035
13855,VAYFNMVYMPASWVM,12,0.60541,0.8523111269248697
13856,VDGRGNYNTDLLPDW,12,0.0,0.1736845274496671
13857,VDIKPKDSDEFIPMK,12,0.15878299999999998,0.1906914318808765
13858,VDLAKSLRIAAKIYS,12,0.736627,0.9090694926136726
13859,VEALYLVCGERGFFY,12,0.195793,0.3883884806130212
13860,VEDEARRMWASAQNI,12,0.449892,0.5997296174447938
13861,VEKSQLLNEFNNLYA,12,0.6194109999999999,0.5574818043383637
13862,VFEAALTKAITAMSE,12,0.826192,0.8537957759828799
13863,VFGNCEGVKIIGISI,12,0.17641600000000002,0.40221146777292305
13864,VFGSAFQGLFGGLNW,12,0.178277,0.500530976092484
13865,VGLSYSQTMLLKDLM,12,0.875719,0.8555709758324047
13866,VGNVAWMHVLAAKYI,12,0.6327550000000001,0.909594044095977
13867,VGQQAVEVWQGLALL,12,0.228269,0.2864798931925267
13868,VHAQTVEDEARRMWA,12,0.075227,0.13065781357891698
13869,VIGVAFLAVFQSATK,12,0.262069,0.9157159336769709
13870,VIPANWKPDTVYTSK,12,0.24838200000000002,0.338657249705618
13871,VKGDPVGILYAVFKA,12,0.347076,0.6016447852402287
13872,VKIEYSGTNNKTMAV,12,0.693778,0.7198154110823802
13873,VKPLYIITPTNVSHI,12,0.98565,0.9215439528248911
13874,VKQNTLKLATGMRNV,12,0.596374,0.7190187335884003
13875,VKYAVFEAALTKAIT,12,0.87745,0.9254135335561882
13876,VLAFITFLRVLSIPP,12,0.8454360000000001,0.8795418673530612
13877,VLDILTANKLIRQKL,12,0.706381,0.8105104557477599
13878,VLRTKLMTSRRVLER,12,0.595386,0.8251037731419731
13879,VNYWFAPGAAAAPLS,12,0.595528,0.7893810988090675
13880,VPFVQWFVGLSPTVW,12,0.530936,0.8440750779159198
13881,VPKKKKDKDIPQSSE,12,0.08693300000000001,0.2731050508557969
13882,VPPADKYKTFEAAFT,12,0.406479,0.8238601911713482
13883,VQHENLKYTVIITVH,12,0.627181,0.806677224239543
13884,VQNTVEDLKLNTLGR,12,0.28786799999999996,0.3867984653324059
13885,VQYENLKYTVIITVH,12,0.62544,0.8290485936409021
13886,VRILRRVHHRKYLTD,12,0.8362059999999999,0.6197765310316385
13887,VRSGGHDYEGLSYRS,12,0.143529,0.11152130553758682
13888,VSEALRIIAGTLEVH,12,0.338864,0.8364701704524699
13889,VSIISILKGVINIWG,12,0.635354,0.7996559288090217
13890,VSVDCSEYPKPDCTA,12,0.031148000000000002,0.11944220812355559
13891,VSWVMKIGIGVLLTW,12,0.37039099999999997,0.7464369523413182
13892,VTMNDVKIEYSGTNN,12,0.49555200000000005,0.5468938300046906
13893,VTVDAAVLAAIDADA,12,0.204002,0.3442412399319727
13894,VVLGLATSPTAEGGK,12,0.185921,0.7082946048121163
13895,VVSRLLIPVPFDPPA,12,0.44764499999999996,0.7728719685485784
13896,VWRIDTPDKLTGPFT,12,0.270066,0.30889560334606336
13897,VYQFKSVEFDMSHLN,12,0.45248999999999995,0.6803390660426902
13898,WAFCEVLTLATGPIL,12,0.767522,0.8590036516739017
13899,WAFCEVLTLATGPVL,12,0.683341,0.7780738532657927
13900,WAVKPKAVRQIEDQL,12,0.393002,0.500981097734774
13901,WEQIFSTWLLKPGAG,12,0.6391899999999999,0.805179164045988
13902,WFIISIVQMAPVSAM,12,0.465347,0.914160227186484
13903,WGAIWRIDTPDKLTG,12,0.370798,0.4885774010189861
13904,WGAIWRIDTPEVLKG,12,0.488071,0.6162918739463225
13905,WIELKESWGAVWRID,12,0.523963,0.6538037864817684
13906,WKPDTVYTSKLQFGA,12,0.231396,0.6378338603658404
13907,WNRKELLVTFKNAHA,12,0.44686099999999995,0.9165499111475433
13908,WPKSHTLWSNGVLES,12,0.200799,0.7801002846075219
13909,WQKGEEVQVIAVEPG,12,0.21464,0.22184278584933118
13910,YANYRDIDLGRNEVV,12,0.34599,0.4543913724216615
13911,YAVFEAALTKAITAM,12,0.8268190000000001,0.9357783080627451
13912,YDKFLAFVSTVLTGK,12,0.747508,0.9850525771518222
13913,YDKFLALVSTVLTGK,12,0.7870560000000001,0.9721374230741087
13914,YDKFLANESTVLTGK,12,0.639638,0.9687275521972477
13915,YDKFLANKSTVLTGK,12,0.772069,0.9832612225721803
13916,YDKFLANQSTVLTGK,12,0.706549,0.9870724099329314
13917,YDKFLANVCTVLTGK,12,0.5447270000000001,0.9877931210590944
13918,YDKFLANVHTVLTGK,12,0.606008,0.9874256796434142
13919,YDKFLANVNTVLTGK,12,0.673559,0.9817680289791444
13920,YDKFLANVTTVLTGK,12,0.683238,0.9904944657764533
13921,YDKFLANYSTVLTGK,12,0.716865,0.9916365096523863
13922,YDKFLATVSTVLTGK,12,0.773241,0.9826479210561717
13923,YEALIKLLPFSKRIR,12,0.24374099999999999,0.8324456260988087
13924,YEYKVQQAMSNLVLG,12,1.0,0.8541782540040702
13925,YFNMVYMPASWVMRI,12,0.6738770000000001,0.9180315514160413
13926,YGFVANFSMELPSFG,12,0.807811,0.770841899500586
13927,YGIAAENVIDVKLVD,12,0.498704,0.6426484537307019
13928,YKDVDKPPFSGMTGC,12,0.0,0.23263117796905047
13929,YKKLRTSSFALNLPT,12,0.836097,0.8969115967828782
13930,YLAILVKYVDGDGDV,12,0.494508,0.6723438737929325
13931,YLEEHPSAGKDPKKT,12,0.046862,0.09511413609019326
13932,YNFATCGLIGLVTFL,12,0.44023599999999996,0.8020761582626045
13933,YPFIEQEGPEFFDQE,12,0.201601,0.17224835807618108
13934,YRKILRQRKIDRLID,12,0.321792,0.5602851530082488
13935,YTTEGGTKGEAKDVI,12,0.115104,0.08634756725112318
13936,YVVSSFDNIKVFLEG,12,0.187639,0.6571829000668258
13937,YWTIVKPGDILLINS,12,0.757016,0.7751757534305832
13938,AALHPFALLLVLAGWK,12,0.453454,0.6517927610636621
13939,DKGIPFMKMNISVIMK,12,0.668799,0.8960812279462909
13940,MYYVSGARSNVTFTVK,12,0.656779,0.9383570184422128
13941,PKQMLVGGVVLLGAMK,12,0.588314,0.8209688899999753
13942,QPFLGLCAFLATRIFK,12,0.7560899999999999,0.80853677273491
13943,ALWNLHGQALFLGIVL,12,0.555996,0.6975581856541467
13944,CSAVPVHWVPTSRTTW,12,0.5965189999999999,0.591324061178615
13945,DKLKQQRDTLSTQKET,12,0.052351999999999996,0.1304137371367755
13946,EEDKENALSLLDKIYT,12,0.28636100000000003,0.5052532270034349
13947,EGELHGRQIRMAKLLG,12,0.335623,0.5224341029481211
13948,EPQGSTYAASSATSVD,12,0.578148,0.908836547136101
13949,FRNVLSIAPIMFSNKM,12,0.787187,0.8715891078681015
13950,GKWYLKAMTADQEVPE,12,0.523816,0.6413330738012186
13951,GVINIMYMHDSDDVLF,12,0.19289,0.6395846440485446
13952,HGRQIRMAKLLGRDPE,12,0.202272,0.3921279990652992
13953,HGRQIRMAKLLTRDPE,12,0.179111,0.5728142280840945
13954,KFDSQLAHRHMARELH,12,0.378347,0.41522286185056445
13955,KGLMNIALAISAQQVN,12,0.513295,0.876075336829973
13956,LAAIIFLFGPPTALRS,12,0.242585,0.8547747789080903
13957,LKAMTADQEVPEKPDS,12,0.0,0.17406445787150243
13958,LNKIVRMYSPVSILDI,12,0.79323,0.8850004388931704
13959,LWWSTMYLTHHYFVDL,12,0.198872,0.7922917604831363
13960,MAKLLGRDPEQSQEAL,12,0.5264260000000001,0.18444201811573238
13961,MVSRLLLNRFTMTHRR,12,0.577283,0.8220872769518579
13962,QPEWFRNVLSIAPIMF,12,0.7703369999999999,0.8992201425472907
13963,RQIRMAKLLGRDPEQS,12,0.09297799999999999,0.355091878180038
13964,SPEVIPMFSALSEGAT,12,0.272307,0.8488967302118617
13965,SSIIFGAFPSLHSGCC,12,0.280495,0.8849878381675796
13966,SVTALPSKGLEHLKEL,12,0.084687,0.5806433898823649
13967,WNRQLYPEWTEAQRLD,12,0.758386,0.4884637037591545
13968,IWYMWLGARYLEFEAKK,12,0.787187,0.47047205752027543
13969,KKEGNTSLLWNGPMAVS,12,0.584113,0.5355852751625524
13970,KKSGARSNVTFTVNQTS,12,0.42920600000000003,0.6796176910724542
13971,NSYIAEMETESWIVDKK,12,0.450747,0.4456517157259175
13972,TVFGSAFQGLFGGLNKK,12,0.33053,0.4987225338525432
13973,VLTLGAAMVEIALGGKK,12,0.384763,0.6836878834803904
13974,WLGARYLEFEALGFLKK,12,0.60734,0.46456960893716087
13975,AIQQVRSLIGNEEFLDY,12,0.690276,0.4429338353888152
13976,CVDAKMTEEDKENALSL,12,0.242019,0.1904367965269164
13977,EHREVLWKFDSQLAHRH,12,0.36649299999999996,0.6354245115229703
13978,FERQYKELQTQAEDDRR,12,0.074294,0.28204467585659243
13979,GAVSFWMCSNGSLQFRI,12,0.486063,0.7313212449003161
13980,IGNTVTPTVTFTMDGDK,12,0.20191099999999998,0.5808154847302226
13981,KIPGGAMYADDTAGWDT,12,0.18768800000000002,0.1655168044335608
13982,LTYQNKVVKVQRPTPKG,12,0.444773,0.7367964395828804
13983,MVTQMAMTDTTPFGQQR,12,0.593884,0.6076967112543932
13984,PETPNMDVIGERIKRIK,12,0.36143400000000003,0.2509957316366354
13985,PTPKGTVMDIISRKDQR,12,0.0,0.3145132586749404
13986,PWDVVPMVTQMAMTDTT,12,0.278225,0.5642172986906282
13987,TESTFKNISCTFKFGEE,12,0.5345810000000001,0.7708038779309546
13988,TLSIGYHANNSTDTEDT,12,0.0,0.8458192497513394
13989,VVKVQRPTPKGTVMDII,12,0.22174699999999997,0.32030174125908534
13990,WLGARYLEFEALGFLNE,12,0.698008,0.4021148348485011
13991,YAHAAHAAHAAHAAHAA,12,0.162466,0.24464130029334655
13992,YLGKREDQWCGSLIGLT,12,0.26723,0.3999045276095352
13993,DTPYLDITYHFVMQRLPL,12,0.624297,0.3366673299825891
13994,FESTGNLIAPEYGFKISY,12,0.425072,0.3800342444964463
13995,LRAEQASQEVKNWMTETL,12,0.185109,0.1740757033386999
13996,MSSFLGKWKLSESHNFDA,12,0.602712,0.5210991114346163
13997,NVTENFNMWKNNMVEQMH,12,0.57267,0.32875465851977365
13998,PAEILRKSRRFAQALPVW,12,0.645571,0.5724770007355799
13999,PVGDIYKRWIILGLNKIV,12,0.549251,0.29097315028954795
14000,PVGEIYKRWIILGLNKIV,12,0.373697,0.29097315028954795
14001,SCIAIGIITLYLGAVVQA,12,0.258148,0.6394868614141895
14002,SELYLYKVVKIEPLGVAP,12,0.719274,0.6178722553070636
14003,SVLSVKLAGNSSLCSTSG,12,0.0,0.5324722121437588
14004,VPPVVRWLNEQRYYGGGY,12,0.0,0.21335322305132245
14005,WIILGLNKIVRMYSPISI,12,0.518977,0.5840881037353871
14006,WIILGLNKIVRMYSPTSI,12,0.567646,0.3702634911412225
14007,WIILGLNKIVRMYSPVSI,12,0.479853,0.5852023759303951
14008,WVKVVEEKGFNPEVIPMF,12,0.24597600000000003,0.23798054325524798
14009,YVDRFFKTLRAEQASQDV,12,0.372778,0.7132832280602043
14010,YVDRFYKTLRAEQASQEV,12,0.474655,0.6395191199734914
14011,GEIYKRWIILGLNKIVRMY,12,0.289373,0.43458176259737913
14012,KLPKPPKPVSKMRMATPLL,12,0.404559,0.7469837275479225
14013,LGVLLLIGCWYCRRRNGYR,12,0.181175,0.2528181047093041
14014,LPPWFPPMVEGAAAEGDDG,12,0.0,0.3300881914154991
14015,WEALKYLWNLLQYWGQELK,12,0.36281599999999997,0.5610784415141645
14016,YEKVRSQLKNNAKEIGNGC,12,0.0,0.5007894657656853
14017,AALLVVAVGLRVVCAKYALA,12,0.568045,0.6246817828161244
14018,AVDDYAGYLLDKNQSDLVTN,12,0.307804,0.5760883534188289
14019,CPRYVKQLTKLATGMRNVPE,12,0.050314,0.778733434339084
14020,DPWFAHGTPMPKIQNVSSSD,12,0.0,0.1454830820921395
14021,DTEVHNVWATQACVPTDPNP,12,0.237065,0.7222781597661394
14022,EAKYDAYVATLSEALRIIAG,12,0.733681,0.9184325526803607
14023,EIMKHIVKIEVKGEEAVKKE,12,0.490059,0.4719392116631876
14024,EQYTHQDEIYEQVHSKGLYV,12,1.0,0.5660186774988638
14025,EYIRIDAKVVPKSKIDTKIQ,12,0.7703369999999999,0.7081649439523521
14026,EYLNKIQNSLSTEWSPCSVT,12,0.44624899999999995,0.6849452340295048
14027,FEERDAVLLGGSSDNEFVKL,12,0.348645,0.605221867541675
14028,FPQPQLPYSQPQPFRPQQPY,12,0.0,0.07567724234798918
14029,GFGMLLRKYGIAAENVIDVK,12,0.5717180000000001,0.7944937851591342
14030,GSSDNEFVKLAWRREHKDLD,12,0.318123,0.7387777542311569
14031,HAPAAPANPGLIIGALAGST,12,0.428014,0.2560567026127589
14032,HIDLLVGSATLCSALYVGDL,12,0.41547700000000004,0.7571228753105618
14033,IEPIVATNWQKLEAFWHKHM,12,0.533094,0.7292424751690965
14034,KDKWIELKESWGAIWRIDTP,12,0.44228500000000004,0.6350637586301505
14035,KELLNRIQVDSSNPLSEKEK,12,0.668799,0.5329838414207007
14036,KIIGGIGGFVKVRQYDQIPI,12,0.388554,0.17632649303266298
14037,KMIGGIGGFVKVRQYDQIPI,12,0.400133,0.07223258122114885
14038,KRWIILGLNKIVRMYSPTSI,12,0.567545,0.8358564539731116
14039,LIIGALAGSTLAALVIGGIA,12,0.563359,0.6993568738136212
14040,LLQELCCQHLWQIPEQSQCQ,12,0.0,0.18188349308537197
14041,LTTSQTLLFNILGGWVAAQL,12,0.403143,0.6703028938709392
14042,LYKYKVVKIEPLGVAPTKAK,12,0.8132060000000001,0.7459715909420671
14043,MYVGGVEHRLEAACNWTRGE,12,0.228454,0.5204921712213614
14044,PAEILRKSRRFAQALPVWAR,12,0.767444,0.6242137348141676
14045,PEAFNYMDKFNEQEINLSLE,12,0.654552,0.42716618579169746
14046,PEAKYDAYVATLSEALRIIA,12,0.59385,0.8762306599473888
14047,PELVPEDPEDSALLEDPAGT,12,0.173077,0.16226583442422007
14048,PHHTALRQAILCWGELMTLA,12,0.397752,0.5726688952264598
14049,QHRDVLQLYAPEAFNYMDKF,12,0.591596,0.5320743317833769
14050,QNPSQQQPQEQVPLVQQQQF,12,0.0,0.0708395024582137
14051,RNKTQEEHLKEIMKHIVKIE,12,0.598531,0.7688026878781462
14052,SEGFIHEFGHAVDDYAGYLL,12,0.5494180000000001,0.7060843337706304
14053,SKKFIDIFKEEGSNLTSYGR,12,0.47222299999999995,0.5891490869084209
14054,VATLSEALRIIAGTLEVHAV,12,0.567489,0.8330922899927248
14055,VENTEKALNVYYEIGKILSR,12,0.668799,0.7733129180468923
14056,VHFQPLPPAVVKLSDALIAT,12,0.295618,0.7668829930594653
14057,VRVPVPQLQPQNPSQQQPQE,12,0.0,0.08322716445193092
14058,WGAIWRIDTPDKLTGPFTVR,12,0.313172,0.3419358984590373
14059,YIITPTNVSHIQSAVVSGRR,12,0.687121,0.7929506932441288
14060,YYEIGKILSRDILSKINQPY,12,0.8718739999999999,0.7626421541962054
14061,DKGIPFMKMNISVIMHHHHHH,12,0.573455,0.9486430447725978
14062,EQEILNYMSPHHKKLHHHHHH,12,0.43743999999999994,0.9158759028194595
14063,GAGKTRRFLPQILAEHHHHHH,12,0.654552,0.937563486780285
14064,GSRAIWYMWLGARYLHHHHHH,12,0.583091,0.9598579117237409
14065,HTMWHVTRGAFLVRNHHHHHH,12,0.68565,0.926786226945203
14066,IHLVIHRIRTLIGQEHHHHHH,12,0.676841,0.7771418050824186
14067,IHRIRTLIGQEKYTDHHHHHH,12,0.33674699999999996,0.6011563830778036
14068,IWYMWLGARYLEFEAHHHHHH,12,0.529787,0.9446158760379679
14069,KNPVVDGNPTVDIEEHHHHHH,12,0.21910300000000002,0.7874316040325481
14070,LPQILAECARRRLRTHHHHHH,12,0.44262399999999996,0.8970480263281478
14071,LTAAINKGILVTVNPHHHHHH,12,0.579116,0.9547840815615422
14072,MFFVKNPTDTGHGTVHHHHHH,12,0.268269,0.856912475904412
14073,MYMWLGARYLEFEALHHHHHH,12,0.640305,0.9680070477637056
14074,TRRFLPQILAECARRHHHHHH,12,0.418512,0.8270633697423942
14075,CPKYVRSAKLRMVTGLRNIPS,12,0.25291199999999997,0.8412458493032486
14076,LENGKLILQRNIGLEIKDVQI,12,1.0,0.6013567361283948
14077,STRLRMVTGLRNVPSIQSKGL,12,0.201027,0.7215346718904416
14078,VLVMLVLLILAYRRRWRRLTV,12,0.606029,0.5349385648089449
14079,AAILRRHIDLLVGSATLCSALY,12,0.0,0.6038773064418168
14080,WARMILMTHFFSVLIARDQLEQ,12,0.0,0.8786615403510274
14081,KNLYEKVKSQLKNNAKEEIGNGC,12,0.0,0.5249929073887628
14082,AARVTQILSSLTITQLLKRLHQWI,12,0.0,0.9169351794301344
14083,LPKPPKPVSKMRMATPLLMGALPM,12,0.659061,0.6409140799432524
14084,LPKPPKPVSKMRMATPLLMQALPM,12,0.659061,0.6992724741373314
14085,PQCRLTPLSRLPFGMAPGPGPQPG,12,0.560657,0.5785871496560843
14086,YLPKPPKPVSKLRLATPLLLQALPL,12,0.718615,0.5565691090336083
14087,KTSLYNLRRGTALAIPQCRLTPLSRL,12,0.9359370000000001,0.7605201378484205
14088,IGLEIKDVQIIKQSEKEYIRIDAKVVP,12,0.820152,0.7178502714023065
14089,ITQFILEHRAKGSCKYALPLRIPPSACLSPQ,12,0.718615,0.9320477282540287
14090,EDNLGFLMHAPAFETAGTYLRLVKINDWTEITQF,12,0.46803500000000003,0.9974915855856681
14091,LLVSGWNSITV,13,0.442846,0.1066170059176098
14092,SLAEGIVLASA,13,0.0,0.17006362670338565
14093,NANPNANPNANP,13,0.0,0.012909504439811887
14094,AVFEAALTKAITA,13,0.14875,0.7318637776627267
14095,DKFKIFEAAFSES,13,0.020624,0.4516751433077963
14096,DPIELNATLSAVA,13,0.0,0.342122723489514
14097,VKYAVFEAALTKA,13,0.111275,0.7813709905995233
14098,AEMETESWIVDRQWA,13,0.0,0.2832225959219746
14099,AEMVIHHQHVQDCDE,13,0.528091,0.4858517495632315
14100,AGWLFHVRGARRSGD,13,0.666267,0.7674194718244853
14101,AMTDTTPFGQQRVFK,13,0.286572,0.326019339719478
14102,ATPPGTSDEFPHSNG,13,0.167001,0.03671161582042598
14103,CEHLEDGIYGIFQST,13,0.0,0.29341505239794846
14104,CGSYVTKTSGSAASM,13,0.534468,0.7256444082761521
14105,CTDKMFFVKNPTDTG,13,0.634813,0.5094919739681989
14106,DCRTAFKPVLVDEGR,13,0.621587,0.8570620566382254
14107,DGGGFYADDTAGWDT,13,0.291983,0.09284183162027708
14108,DLDDEQEILNYMSPH,13,0.0,0.1202978978583159
14109,DQGCSSALGSGPYGA,13,0.0,0.0741572472129049
14110,DQRGSGQVVTYALNT,13,0.20754899999999998,0.56051158609622
14111,EEPDDIDCWCYGVEN,13,0.0,0.084945323350546
14112,EERVERIKSEYMTSW,13,0.24029299999999998,0.5858973390100516
14113,EHEILNDSGETVKCR,13,0.0,0.21296631820497072
14114,EQEILNYMSPHHKKL,13,0.41384,0.6661824562327767
14115,ERIKSEYMTSWFYDN,13,0.22932399999999997,0.579697371042867
14116,ERKLHQQGRCRTCVY,13,0.41614700000000004,0.36385415591099934
14117,FEALGFLNEDHWASR,13,0.282437,0.33988258844720065
14118,FHVRGARRSGDVLWD,13,0.611388,0.6216417541804361
14119,FSSAGGFFTSVGKGI,13,0.695388,0.4156229863153399
14120,FTQTMKGVERLAVMG,13,0.714316,0.6069029949685876
14121,FYADDTAGWDTRITE,13,0.19484400000000002,0.1619540596123164
14122,GAAMVEIALGGVMGG,13,0.336464,0.24744351544125684
14123,GAGKTRRFLPQILAE,13,0.398163,0.7811990311143167
14124,GAMLVGQVTLLDLLK,13,0.5664100000000001,0.508116856802184
14125,GCSSALGSGPYGALG,13,0.0,0.21127857636488925
14126,GDSYYYSEPTSENNA,13,0.310743,0.21513736659093025
14127,GETVKCRAPGGAKKP,13,0.446018,0.15431396542775255
14128,GGVFHTMWHVTRGAF,13,0.679685,0.6723942093879853
14129,GKCDSAGRSRRSRRA,13,0.156346,0.17932825453043258
14130,GKEFIRCLALPFRGY,13,0.631325,0.6668039241826872
14131,GKGEWMTTEDMLEVW,13,0.316236,0.30485763004278676
14132,GKNLVFSPGRKNGSF,13,0.561458,0.6517785416433954
14133,GKTFSVGTGNCTTNI,13,0.254176,0.25970785069034247
14134,GLALSHLNAMSKVRK,13,0.48931899999999995,0.8167215948976141
14135,GLCAFLATRIFGRRS,13,0.47757799999999995,0.9081936850412863
14136,GLFGGLNWITKVIMG,13,0.530936,0.7155522291431613
14137,GLRTLWSPRERLVLT,13,0.695388,0.8259164877951344
14138,GPLDKEAIEERVERI,13,0.0,0.1335941159181029
14139,GPLIEGNTSLLWNGP,13,0.0,0.20744246380093953
14140,GPLRISASSAAQRRG,13,0.47533500000000006,0.573870627626786
14141,GRTTWSIHGKGEWMT,13,0.47757799999999995,0.2438895892618404
14142,GRWDGEEEVQLIAAV,13,0.0,0.10939522219732503
14143,GSRAIWYMWLGARYL,13,0.545279,0.6609464429082923
14144,GTSDEFPHSNGEIED,13,0.0,0.03563568648108139
14145,HGVAKNPVVDGNPTV,13,0.15098499999999998,0.2090817826852944
14146,HTMWHVTRGAFLVRN,13,0.702501,0.7934894896862323
14147,HVTRGAFLVRNGKKL,13,0.656779,0.8113557921820297
14148,IEEAPEMPALYEKKL,13,0.235256,0.4128927996715748
14149,IGKLFTQTMKGVERL,13,0.7102069999999999,0.6035848373261365
14150,IHHQHVQDCDESVLT,13,0.244493,0.13681860724302172
14151,IHLVIHRIRTLIGQE,13,0.671403,0.8973097866752706
14152,IHRIRTLIGQEKYTD,13,0.47629,0.6238982001460707
14153,INKGILVTVNPIAST,13,0.6086699999999999,0.6825590178220062
14154,ISGSSARYDVALSEQ,13,0.0,0.3479389798974938
14155,ISRRDQRGSGQVVTY,13,0.157863,0.18195996397452538
14156,KEAIEERVERIKSEY,13,0.0,0.16367124873138789
14157,KEFIRCLALPFRGYL,13,0.656779,0.7611603945473533
14158,KGIHTVFGSAFQGLF,13,0.204071,0.3968971142677206
14159,KKGMTTVLDFHPGAG,13,0.21637399999999998,0.5390618026851345
14160,KNPTDTGHGTVVMQV,13,0.0,0.09459901100685163
14161,KNPVVDGNPTVDIEE,13,0.0,0.05961008877492482
14162,KRVPMALQHFGWEVM,13,0.309946,0.5566259606436971
14163,KTKNKTNWKQTWTFK,13,0.47790299999999997,0.15491378890147964
14164,KYSYYPEDPVKLASI,13,0.17809,0.5906862688251342
14165,LAEGIVLASAALGPL,13,0.615622,0.670163674307187
14166,LDKRQFELYKRTDIV,13,0.554493,0.6318674678517734
14167,LGLTQPFLGLCAFLA,13,0.396935,0.5299835979574938
14168,LLVLAGWLFHVRGAR,13,0.373272,0.6490338863084024
14169,LNDSGETVKCRAPGG,13,0.171029,0.18605313162919337
14170,LNYMSPHHKKLAQAV,13,0.569865,0.6583138517538083
14171,LPQILAECARRRLRT,13,0.589395,0.6556102758371284
14172,LQEIPTMLKKGMTTV,13,0.571643,0.7480724244509193
14173,LQYGWKTWGKNLVFS,13,0.5689890000000001,0.5137074356458785
14174,LRLGKEFIRCLALPF,13,0.49462399999999995,0.5688217203055076
14175,LRTLVLAPTRVVLSE,13,0.714316,0.9428321238280367
14176,LSEEKVPWDQVVMTS,13,0.273109,0.3298307651353301
14177,LSFMDKGIPFMKMNI,13,0.614189,0.5405846250031673
14178,LTAAINKGILVTVNP,13,0.30734,0.747098992441201
14179,LVDEERKLHQQGRCR,13,0.19607,0.29260274561758465
14180,LWSPRERLVLTLGAA,13,0.516031,0.5967289184004506
14181,MFFVKNPTDTGHGTV,13,0.479545,0.5184568380601401
14182,MKGVERLAVMGDTAW,13,0.6920270000000001,0.42448417877356187
14183,MLGARYLEFEALGFL,13,0.367873,0.504787955057757
14184,MSIHGKGEWMTTEDM,13,0.21849200000000002,0.20391209546980454
14185,NLWKMKTGRRGSANG,13,0.659061,0.742131355735367
14186,NSYIAEMETESWIVD,13,0.0,0.265641576802903
14187,NVYQRGTHPFSRIRD,13,0.560657,0.5850161864867326
14188,PFSRIRDGLQYGWKT,13,0.334858,0.380370967897195
14189,PSWASVKEDLVAYGG,13,0.190446,0.46778441378076185
14190,PTMLKKGMTTVLDFH,13,0.626328,0.7384407388606667
14191,PTSENNAHHVCWLEA,13,0.0,0.18190895098072013
14192,PTVDIEEAPEMPALY,13,0.0,0.11171802544053508
14193,QRMFTREELIHFPEF,13,0.45002200000000003,0.4479584786013088
14194,RERLVLTLGAAMVEI,13,0.510312,0.7179008371668387
14195,RGTHPFSRIRDGLQY,13,0.274144,0.5360554765176181
14196,RLGKEFIRCLALPFR,13,0.545956,0.6389638978674588
14197,RMLEPTRVVNWEVII,13,0.352084,0.517986556297936
14198,RTLIGQEKYTDYLTV,13,0.461269,0.34967172484078096
14199,RVAYGKCDSAGRSRR,13,0.162958,0.2615284873266338
14200,RYLEFEALGFLNEDH,13,0.535676,0.30954729273262005
14201,SAFQGLFGGLNWITK,13,0.49269399999999997,0.41018846183340324
14202,SARYDVALSEQGEFK,13,0.0,0.3385233966551184
14203,SEYMTSWFYDNDNPY,13,0.376583,0.13651719398274617
14204,SGARSNVTFTVNQTS,13,0.0,0.5323759738708336
14205,SGSAASMVNGVIKIL,13,0.33910799999999997,0.6576664005793073
14206,SHLNAMSKVRKDISE,13,0.529219,0.7199858626243881
14207,SNVTFTVNQTSRLLM,13,0.602204,0.8475911700590627
14208,SVGTGNCTTNILEAK,13,0.0,0.1501614707952143
14209,SVKEDLVAYGGSWKL,13,0.21381599999999998,0.5177345412833279
14210,TARRHLAEGKVDTGV,13,0.0,0.3197506430801472
14211,TESWIVDRQWAQDLT,13,0.34929,0.2949699389337728
14212,TLTYRMLEPTRVVNW,13,0.648176,0.9133392062588097
14213,TPFSLAEGIVLASAA,13,0.41127299999999994,0.6970165548383387
14214,TRRFLPQILAECARR,13,0.48713599999999996,0.5357705959313412
14215,TRVVLSEMKEAFHGL,13,0.376474,0.5616867692920011
14216,VADDLTAAINKGILV,13,0.295443,0.5366138693970988
14217,VAIKGPLRISASSAA,13,0.400106,0.7460359818079189
14218,VDFGNSYIAEMETES,13,0.22770300000000002,0.19942672329546648
14219,VDGNPTVDIEEAPEM,13,0.0,0.05806849790089535
14220,VDRDTARRHLAEGKV,13,0.0,0.3509792457721834
14221,VEIALGGVMGGLWKY,13,0.34205399999999997,0.4038927682036614
14222,VLAPTRVVLSEMKEA,13,0.5264260000000001,0.6884938160093361
14223,VLAPYMPDVLEKLEL,13,0.333689,0.37776390404176424
14224,VLEKLELLQRRFGGT,13,0.611388,0.7373352359782427
14225,VPTSWVPQGRTTWSI,13,0.38876900000000003,0.22896102236296934
14226,VTKTSGSAASMVNGV,13,0.0,0.34163011913152913
14227,VTRMAMTDTTPFGQQ,13,0.190926,0.3911211127880542
14228,WKTWGKNLVFSPGRK,13,0.232975,0.7446543593204488
14229,WSIHGKGEWMTTEDM,13,0.276213,0.21547609240652463
14230,WVPQGRTTWSIHGKG,13,0.42182299999999995,0.32306312505860535
14231,YMPDVLEKLELLQRR,13,0.442846,0.39991848152261
14232,YYSEPTSENNAHHVC,13,0.0,0.2092632432545515
14233,QITFMQALQLLLEVE,13,0.0,0.6564382820657122
14234,RGILKRNSSSSSTDS,13,0.0,0.768359112238166
14235,VPFVQWFVGLSPTVW,13,0.276876,0.5092062046737797
14236,AALHPFALLLVLAGWK,13,0.48895200000000005,0.5296392283324463
14237,DKGIPFMKMNISVIMK,13,0.590489,0.8074102367446541
14238,MYYVSGARSNVTFTVK,13,0.47757799999999995,0.8315675296400404
14239,PKQMLVGGVVLLGAMK,13,0.0,0.6544431513911735
14240,QPFLGLCAFLATRIFK,13,0.370686,0.8196944194121658
14241,SLLWNGPMAVSMTGVK,13,0.33119299999999996,0.7579757558641945
14242,IWYMWLGARYLEFEAKK,13,0.57719,0.5878016889027291
14243,KKEGNTSLLWNGPMAVS,13,0.0,0.34213793858065844
14244,KKGLNWITKVIMGAVLI,13,0.57719,0.6556162877286537
14245,KKITKVIMGAVLIWVGI,13,0.400951,0.6241436660430166
14246,KKLVGGVVLLGAMLVGQ,13,0.27110700000000004,0.5815238264737802
14247,KKPFALLLVLAGWLFHV,13,0.293254,0.6060834724668043
14248,KKPFMKMNISVIMLLVS,13,0.0,0.7401362347923923
14249,KKSGARSNVTFTVNQTS,13,0.0,0.5159213763605858
14250,KKTLLDLLKLTVAVGLH,13,0.47888400000000003,0.5504794693939326
14251,KKVGQVTLLDLLKLTVA,13,0.466873,0.4135361087201645
14252,NSYIAEMETESWIVDKK,13,0.158385,0.2529730443353905
14253,SGQVVTYALNTITNLKK,13,0.474078,0.531545436210825
14254,TVFGSAFQGLFGGLNKK,13,0.640305,0.28943559599773255
14255,VLTLGAAMVEIALGGKK,13,0.23805500000000002,0.4637895851001224
14256,WLGARYLEFEALGFLKK,13,0.433734,0.5055940858476031
14257,AVLTGYGLFHKEKMILNE,13,0.184394,0.20482664162702327
14258,AVLTGYGLFHKEKMLLNE,13,0.146919,0.23427105225680805
14259,AVLTGYGLFQKEKMVLNE,13,0.128126,0.25323508043619053
14260,AVLTGYSLFHKEKMILNE,13,0.24577800000000002,0.2428929941706456
14261,EYLNKIQNSLSTEWSPCSVT,13,0.14875,0.5681565564288097
14262,AVLTGYSLFQKEKMVLNEGTS,13,0.170536,0.6687468553465447
14263,DKGIPFMKMNISVIMHHHHHH,13,0.44717799999999996,0.6775277489253606
14264,EQEILNYMSPHHKKLHHHHHH,13,0.41664799999999996,0.8000854506842091
14265,GSRAIWYMWLGARYLHHHHHH,13,0.0,0.9494264966198844
14266,HTMWHVTRGAFLVRNHHHHHH,13,0.5439390000000001,0.837930716956218
14267,IHRIRTLIGQEKYTDHHHHHH,13,0.49269399999999997,0.6524834100478879
14268,IWYMWLGARYLEFEAHHHHHH,13,0.267264,0.8224727410249197
14269,KNPVVDGNPTVDIEEHHHHHH,13,0.0,0.6365383007964397
14270,LTAAINKGILVTVNPHHHHHH,13,0.48858599999999996,0.8856946820384713
14271,MFFVKNPTDTGHGTVHHHHHH,13,0.342279,0.7961581863360817
14272,MYMWLGARYLEFEALHHHHHH,13,0.46891700000000003,0.9341197795074253
14273,TRRFLPQILAECARRHHHHHH,13,0.482575,0.6365981275510317
14274,AAAAAVAAEAY,14,0.0,0.4916077475220392
14275,MSSGSFINISV,14,0.0,0.11277172218009555
14276,GVTYEIDLTNKN,14,0.0,0.18120440611935307
14277,NKIVRMYSPISI,14,0.584118,0.2127291821175354
14278,DMTPADALDDFDL,14,0.0,0.10366894537279413
14279,EEYVEIRQVGDFH,14,0.0,0.17873272276798702
14280,RFYKTLRAEQASQ,14,0.66435,0.6577675756240325
14281,SPEVIPMFSALSE,14,0.9784959999999999,0.5586789706586802
14282,VCGERGFFYTPKT,14,0.24356,0.15143377510711697
14283,EAMSQANSAILMQR,14,0.36349899999999996,0.4468892394182446
14284,EYRSTVNPWASQLG,14,0.565658,0.4387307459811051
14285,KPLLIIAEDVEGEY,14,0.743233,0.2207442483630179
14286,MLFRILSLNLIKIK,14,0.6157560000000001,0.550326378664638
14287,NTSYRLISCNTSVI,14,0.515837,0.2956406388211341
14288,VLAGWLFHVRGARR,14,0.313296,0.5341669994546061
14289,AAAGLAAAAPLESRQ,14,0.7474029999999999,0.45991494611317624
14290,AAGAQLLWQLPLLSI,14,0.054122,0.5237010225321054
14291,AAGVAAWSLIALMIP,14,0.0,0.69904423419209
14292,AALPLLFFALAGQRI,14,0.104501,0.49051958516600275
14293,AAPEAARSLASSLPG,14,0.20331400000000002,0.4047279570056674
14294,AAPLSWSKDIYNYME,14,0.416508,0.30320760814425657
14295,AASGADGTYDITKLG,14,0.066963,0.11497853469433092
14296,AAVELARALVRAVAE,14,0.456796,0.7504128371165669
14297,ADDLTAAINKGILVT,14,0.299485,0.7763657746016235
14298,ADSVKGRFTISRDNS,14,0.394396,0.6154076445744922
14299,AELMILIATNLLGQN,14,0.079688,0.7065568970379288
14300,AENVKPPKVDPATYG,14,0.0,0.2056991121632719
14301,AFKVAAEAANAAPAN,14,0.6395569999999999,0.8869085267903174
14302,AFKVAAKAANAAPAN,14,0.572209,0.9543529636634788
14303,AFKVAAQAANAAPAN,14,0.7653840000000001,0.9263260250938383
14304,AFKVAATAENAAPAN,14,0.7127720000000001,0.9823793210741186
14305,AFKVAATAKNAAPAN,14,0.63841,0.9846960883162713
14306,AFKVAATAQNAAPAN,14,0.800389,0.9814498887467511
14307,AFKVAATAWNAAPAN,14,0.668664,0.9857779177860891
14308,AFKVAATFANAAPAN,14,0.841407,0.9903610475564812
14309,AFKVAATLANAAPAN,14,0.7835979999999999,0.9946770699323733
14310,AFKVAATRANAAPAN,14,0.6340439999999999,0.9865987828990398
14311,AFKVAATYANAAPAN,14,0.812595,0.9853200023505987
14312,AFMLAWNYGVPRVMS,14,0.8416,0.7419441011743454
14313,AFQGLFGGLNWITKV,14,0.277396,0.4953343408787217
14314,AGALEVHAVKPVTEE,14,0.122511,0.4298017480666262
14315,AGAWRTAAVELARAL,14,0.49833599999999995,0.7228482025382109
14316,AGLLGNVSTVLLGGV,14,0.0,0.6487753705309007
14317,AGLLGVVSTVLLGGV,14,0.0,0.5861783316293592
14318,AGLTHMMIWHSNLND,14,0.37324,0.742369511126375
14319,AGMIIMLIPTAMAFH,14,0.937099,0.936436086844163
14320,AGRFEVHAQTVEDEA,14,0.146196,0.18501847692610457
14321,AGVIIMLIPTAMAFH,14,0.9671200000000001,0.9163476684397872
14322,AGVIVMLIPTAIAFH,14,1.0,0.9078362814545112
14323,AGYLVGRKPLAFFSW,14,0.9221239999999999,0.5977083098175696
14324,AHARSYQTLSTQAAA,14,0.565257,0.7780979344008222
14325,AIAGAWENGVCGIRS,14,0.0,0.1748919570245707
14326,AINIFNVEKYGAVGD,14,0.38281,0.6445273594443488
14327,AKPDGKTDCTKEVEE,14,0.0,0.03389901136450151
14328,ALKESWGAIWRIDTP,14,0.41339499999999996,0.5666679073100129
14329,ALLPRAGAAAAAALP,14,0.15401800000000002,0.538114555190088
14330,ALQSHDDVALVSVMW,14,0.069247,0.40350013507676047
14331,ALRVIAGALEVHAVK,14,0.424433,0.7859294207327915
14332,ALTKAITAMSEVQKV,14,0.628655,0.8225825918531965
14333,AMFVEDIAMGYVVSS,14,0.209296,0.33896169251977915
14334,APGAAAAPLSWSKDI,14,0.086922,0.3645231193986836
14335,APNGGFRRIPRGALH,14,0.8918360000000001,0.5015195205919976
14336,AQAVYDFRSIVDYLR,14,0.048229,0.5146852675742638
14337,ARGYISTRVGMGEAA,14,0.0,0.4993155033823032
14338,ASAAILGHDGTVWAQ,14,0.343976,0.12351729718944744
14339,ASIAARGYISTRVGM,14,0.167933,0.7062788368753854
14340,ASLIYRRRLMKQDFS,14,0.0,0.6712061551348034
14341,ASNPNYLAILVKYVD,14,0.657419,0.6148711495695035
14342,ASPLTGIADASQSSM,14,0.0,0.4229325630869359
14343,ASVGKMIDGIGRFYI,14,0.342681,0.3426033279858596
14344,ATPPPPPPPQLGASP,14,0.048172,0.022711567361958156
14345,ATSPTAEGGKATTEE,14,0.0,0.03464330777127204
14346,ATTANVPPADKYKTF,14,0.047356999999999996,0.22590101871617932
14347,AVFEAALTKAITAMS,14,0.428325,0.8685914331760235
14348,AVFEAALTKAITAMT,14,0.44144300000000003,0.8879805374775331
14349,AVGLFIRLLGGESDA,14,0.46259700000000004,0.4487438931506604
14350,AVHVWLRLPAGRVEI,14,0.17977,0.7191104464892021
14351,AVIRGKKGAGGITIK,14,0.186101,0.29382949792562635
14352,AVMLTFDNAGMWNVR,14,0.9316059999999999,0.6406969199391166
14353,AWASACGGTGKNTIV,14,0.0,0.12108729408354443
14354,AYGSFVRTVSLPVGA,14,0.48283100000000007,0.8961642562425222
14355,AYSDDKSMKVTVAFN,14,0.511571,0.5236111832059397
14356,AYTSSDDQISLFDQS,14,0.115722,0.1585085357109562
14357,AYVATVSEALRIIAG,14,0.586519,0.813691439345052
14358,CDASILIDPLSNQSA,14,0.698318,0.34442571417637047
14359,CDGERPTLAFLQDVM,14,0.0,0.4309208360813289
14360,CGGTGKNTIVIPKGD,14,0.0,0.3739544416130719
14361,CGYKDVDKPPFDGMT,14,0.0,0.13320611707368255
14362,CIEYVTLNASQYANC,14,0.177894,0.7115357974958743
14363,CMTVQGGETMNSVIQ,14,0.465368,0.3240962904452981
14364,CPLDHVNTLHFLTRG,14,0.10868599999999999,0.6750394468221994
14365,CQFLKVEKSQLLNEF,14,0.129467,0.4710187196203789
14366,CRSCTLPPLRYMGED,14,0.208458,0.4652948579339915
14367,CSNLSTCVLGKLSQE,14,0.210063,0.4797736067818905
14368,CTGMLKRRLGLMSLS,14,0.947616,0.7075771145701603
14369,DALTLRTATNIWIDH,14,0.598754,0.6180445408065944
14370,DCSEYPKPDCTAEDR,14,0.052989,0.028747267969585957
14371,DEARRMWASAQNISG,14,0.5706600000000001,0.5269189761959052
14372,DEPMVQVEAGKVNHS,14,0.24335900000000002,0.32301169748883296
14373,DESWQQFRQELIPLL,14,0.06652000000000001,0.548571414790701
14374,DFGNSYIAEMETESW,14,0.235744,0.30199172862528956
14375,DGQGKAVWGKNSCAK,14,0.14767,0.2513148577071825
14376,DHTNFKYNYSVIEGG,14,0.34644,0.4764516817517798
14377,DIDLGRNEVVNDVST,14,0.19438,0.3147084514736151
14378,DIFTNSRGKRASKGN,14,0.328838,0.6725024444052059
14379,DIKVQFQSGGNNSPA,14,0.313988,0.3233088576461915
14380,DINASFRAAMATTAN,14,0.429133,0.8110292612066486
14381,DITVKNCVLKKSTNG,14,0.24309899999999998,0.710533020667791
14382,DIYKGVYQFKSVEFD,14,0.21043800000000001,0.3351715656270444
14383,DKKCIEWEKAQHGAC,14,0.593241,0.2593918851070355
14384,DKLTGPFTVRYTTEG,14,0.026229000000000002,0.33665376332750935
14385,DKPFQNVNRITYGAC,14,0.193464,0.4083232478653646
14386,DKVYEILKINSVKYY,14,0.12110699999999999,0.7089861059501072
14387,DLVANQPNLKALREK,14,0.456917,0.450761374441435
14388,DMDKVETFLRIVQCR,14,0.313999,0.5216578564449483
14389,DMLKLFEFNKKAIET,14,0.43023599999999995,0.5179047994209008
14390,DRTELLEMVCFHEFL,14,0.091413,0.26314391223438904
14391,DTFRKDFRVYDNFLR,14,0.38471500000000003,0.317884231150021
14392,DTFRKLFRRYSNFLR,14,0.790003,0.8565102794910713
14393,DVDIIVDARLDLSST,14,0.24162600000000004,0.3129622063962489
14394,DVFYNGAYFVSSGKY,14,0.28010100000000004,0.5110931083108646
14395,EAAFNKAIKESTGGA,14,0.252537,0.5877985040318269
14396,EAVLEDPYILLVSSK,14,0.31438699999999997,0.5316846976179382
14397,EAYRMRFAAVITRVI,14,0.7895340000000001,0.8587588674019462
14398,EEDIEIIPPIQEEEY,14,0.0,0.059349202124232656
14399,EEFVSLASRFLVEED,14,0.7430260000000001,0.6198465437448738
14400,EEIITLNSYGSFQEF,14,0.100319,0.4954595433061832
14401,EFIPMKSSWGAIWRI,14,0.476951,0.5693833423552913
14402,EFVTLAAKFIIEEDS,14,0.583465,0.7153782144784746
14403,EGHHLASAAIFGHDG,14,0.397974,0.6416854215195642
14404,EGHHLASAAILGHDG,14,0.38700100000000004,0.6101299936485377
14405,EGKVVQYENLKYTVI,14,0.666029,0.46897983368137447
14406,EGWPYIACRTSIVGR,14,0.343049,0.734576825165053
14407,EHELYVAVLSNALHR,14,0.1786,0.7307154609546479
14408,EIESCRKNSCECNFE,14,0.0,0.06013627372390923
14409,EITGIMKDFDEPGHL,14,0.32884800000000003,0.11241074945530175
14410,EKMFVSPTPGQRNPY,14,0.491875,0.421895711207157
14411,ELAAVSVDCSEYPKP,14,0.1797,0.27668229935343264
14412,ELKESWGAIWRIDTP,14,0.333313,0.5304519586255255
14413,ELLDQSDVKEPGVSR,14,0.522137,0.13871435017574127
14414,ELYKYKVVKIEPLGV,14,0.470678,0.6909194282450919
14415,EMETESWIVDRQWAQ,14,0.095367,0.30310440024054747
14416,ENEYATGAVRPFQAA,14,0.097936,0.4998004714990909
14417,EQCGRQAGGKLCPNN,14,0.200659,0.08637946075866695
14418,EQFLGALDLAKKRVH,14,0.42298100000000005,0.4654596357117093
14419,ERRNKYLEEHPSAGK,14,0.028735000000000004,0.22932153918302003
14420,ESLHNPYPDYHWLRT,14,0.154637,0.11892204925183524
14421,ESTGGAYDTYKSIPS,14,0.51532,0.16747242143041224
14422,ESWGAVWRIDTPDKL,14,0.660726,0.4286769107260257
14423,ESWIVDRQWAQDLTL,14,0.49165299999999995,0.28590336016235024
14424,ETLMLVALLGAMTAG,14,0.781542,0.7762008018466336
14425,EVFCQTIKLDSEEYH,14,0.301224,0.3803525722914915
14426,EVVKANGGYLAAGKL,14,0.759283,0.336109184273893
14427,EYIEAAKWLLPPPKV,14,0.664045,0.6811365626090681
14428,FARIETAFANLYPGE,14,0.5844779999999999,0.7765755136689206
14429,FAVATITHAAELQRV,14,0.556493,0.664256433264645
14430,FDELELDPPEIEPGV,14,0.07847,0.047369001871097244
14431,FDHEFTFGWDELLSK,14,0.24555900000000003,0.23759460440885616
14432,FDPYGATISATPESA,14,0.24775500000000003,0.6756504306605401
14433,FDREFTFGWDELLSK,14,0.0,0.23759460440885616
14434,FEAAFNDAIKASTGG,14,0.144472,0.6349776174639497
14435,FEFNKKAIETLNDNT,14,0.121223,0.5170375765461003
14436,FENLVAENVKPPKVD,14,0.0,0.5795415139946974
14437,FEQITFMQALQLLLE,14,0.2699,0.6974422090077371
14438,FFVKNPTDTGHGTVV,14,0.222617,0.46471872760295274
14439,FGPASFARIETAFAN,14,0.655512,0.7872468784036847
14440,FGTMPSLTLACLTKQ,14,0.41658599999999996,0.7255302392490194
14441,FIMAYVNQAHHIDLM,14,0.810938,0.5377397391311608
14442,FIVFLLLAGRSCSYK,14,0.388256,0.35144499462093215
14443,FKKLKNHVLFLQMMN,14,0.39519,0.58465904917068
14444,FLAVAVVLGLATSPT,14,0.609477,0.703999813888157
14445,FLFQRAVAREAIIAL,14,0.8306030000000001,0.7174556765616055
14446,FLLMYEMHRESLLKS,14,0.27432399999999996,0.6073620296127656
14447,FNSLISIAQHLVSDR,14,0.290524,0.5369560618396366
14448,FPPNGTHSWEYWGAQ,14,0.09446,0.16336283384099642
14449,FQTMPGTFQTTTGEI,14,0.41562899999999997,0.6406036807594322
14450,FQTVGSGLDHILSLA,14,0.225379,0.3568191635467717
14451,FRKYTAFTIPSINNE,14,0.38184,0.7885400162710415
14452,FTSLEYIEAAKWLLP,14,0.42058,0.7600925753063624
14453,FVNQHLCGSHLVEAL,14,0.11155699999999999,0.2070167677692945
14454,FVVTGRVYCDPCRAG,14,0.176448,0.1496921567068573
14455,FWYVNHTGFNVHSLP,14,0.365563,0.6002432444059556
14456,GARYLEFEALGFLNE,14,0.17553,0.4011130529584319
14457,GAVDIINKWQVVAPQ,14,0.388917,0.6573451155806215
14458,GAYFVSSGKYEGGNI,14,0.229165,0.31396319768821424
14459,GEGIPLYDAIKCMRT,14,0.10386,0.5441410510494714
14460,GEIYKRWIILGLNKI,14,0.617078,0.8096672880815053
14461,GELEFEEFVSLASRF,14,0.508547,0.33686260540832774
14462,GELQIVDDIDAAFKI,14,0.393318,0.6101667404470291
14463,GELQIVDIIDAAFKI,14,0.469689,0.7939239043610171
14464,GELQIVDKFDAAFKI,14,0.39227199999999995,0.812807986404186
14465,GELQIVDKLDAAFKI,14,0.542906,0.8927479528190184
14466,GELQIVDKRDAAFKI,14,0.316983,0.823310022699581
14467,GELQIVDKYDAAFKI,14,0.373933,0.8509563090775882
14468,GELQIVDQIDAAFKI,14,0.5972,0.8016283303002799
14469,GELQIVDWIDAAFKI,14,0.36183699999999996,0.9095103658218303
14470,GELQIVHKIDAAFKI,14,0.56485,0.9481465783689107
14471,GELQIVNKIDAAFKI,14,0.5404909999999999,0.9527051872008361
14472,GELQIVTKIDAAFKI,14,0.45401499999999995,0.9266585052077857
14473,GENGRKTRSAYERMC,14,0.0,0.3722269968535299
14474,GEVEIQFRRVKCKYP,14,0.328459,0.3716142385840352
14475,GEVLNALAYDVPIPG,14,0.54082,0.479564297700977
14476,GFTRRFKFLLNISYL,14,0.022631000000000002,0.7749885989741873
14477,GGACGYKDVDKPPFS,14,0.0,0.10626303587417489
14478,GGGFGMLLRKYGIAA,14,0.25354699999999997,0.7239113561115808
14479,GGSILKISNKFHTKG,14,0.846457,0.7750151557640974
14480,GGSILKISNKYHTKG,14,0.770319,0.6848727499469434
14481,GIHTVFGSAFQGLFG,14,0.31711500000000004,0.45824530298388955
14482,GIKVGYTAHIRKATE,14,0.680941,0.7396633019403729
14483,GIRHLFGNYITNDSY,14,0.06324099999999999,0.590841781079466
14484,GKGTLDGQGKAVWGK,14,0.217763,0.2813123530922765
14485,GKIDFLNNYALFLSP,14,0.389552,0.6041173168711772
14486,GKIVHISPLSGSAQH,14,0.652875,0.44878413542436824
14487,GKLFTQTMKGVERLA,14,0.21415700000000001,0.4657563160590743
14488,GKLIHEWCCRSCTLP,14,0.179134,0.2911738142990595
14489,GKSSFCDICGEELPT,14,0.181887,0.08163273381802671
14490,GKTVWFVPSIKAGND,14,0.634782,0.7403368554504809
14491,GLAYKFVVPGAATPY,14,0.725495,0.6069338907984054
14492,GLEWNDNTVRVSETL,14,0.389552,0.4155658606770862
14493,GLSGEPKGGAESSSK,14,0.23060300000000003,0.043697349025052894
14494,GLTHMMIWHSNLNDT,14,0.368123,0.7677663653279345
14495,GLVPKLDAAYSVAYK,14,0.362537,0.5110102078823232
14496,GNIVAVDIKPKDSDE,14,0.5935010000000001,0.4246314456916818
14497,GPPVEASAAALAGDA,14,0.29025100000000004,0.3251269470746317
14498,GRKRPIVRILRRVHH,14,0.6536390000000001,0.5682725559316206
14499,GRKTRSAYERMCNIL,14,0.052902,0.5469017689163284
14500,GTKGEAKDVIPEGWK,14,0.0,0.06151612107491371
14501,GVSWMIRILIGFLVL,14,0.283544,0.6663747679084703
14502,GWIISNIFGAIPVLA,14,0.6314270000000001,0.6634832619536143
14503,GWIISNIFGAIPVLG,14,0.449546,0.6536482888699253
14504,GYKDWILWISFAISC,14,0.18506199999999998,0.4906479519463321
14505,HDYEGLSYRSLQPET,14,0.045892,0.2976711766309064
14506,HEWCCRSCTLPPLRY,14,0.14418399999999998,0.4003571348191709
14507,HFSNVFRSVMAPFTM,14,0.7946449999999999,0.7382461961062048
14508,HGRQIRMAKLLGRDP,14,0.457395,0.714227584737978
14509,HMAKEDLVANQPNLK,14,0.185912,0.2213020098843247
14510,HRLGYILRDVSRKEG,14,0.527104,0.6294038531577499
14511,HSRNLINELSERMAG,14,0.667086,0.36734551808341753
14512,HTLWSNGVLESDMII,14,0.238328,0.45106810104312134
14513,HTQTAGPWHLGKLEL,14,0.11763599999999999,0.21514203398000015
14514,HVLGRLITVNPIVTE,14,0.616279,0.8509849630088474
14515,IAAMMTSPLSVASMT,14,0.529741,0.8305925353931103
14516,IAPIMFSNKMARLGK,14,0.695388,0.6947631177232786
14517,IASLFAAAGLAAAAP,14,0.6481859999999999,0.9060178410359806
14518,IEFRFYKEITNVFRG,14,0.9404790000000001,0.6603034441097253
14519,IGLLFVILTVAANEM,14,0.633271,0.8353470470053495
14520,IGRIAETILGYNPSA,14,0.9467629999999999,0.6027011955916111
14521,IHKASTVLAFPAGVC,14,0.350552,0.8143204854133022
14522,IIELFTAKGFTVQEM,14,0.89791,0.49664962052298556
14523,IISTFHLSIPNFNQY,14,0.0,0.5697066761596777
14524,IITPTNVSHIQSAVV,14,0.589021,0.6056918784724331
14525,IKDVLKYRWLNLSAN,14,0.470596,0.6891178988800418
14526,ILDLCYQLSMRIANQ,14,0.130966,0.5747980573586257
14527,ILFLVKMNALRRLPV,14,0.727865,0.8896905631611571
14528,ILKGLYNFATCGLIG,14,0.17673699999999998,0.5776784936793264
14529,ILKGVINIWGSGLLQ,14,0.06842000000000001,0.6683025207334936
14530,IMRIKKLTITGKGTL,14,0.6463760000000001,0.7460951212628234
14531,INLIIHYVDRPGALG,14,0.575893,0.6301743498867381
14532,IPKEQKYSFLQNPQT,14,0.120651,0.44644573876985444
14533,IPKGDFLTGPLNFTG,14,0.15517899999999998,0.29002326616876745
14534,IPSIIHEALNIALIA,14,0.280771,0.507100763663698
14535,IPVMAYLVGLFAWVL,14,0.041562,0.6608188084020311
14536,ISATPEWATPFPHRK,14,0.13958800000000002,0.43719695075658205
14537,ISDFRAAIANYHYDA,14,0.8346049999999999,0.6333978402280902
14538,ISGLKPGVDYTITVY,14,0.35693600000000003,0.21227150046304943
14539,ISNMLSIINKRKKTS,14,0.517048,0.7745693766244429
14540,ITAMSEVQKVSQPAT,14,0.41541300000000003,0.5020250982985897
14541,ITDAVGNDMPGGYCL,14,0.063899,0.14846289193919476
14542,ITFMQALQLLLEVEQ,14,0.27965300000000004,0.6218015910971569
14543,IVLNHMTGAQSGKGT,14,0.580146,0.45479003817821534
14544,IVQNAYKQMIKSRTL,14,0.285412,0.7525472132714368
14545,IYEPEDLGNCLNKSD,14,0.0,0.15954319368492076
14546,IYWTIVKPGDILLIN,14,0.543421,0.6463500787176135
14547,KAIKESTGGAYDTYK,14,0.32731,0.22869849270237422
14548,KASNPNYLAILVKYV,14,0.9373379999999999,0.5485802501199147
14549,KCKYPEGTKVTFHVE,14,0.0,0.18083710833334746
14550,KDKWIELKESWGAIW,14,0.229169,0.3921962505959058
14551,KEVEEAWASACGGTG,14,0.028158999999999997,0.1471276036841421
14552,KEYTFPITLSSTSNP,14,0.642386,0.7006803962328367
14553,KFTQFAGKDLESIKG,14,0.38719000000000003,0.4269726849372672
14554,KFVDSTVVASVTIID,14,0.391504,0.48252736080211317
14555,KGKDKWIELKESWGA,14,0.087244,0.23336645841467132
14556,KGLHHLQIILSGKMA,14,0.544307,0.6613215854954796
14557,KGSNDHYLALLVKYA,14,0.398102,0.5565942654191658
14558,KGVERLAVMGDVAWD,14,0.398991,0.2576115108709648
14559,KHLAVLVKYEGDTMA,14,0.152726,0.5616916367127401
14560,KIEIDQDHQEEICEV,14,0.13083699999999998,0.04957943629841663
14561,KILEPFRKYTAFTIP,14,0.43786099999999994,0.8008671201101611
14562,KKGAGGITIKKTGQA,14,0.2591,0.33000558168828104
14563,KLCLMKAQPTSWPLQ,14,0.363503,0.7058870712182176
14564,KLCPNNLCCSQWGWC,14,0.18013900000000002,0.17807519120124712
14565,KLKIQNVIIDECYGA,14,0.20583,0.5525073108391888
14566,KLPWKNESSIKVIKQ,14,0.35629099999999997,0.5936681201608645
14567,KLSQELHKLQTYPRT,14,0.051448,0.4619348581997157
14568,KLTITGKGTLDGQGK,14,0.541242,0.3577798065853613
14569,KMDKLELKGMSYAMC,14,0.356521,0.339223213883669
14570,KMPMYIAGYKTFDGR,14,0.48792399999999997,0.6460627525136567
14571,KNTIVIPKGDFLTGP,14,0.008029000000000001,0.6043417038164661
14572,KPPFSGMTGCGNTPI,14,0.119469,0.1905393392002996
14573,KQCFRKLPVNRPIDW,14,0.374221,0.44915217324335627
14574,KQIANELNYILWENN,14,0.435854,0.3990431201784885
14575,KRFFLPVFSDEVLAG,14,0.097353,0.6789896111188742
14576,KRWIILGLNKIVRMY,14,0.640305,0.8219547598299801
14577,KSIIKARVVWKAIIE,14,0.472629,0.8417303329565807
14578,KSMKVTVAFNQFGPN,14,0.862102,0.5646531752297851
14579,KSRTLKSFFAWSLSD,14,0.115651,0.8678578574927247
14580,KSTNGLRIKSYEDAK,14,0.237206,0.566248861939054
14581,KTDCTKEVEEAWASA,14,0.071859,0.13310518422061804
14582,KTLILLETFVRVNPD,14,0.291038,0.6697707956271266
14583,KTLILLETFVRVNPE,14,0.175028,0.781821886772541
14584,KTRRFLPQILAECAR,14,0.296848,0.4497333504666921
14585,KTVSEGAVDIINKWQ,14,0.28229299999999996,0.5421764536153042
14586,KVGEVCSFYADPKRY,14,0.17465999999999998,0.14717902408159134
14587,KVTFLSQVHPSPLLT,14,0.401107,0.6572138896184678
14588,KYDAYVATLSEALRI,14,0.145342,0.7998441335053234
14589,KYKTFEAAFTVSSKR,14,0.72682,0.8496878944979
14590,LAQILMDNDLAATND,14,0.0,0.35938708017310617
14591,LDGNLLSSNDLAKYK,14,0.563773,0.3917664468964447
14592,LDMIITAVNSLISDN,14,0.179626,0.7958080571058862
14593,LEAKATFYGSNPRGA,14,0.099299,0.34839588280715295
14594,LEKISNEIKIVATPD,14,0.475912,0.5590762476423671
14595,LESILIKPSNSEDLL,14,0.381498,0.5213118111209265
14596,LFFNHHKVMLLGHDD,14,0.255696,0.7520127979347048
14597,LFGGLNWITKVIMGA,14,0.213297,0.7849332890579901
14598,LGMNHVLQSIRRNYP,14,0.152048,0.6413670326771413
14599,LGQIMLLILCTSQIL,14,0.572259,0.559142266046666
14600,LGRLITVNPIVTEKD,14,0.62866,0.7885375332194356
14601,LGSQEGAMHTALTGA,14,0.241802,0.34132541861992644
14602,LGYILRDVSKKEGGA,14,0.581455,0.6529744028791599
14603,LHFSEALRIIAGTPE,14,0.536814,0.822388352144851
14604,LHLYSHPIILGFRKI,14,0.382186,0.7208211750469055
14605,LIKTLQSKLSRNFTK,14,0.29021199999999997,0.8357985446039379
14606,LKCRLKMDKLELKGM,14,0.223375,0.3685926565940226
14607,LKLATGMRNVPEKQT,14,0.31711300000000003,0.7818679870144067
14608,LKNCVDAKMTEEDKE,14,0.190342,0.21878755231983965
14609,LLKIWKNYMKIMNHL,14,0.548715,0.7222367262777842
14610,LLNEFNNLYADKVSV,14,0.39937,0.4227250844391502
14611,LLTWIKMLAAKNLPI,14,0.62836,0.8525936789388415
14612,LLWDYMCISLSTAIE,14,0.0,0.6227599489822607
14613,LNIKLNMPLYIAGNK,14,0.559658,0.7498105970822981
14614,LNWITKVIMGAVLIW,14,0.199925,0.866813440638635
14615,LQFAKLTGFTLMGKG,14,0.6089399999999999,0.6230734757129469
14616,LQFNQMMNPSHVKFL,14,0.19233599999999998,0.5778409001131208
14617,LQMVGMRRPQQGASG,14,0.832742,0.5196575926345053
14618,LQSLWANFYELLADA,14,0.114878,0.5110747952518677
14619,LRAHRLHQLAFDTYQ,14,0.201992,0.4556034959766567
14620,LRIAAKIYSEADEAW,14,0.149553,0.677537027925973
14621,LRKDYIKRQGSTPLA,14,0.593057,0.422423677528504
14622,LRTKLMTSRRVLEKE,14,0.31403400000000004,0.8444100332795376
14623,LSKDGCTSAKGPDYK,14,0.024812999999999998,0.0596974500861713
14624,LSPLTKGILGFVFTL,14,0.36921,0.6619973401370057
14625,LSSNDLAKYKANWIE,14,0.14691400000000002,0.5019855673566125
14626,LSYRSLQPETFAVVD,14,0.30438200000000004,0.6529624767134087
14627,LTHMMIWHSNLNDAT,14,0.42056000000000004,0.7839419224324077
14628,LVKFVAGDGDVVAVD,14,0.155634,0.2320845307464188
14629,LVKYEGDTMAEVELR,14,0.119931,0.2674242411756736
14630,LVPFVQWFVGLSPTV,14,0.611895,0.5949957044560604
14631,LVSKLYEVVPGILTE,14,0.62374,0.6413791918270505
14632,LWNGPMAVSMTGVMR,14,0.459128,0.8810716717633221
14633,LWTQSLRRELSGYCS,14,0.483861,0.6239375173723377
14634,MAFLRSVSRLAAAVF,14,0.151853,0.6355269309666415
14635,MASSSSVLLVVALFA,14,0.0,0.39466918447641514
14636,MASSSSVLLVVVLFA,14,0.0,0.37546638429771334
14637,MDCIIFESASKARLP,14,0.601071,0.7625138242098386
14638,MGAVLIWVGINTRNM,14,0.227134,0.914863395531981
14639,MGEAVQNTVEDLKLN,14,0.148178,0.24650907901527672
14640,MGNSKSKSNPSSSSE,14,0.47740900000000003,0.2681665591300659
14641,MGQLISFFGEIPSII,14,0.24696700000000002,0.4681484543314004
14642,MGRDIKVQFQSGGAN,14,0.56752,0.43636540603186946
14643,MILVGVIMMFLSLGV,14,0.342868,0.3347063155974964
14644,MLLRKYGIAAENVID,14,0.181772,0.7408874872084912
14645,MNALRRLPVICSFLV,14,0.484303,0.575492901372548
14646,MNMSRQGIFQTVGSG,14,0.251461,0.48790383342291194
14647,MSLLTEVETYVLSII,14,0.36596,0.4393589316627862
14648,MSLLTEVETYVLSIV,14,0.43413,0.4393589316627862
14649,MSQIMYNYPAMMAHA,14,0.082741,0.6514494085711122
14650,MSQIMYNYPAMRAHA,14,0.168888,0.619694178173446
14651,MVVERLGDYLVEQGM,14,0.445079,0.1674961663442103
14652,MYFHRRDLRLASNAI,14,0.809606,0.7433258660271908
14653,NCEALSLVSHIVKWK,14,0.6019760000000001,0.7260821839109116
14654,NCVLKKSTNGLRIKS,14,0.388734,0.7313156422397572
14655,NDAIKASTGGAYESY,14,0.431116,0.34118067144087105
14656,NDFLKTGHYTQMVWA,14,0.355153,0.4204360316311961
14657,NDKPFQNVNRITYGA,14,0.069536,0.43936549796162727
14658,NFTVGRIIELFTAKG,14,0.858434,0.7390905777192335
14659,NHFFNHHKVMLLGHD,14,0.839464,0.6965432448965199
14660,NHFFNHHKVMLLGHS,14,0.712568,0.6965432448965199
14661,NHLINTPKIMPHHII,14,0.337598,0.5938749047501514
14662,NHVIQSVRRLYPKIF,14,1.0,0.7177468636792943
14663,NKGILVTVNPIASTN,14,0.7750779999999999,0.817903353627544
14664,NKNFFWAVKPKAVRQ,14,0.834535,0.8387561700542926
14665,NKYLEEHPSAGKDPK,14,0.039129000000000004,0.14807388761540372
14666,NLLWKQIANELNYIL,14,0.0,0.5771275138840505
14667,NLMGKTLILLETFVR,14,0.539754,0.7047553310573057
14668,NLNIKLNMPLYIAGN,14,0.5313760000000001,0.6609262392860653
14669,NMISRMLINRFTMKH,14,0.774933,0.8774334403644445
14670,NMISRMLINRFTMRH,14,0.6199399999999999,0.8997039721692182
14671,NMVSRLLLNRFTMTH,14,0.60601,0.8679704580833437
14672,NMVVERLGDYLVEQG,14,0.502536,0.2563731876272557
14673,NNRIWLQFAKLTGFT,14,0.35332600000000003,0.5992606267791205
14674,NNVVQALTSLGLLYT,14,0.09804600000000001,0.6918150088039439
14675,NPLIRHENRMVLAST,14,0.567262,0.7700034023922576
14676,NPRQAYANYRDIDLG,14,0.263287,0.3738661185860234
14677,NPTDTGHGTVVMQVK,14,0.0,0.20321414818383013
14678,NRIMADGGSIQNTNL,14,0.345104,0.25032137253810227
14679,NSFYYMKGGVNTFLI,14,0.369424,0.7533276915633899
14680,NSVIQALTSLGLLYT,14,0.070755,0.729161678501407
14681,NSVVQALTSLGLLYT,14,0.151104,0.6571574192898886
14682,NVNLQKQLLTNHLIN,14,0.137905,0.521152089406967
14683,NVSHIQSAVVCGRRH,14,0.398091,0.3200844111677732
14684,NYLALLVKFVAGDGD,14,0.25194,0.604576951828452
14685,PAAAYATATPAAATA,14,0.916899,0.2238463236146523
14686,PAGVCPTIGVGGNFA,14,0.194157,0.11996720430738224
14687,PALFFTFLANLNLTE,14,0.176292,0.6117767480445205
14688,PALLALLALPALLLL,14,0.15670499999999998,0.3605972711861181
14689,PASWKNNRIWLQFAK,14,0.23249899999999998,0.5740741564208542
14690,PCKGDSVTIKLDGNL,14,0.36391,0.2897775300729012
14691,PCRAGFETNVSHNVQ,14,0.16558499999999998,0.43690990622183384
14692,PEQIQLLKKAFDAFD,14,0.822334,0.47465038218496414
14693,PEVKYAVFEAALTKA,14,0.574091,0.9036510541781229
14694,PGTFQTTTGEIGAIA,14,0.170703,0.3291767981240667
14695,PIEHIASMRRNYFTA,14,0.340427,0.8183260579361985
14696,PIIIDQKYCPNKICT,14,0.273129,0.17167729616786379
14697,PIYIVTPTNASHIQS,14,0.613809,0.7627525532080275
14698,PKDSDEFIPMKSSWG,14,0.305962,0.29500705607959465
14699,PKGGAESSSKAALTS,14,0.054654999999999995,0.4044762203778082
14700,PLYKLVHVFINTQYA,14,0.681605,0.7823379179292081
14701,PPPPQLGASPYKLGP,14,0.178065,0.2984636306112269
14702,PQVKYAVFEAALTKA,14,0.58299,0.8930928849815634
14703,PSMGRDIKVQFQSGG,14,0.25374,0.3499633604275934
14704,PSPSMGRDIKVQFQS,14,0.11772,0.3210219672986901
14705,PTHRHLKGEACPLPH,14,0.0,0.09524963507381869
14706,PTLAFPAGVCPTIGV,14,0.159227,0.37291992830621173
14707,PYGATISATPEWATP,14,0.21435700000000002,0.5062597075015864
14708,QAGGKLCPNNLCCSQ,14,0.209181,0.14739227022275442
14709,QDHQEEICEVVLAKS,14,0.519996,0.35849310659119205
14710,QDVLLFTPASTEPQS,14,0.49638699999999997,0.7655309801443676
14711,QEVFKAIQSLKTTEV,14,0.665944,0.8535977077264341
14712,QFKRASPILRFLYAN,14,0.279212,0.7215119366199955
14713,QFRRVKCKYPEGTKV,14,0.092021,0.16911223647567356
14714,QGEPGAVIRGKKGAG,14,0.177359,0.3237168775415692
14715,QGEPGRVIRGKKGAG,14,0.274091,0.25085381954579705
14716,QHNHRPGYHTQTAGP,14,0.0,0.5032076891019324
14717,QIHQYIMALREEYFD,14,0.594321,0.7021343673453473
14718,QIRMAKLLGRDPEQS,14,0.391317,0.5848360419665356
14719,QKLIEDINASFRAAM,14,0.8661629999999999,0.7447491639778263
14720,QKQLLTNHLINTPKI,14,0.0,0.6509768158931618
14721,QKRTLSLLQYARYPI,14,0.542644,0.8001064569486588
14722,QKYCPNKICTSKGDS,14,0.09579,0.2589968148162981
14723,QLSALWARFPLPVIP,14,0.31194099999999997,0.801907382529244
14724,QLYSKFLLKAEPLAF,14,0.800558,0.7613394628809447
14725,QPCNGVTMNDVKIEY,14,0.15037999999999999,0.2639540159287221
14726,QPNLKALREKVLGLP,14,0.469337,0.6199607878597834
14727,QVPSASMGRDIKVQF,14,0.063777,0.5184455580099927
14728,RAMFVEDIAMGYVVS,14,0.403333,0.448780787257396
14729,RCALHWFPGSHLLAC,14,0.20159000000000002,0.30148888774665966
14730,RCALHWFPGSHLLHV,14,0.188903,0.487591038085682
14731,RDCLIAHGAANTITE,14,0.408895,0.5808938512556723
14732,REQFLGALDLAKKRV,14,0.17033199999999998,0.5507702007807068
14733,RFFVWGDEVPLLTKF,14,0.312747,0.5946121283625494
14734,RFTISRDNSKNTLYL,14,0.0,0.27093129115942105
14735,RHVLGRLITVNPIVT,14,0.8345610000000001,0.8120252987686372
14736,RIDTPDKLTGPFTVR,14,0.16131199999999998,0.2222606572015462
14737,RIIAGTLEVHAVKPA,14,0.411339,0.6717275419324834
14738,RKELLVTFKNAHAKK,14,0.817902,0.8873040025798709
14739,RLATAIAGAWENGVC,14,0.0,0.5257756114574963
14740,RLEFDEFVTLAAKFI,14,0.557334,0.763138902725984
14741,RLKGESRKTFVELMR,14,0.142762,0.4957107972531959
14742,RLMSMKSVQNNTVLK,14,0.753803,0.7532249721899233
14743,RMAMTDTTPFGQQRV,14,0.334305,0.28663890960652527
14744,RMFSSTLRAAVPWYA,14,0.786512,0.8220425848355378
14745,RMVLASTTAKAMEQM,14,0.826625,0.8547715982857058
14746,RNFQKVNPEGLIKEF,14,0.276368,0.49905757619346314
14747,RNTLLFLDLIILNFV,14,0.061801,0.43525135606813375
14748,RPGVSKKFLSLLTSS,14,0.638443,0.7736366614313746
14749,RPMFLYVRTNGTSKI,14,0.7703369999999999,0.8394498080624099
14750,RQGIFQTVGSGLDHI,14,0.11944500000000001,0.45074194170293763
14751,RQKIIYSGAVNLDDE,14,0.397827,0.7360479027938791
14752,RREVHIYYLEKANKI,14,0.579116,0.4289484362036729
14753,RRRVMIQSSGGKLRL,14,0.23702600000000001,0.6201366483535187
14754,RSRPRRTTRRMDRRT,14,0.293536,0.2292105819345321
14755,RTAGIIIMMIPTVMA,14,0.8793920000000001,0.8822967895008476
14756,RTATNIWIDHNSFSN,14,0.47723000000000004,0.32064094761565615
14757,RTITADTFRKLFRVY,14,0.383115,0.5463382568546209
14758,RVIRGKKGAGGITIK,14,0.254567,0.32656194080342166
14759,RVWEQIFSTWLLKPG,14,0.20737399999999998,0.5506949099041991
14760,RVYCDPCRAGFETNV,14,0.0,0.13333692720398127
14761,SAAPLRTITADTFRK,14,0.261297,0.5583360278099108
14762,SADEVQRMMAEIDTD,14,0.197448,0.2795313129718502
14763,SAIRAAPEAARSLAS,14,0.742055,0.5682285253078619
14764,SCLDGKLCLMKAQPT,14,0.075405,0.2742213274278704
14765,SDDQISIMKLPLSTK,14,0.193064,0.8382702337912928
14766,SFGIVVAWQVKLLPV,14,0.6134029999999999,0.7970835008717493
14767,SGRVTRDSRRLRRIC,14,0.359263,0.18678825896357748
14768,SGTVDFDEFMEMMTG,14,0.378849,0.1117616923375107
14769,SHIQSAVVCGRRHGV,14,0.42425799999999997,0.28282566981403967
14770,SIAQHLVSDRPIMRY,14,0.235907,0.510271364964842
14771,SLCLMMIMPAALAFH,14,0.39898,0.88953605716974
14772,SLIYRRRLMKQDFSV,14,0.68575,0.7039192844695229
14773,SLKLYRDSLGEAVMR,14,0.0,0.4115667405455089
14774,SPILRFLYANVGEEA,14,0.29544499999999996,0.7623213667460403
14775,SRAEVSYVHVNGAKF,14,0.8155720000000001,0.5393407282091907
14776,SRCYSIYLSINGVLE,14,0.210245,0.612851965431766
14777,SRFFVMGEETPLLTK,14,0.302149,0.4768842803983479
14778,SSAGGFFTSVGKGIH,14,0.0,0.5062259118794719
14779,SSILTDSQTATKRIR,14,0.368844,0.5104925556338704
14780,SSKAATAKAPGLVPK,14,0.33418000000000003,0.5749069426373699
14781,SSTVKLRQNEFGPAR,14,0.265342,0.35106635372751344
14782,SSYAATEVANAAAAS,14,0.120046,0.7613291862245536
14783,SSYAATEVANAAAGQ,14,0.12753599999999998,0.7260091276652944
14784,STVVASVTIIDRSLP,14,0.140094,0.6358455320494519
14785,STWLLKPGAGIMIFD,14,0.157613,0.6822450396423119
14786,SVLLVVALFAVFLGS,14,0.0,0.15697785759695743
14787,SVRIRVRSGGHDYEG,14,0.168126,0.3422333122605424
14788,SVTIKLDGNLLSSND,14,0.643791,0.5649269700250865
14789,SVYLSDNGVMSEQGS,14,0.108127,0.299894258299367
14790,SWKLEKASLIEVKTC,14,0.23061500000000001,0.6487157695444498
14791,SWMIRILIGILVLWI,14,0.084685,0.4558891721226885
14792,SYIAEMETESWIVDR,14,0.132969,0.31250254116871057
14793,SYVHVNGAKFIDTQN,14,0.47785,0.5498408631050538
14794,TAAINKGILVTVNPI,14,0.455952,0.7411986101634984
14795,TAAVELARALVRAVA,14,0.533524,0.6770605542346647
14796,TAKAPGLVPKLDAAY,14,0.21712800000000002,0.3472064349486145
14797,TANVPPADKYKTLEA,14,0.15125,0.19078170296775523
14798,TCVLGKLSQELHKLQ,14,0.17343499999999998,0.2959821738948754
14799,TDALRTLGSTSADEV,14,0.6843229999999999,0.4544714904675685
14800,TDFAGKTVWFVPSIK,14,0.317251,0.45354305644700965
14801,TDKMFFVKNPTDTGH,14,0.117067,0.5075684108083689
14802,TDTTPFGQQRVFKEK,14,0.0,0.3598074140792548
14803,TFYGSNPRGAAPDDH,14,0.0,0.15544536868023814
14804,THMMIWHSNLNDATY,14,0.39703,0.5816613719369434
14805,THMMIWHSNLNDTTY,14,0.381226,0.6247947127805862
14806,TIAAMMTSPLSVASM,14,0.166452,0.7935619572762973
14807,TISNNLFFNHHKVML,14,0.29076799999999997,0.5678543141270358
14808,TKKFDEVVKANGGYL,14,0.6517970000000001,0.3874766979056739
14809,TKVIMGAVLIWVGIN,14,0.0,0.6338127688432635
14810,TLELLYADTVAFCFR,14,0.22137600000000002,0.49914592862601326
14811,TLGSTSADEVQRMMA,14,0.35075700000000004,0.2438322205972343
14812,TNFKYNYSVIEGGPI,14,0.153077,0.4940209859653611
14813,TPLTLVDICFWSTLF,14,0.0,0.3399030466008071
14814,TPTNASHIQSAVVCG,14,0.24555500000000002,0.48007873770708215
14815,TQTMKGVERLAVMGD,14,0.026568,0.44306720114581244
14816,TRKYLPAIVREAIKR,14,0.181392,0.8372765630588119
14817,TRSAYERMCNILKGK,14,0.099186,0.485838852867967
14818,TSSDDQITLIKTPSL,14,0.0,0.5101774543569241
14819,TVAAAPQVKYAVFEA,14,0.405417,0.7015864923409355
14820,TVGVIIMLIPTAMAF,14,0.8072819999999999,0.8922130043097853
14821,TVLAFPAGVCPTIGV,14,0.351348,0.471610384938359
14822,TWQGGSGMASHIIYE,14,0.298686,0.2806581605186155
14823,TYSQLMTLKDAKMLQ,14,0.29840700000000003,0.7308261208689246
14824,VAPIEHIASMRRNYF,14,0.402377,0.7178824723856837
14825,VATLSEALRIIAGTL,14,0.5355810000000001,0.8046744832745298
14826,VDGRGNYNTDLLPDW,14,0.0,0.1541872622655694
14827,VDIKPKDSDEFIPMK,14,0.32294,0.09990173340559538
14828,VDLAKSLRIAAKIYS,14,0.318424,0.8344972440978727
14829,VEALYLVCGERGFFY,14,0.20970500000000003,0.2528593228145218
14830,VEDEARRMWASAQNI,14,0.188619,0.4062766126455189
14831,VEKSQLLNEFNNLYA,14,0.448574,0.36782684307175895
14832,VFGNCEGVKIIGISI,14,0.646662,0.2597501132756316
14833,VFGSAFQGLFGGLNW,14,0.076834,0.23235619291189513
14834,VGLSYSQTMLLKDLM,14,0.574461,0.7159861329139313
14835,VGNVAWMHVLAAKYI,14,0.5607409999999999,0.7288973739354537
14836,VHAQTVEDEARRMWA,14,0.094652,0.1279879780221051
14837,VIPANWKPDTVYTSK,14,0.23679699999999998,0.2744783524046445
14838,VIVMLIPTAMAFHLT,14,0.947627,0.9128356881750856
14839,VKGDPVGILYAVFKA,14,0.41406400000000004,0.3786360987134212
14840,VKIEYSGTNNKTMAV,14,0.43308900000000006,0.5318966073114083
14841,VKPLYIITPTNVSHI,14,0.8426819999999999,0.7533441090383013
14842,VKQNTLKLATGMRNV,14,0.588093,0.7621061086512231
14843,VLDILTANKLIRQKL,14,0.528184,0.8286499632594015
14844,VLGRLITVNPIVTEK,14,0.60534,0.8539186971772631
14845,VLRTKLMTSRRVLER,14,0.5614020000000001,0.8149746221105962
14846,VNFYAWKRMEVGQQA,14,0.671403,0.5593352221364621
14847,VNYWFAPGAAAAPLS,14,0.426942,0.7545090423604622
14848,VPKKKKDKDIPQSSE,14,0.29891799999999996,0.19689885296274434
14849,VPPADKYKTFEAAFT,14,0.06387999999999999,0.5665227144822451
14850,VQNTVEDLKLNTLGR,14,0.352986,0.3891675702843381
14851,VRILRRVHHRKYLTD,14,0.426009,0.639674253274729
14852,VRSGGHDYEGLSYRS,14,0.48560299999999995,0.06033164157368648
14853,VSEALRIIAGTLEVH,14,0.547813,0.7979912522809275
14854,VSIISILKGVINIWG,14,0.224942,0.5882052118813736
14855,VSVDCSEYPKPDCTA,14,0.042553,0.03498711266737627
14856,VTIMAILCVPNAVIL,14,0.803715,0.709715737359467
14857,VTMNDVKIEYSGTNN,14,0.286965,0.27983788070180315
14858,VTVDAAVLAAIDADA,14,0.020152,0.44173533804174975
14859,VVLGLATSPTAEGGK,14,0.722233,0.5923810340830438
14860,VVSRLLIPVPFDPPA,14,0.61034,0.5403619296419242
14861,VWRIDTPDKLTGPFT,14,0.372267,0.309895921291173
14862,VYQFKSVEFDMSHLN,14,0.19319,0.36875490466822114
14863,WAVKPKAVRQIEDQL,14,0.611691,0.6528240203535567
14864,WEQIFSTWLLKPGAG,14,0.225789,0.5894966385267346
14865,WGAIWRIDTPDKLTG,14,0.5785239999999999,0.48105065534608193
14866,WGAIWRIDTPEVLKG,14,0.625734,0.6051561513798983
14867,WIELKESWGAVWRID,14,0.273523,0.5097264844641979
14868,WKPDTVYTSKLQFGA,14,0.224582,0.5353125797436296
14869,WKRMEVGQQAVEVWQ,14,0.5439390000000001,0.2108641656121668
14870,WPKSHTLWSNGVLES,14,0.21593400000000001,0.5072269513523958
14871,WQKGEEVQVIAVEPG,14,0.245825,0.2154356486177552
14872,YANYRDIDLGRNEVV,14,0.176153,0.41706018185074767
14873,YDKFLAFVSTVLTGK,14,0.8270770000000001,0.959421460532398
14874,YDKFLALVSTVLTGK,14,0.8587969999999999,0.9560645454640408
14875,YDKFLANESTVLTGK,14,0.671538,0.9195577594863026
14876,YDKFLANKSTVLTGK,14,0.612798,0.9606547626486791
14877,YDKFLANQSTVLTGK,14,0.6784,0.9413180713829816
14878,YDKFLANVCTVLTGK,14,0.652728,0.9646248652909328
14879,YDKFLANVHTVLTGK,14,0.6044229999999999,0.96442452490647
14880,YDKFLANVNTVLTGK,14,0.770892,0.9675336150477784
14881,YDKFLANVTTVLTGK,14,0.677674,0.9802755350175684
14882,YDKFLANYSTVLTGK,14,0.673227,0.9658327226714859
14883,YDKFLATVSTVLTGK,14,0.816699,0.9746738622184935
14884,YEALIKLLPFSKRIR,14,0.52005,0.802320927461033
14885,YEYKVQQAMSNLVLG,14,0.776894,0.6482180117025742
14886,YGFVANFSMELPSFG,14,0.3465,0.4974847594954798
14887,YGIAAENVIDVKLVD,14,0.37650500000000003,0.4592540198680662
14888,YKDVDKPPFSGMTGC,14,0.0,0.1362228614532532
14889,YKKLRTSSFALNLPT,14,0.501984,0.7999575956968178
14890,YLAILVKYVDGDGDV,14,0.393941,0.5802765832790721
14891,YLEEHPSAGKDPKKT,14,0.0,0.0696641023030374
14892,YNFATCGLIGLVTFL,14,0.07105399999999999,0.47793093492583305
14893,YPFIEQEGPEFFDQE,14,0.0,0.08745881991862585
14894,YQNKVVKVQRPTPKG,14,0.566379,0.7511351541439166
14895,YQNKVVKVQRPTPTG,14,0.298687,0.7511351541439166
14896,YRKILRQRKIDRLID,14,0.154095,0.6805138713247268
14897,YTTEGGTKGEAKDVI,14,0.0,0.08772389552620781
14898,YVIIAILTLVAATMA,14,0.353571,0.5972789338040826
14899,YVVSSFDNIKVFLEG,14,0.356644,0.410835289870809
14900,YWTIVKPGDILLINS,14,0.59138,0.6569425809891534
14901,CSAVPVHWVPTSRTTW,14,0.631112,0.440215311263993
14902,EEDKENALSLLDKIYT,14,0.261779,0.37410291728790546
14903,EPQGSTYAASSATSVD,14,0.0,0.7486104806027923
14904,FRNVLSIAPIMFSNKM,14,0.606029,0.8042645930784722
14905,GKWYLKAMTADQEVPE,14,0.47304300000000005,0.5561036011745211
14906,KFDSQLAHRHMARELH,14,0.14141600000000001,0.3396957218428416
14907,LAAIIFLFGPPTALRS,14,0.17710499999999998,0.7554564770677771
14908,LNKIVRMYSPVSILDI,14,0.8955360000000001,0.8527365143513309
14909,LWWSTMYLTHHYFVDL,14,0.0,0.5752216160330355
14910,MVSRLLLNRFTMTHRR,14,0.531579,0.8065636416562557
14911,QPEWFRNVLSIAPIMF,14,0.49820200000000003,0.7939777098677605
14912,SPEVIPMFSALSEGAT,14,1.0,0.648572941329155
14913,SQDLELSANLNGLQAY,14,0.552455,0.32076908984291325
14914,SQDLELSGNLNGLQAY,14,0.33008899999999997,0.189091657395781
14915,SQDLELSMNLNGLQAY,14,0.562533,0.3495979687200352
14916,SQDLELSSNLNGLQAY,14,0.11195,0.27844433726185397
14917,SQDLELSWDLNGLQAY,14,0.24271399999999999,0.2063568075931803
14918,SQDLELSWILNGLQAY,14,0.483411,0.5711957768317615
14919,SQDLELSWQLNGLQAY,14,0.32614299999999996,0.41474023485566575
14920,SQDLELSWWLNGLQAY,14,0.18572,0.20440694851962624
14921,SSIIFGAFPSLHSGCC,14,0.0,0.5068885186711164
14922,AIQQVRSLIGNEEFLDY,14,0.818368,0.4819988077551147
14923,CVDAKMTEEDKENALSL,14,0.193079,0.19945654227383394
14924,EHREVLWKFDSQLAHRH,14,0.735452,0.5761941806228605
14925,KIPGGAMYADDTAGWDT,14,0.348137,0.20281458425772542
14926,LTYQNKVVKVQRPTPKG,14,0.341599,0.7372784367418205
14927,MVTQMAMTDTTPFGQQR,14,0.556814,0.6223172759659533
14928,PETPNMDVIGERIKRIK,14,0.505196,0.40511060657252534
14929,PTPKGTVMDIISRKDQR,14,0.305232,0.26374799005891547
14930,PWDVVPMVTQMAMTDTT,14,0.8717010000000001,0.6692529884072815
14931,VVKVQRPTPKGTVMDII,14,0.346839,0.3656256368084386
14932,WLGARYLEFEALGFLNE,14,0.285304,0.29595237235659816
14933,YAHAAHAAHAAHAAHAA,14,0.148619,0.32376918288213086
14934,YLGKREDQWCGSLIGLT,14,0.41306400000000004,0.1680480101770631
14935,AAREAEQWRAYLEGLCVE,14,0.0,0.18185259329671968
14936,FESTGNLIAPEYGFKISY,14,0.178026,0.40793354926343994
14937,LRAEQASQEVKNWMTETL,14,0.3022,0.23087791256349802
14938,NVTENFNMWKNNMVEQMH,14,0.567824,0.23521955521162546
14939,PVGDIYKRWIILGLNKIV,14,0.394675,0.42597760929265793
14940,PVGEIYKRWIILGLNKIV,14,0.547405,0.42214146609951064
14941,SCIAIGIITLYLGAVVQA,14,0.314635,0.5883475055127967
14942,SELYLYKVVKIEPLGVAP,14,0.762663,0.7062509057139801
14943,WIILGLNKIVRMYSPISI,14,0.666245,0.6288703798599544
14944,WIILGLNKIVRMYSPVSI,14,0.672369,0.6283404490983696
14945,WVKVVEEKGFNPEVIPMF,14,0.127931,0.42378898463856485
14946,YVDRFFKTLRAEQASQDV,14,0.648556,0.7994531849842142
14947,YVDRFYKTLRAEQASQEV,14,0.8098390000000001,0.784255774411573
14948,GEIYKRWIILGLNKIVRMY,14,0.670694,0.6689011670114833
14949,KLPKPPKPVSKMRMATPLL,14,0.383115,0.8237469747959499
14950,LGVLLLIGCWYCRRRNGYR,14,0.0,0.2709540942580495
14951,WEALKYLWNLLQYWGQELK,14,0.397188,0.7223446874576098
14952,DTEVHNVWATQACVPTDPNP,14,0.0,0.684597316505504
14953,EAKYDAYVATLSEALRIIAG,14,0.509424,0.9151790878776855
14954,GFGMLLRKYGIAAENVIDVK,14,0.711476,0.8634295140575072
14955,HIDLLVGSATLCSALYVGDL,14,0.3075,0.4950690323115035
14956,IEPIVATNWQKLEAFWHKHM,14,0.38044,0.8687320633564655
14957,KDKWIELKESWGAIWRIDTP,14,0.574076,0.7480780534548084
14958,KIIGGIGGFVKVRQYDQIPI,14,0.298157,0.34960580207586905
14959,KMIGGIGGFVKVRQYDQIPI,14,0.268391,0.13774324353499864
14960,KRWIILGLNKIVRMYSPTSI,14,0.8693420000000001,0.8857992455285291
14961,LYKYKVVKIEPLGVAPTKAK,14,0.929327,0.9214318360687173
14962,PAEILRKSRRFAQALPVWAR,14,0.844565,0.7958253747046957
14963,PHHTALRQAILCWGELMTLA,14,0.508991,0.6487611468643175
14964,VATLSEALRIIAGTLEVHAV,14,0.45269499999999996,0.8840288505664868
14965,WGAIWRIDTPDKLTGPFTVR,14,0.369082,0.5421200782703874
14966,YIITPTNVSHIQSAVVSGRR,14,0.614074,0.7363920078525288
14967,LPKPPKPVSKMRMATPLLMQALPM,14,0.48677700000000007,0.8555983980948796
14968,LPKPPKPVSKMRMATPLLMQALPM,15,0.37243699999999996,0.8555983980948796
14969,IMGAVLIWV,17,0.5647300000000001,0.15524203179602095
14970,LLVSGWNSITV,17,0.590489,0.18415762455062373
14971,NKIVRMYSPISI,17,0.531038,0.26037434258717995
14972,EEYVEIRQVGDFH,17,0.0,0.1933579015380864
14973,RFYKTLRAEQASQ,17,0.42652399999999996,0.6957631630397594
14974,SPEVIPMFSALSE,17,0.679303,0.7118084474801561
14975,VCGERGFFYTPKT,17,0.18787,0.32068280735679355
14976,EYRSTVNPWASQLG,17,0.291842,0.3594101905827616
14977,KPLLIIAEDVEGEY,17,0.452796,0.18361072135835957
14978,MLFRILSLNLIKIK,17,0.0,0.533257972294272
14979,NTSYRLISCNTSVI,17,0.47579,0.3223101502023122
14980,VLAGWLFHVRGARR,17,0.321246,0.8580000137568617
14981,AEMETESWIVDRQWA,17,0.343032,0.5357799839304841
14982,AEMVIHHQHVQDCDE,17,0.5949979999999999,0.6560283663354691
14983,AGWLFHVRGARRSGD,17,0.5494180000000001,0.8819163759540667
14984,AMTDTTPFGQQRVFK,17,0.33520500000000003,0.2721434477470509
14985,ATPPGTSDEFPHSNG,17,0.0,0.08321735610922651
14986,CEHLEDGIYGIFQST,17,0.469509,0.5584253023009059
14987,CGSYVTKTSGSAASM,17,0.569865,0.9098789657397671
14988,CTDKMFFVKNPTDTG,17,0.529787,0.5466328115401261
14989,DCRTAFKPVLVDEGR,17,0.475653,0.833662508620286
14990,DGGGFYADDTAGWDT,17,0.237065,0.24660623810203744
14991,DLDDEQEILNYMSPH,17,0.27658,0.2848744930494606
14992,DQGCSSALGSGPYGA,17,0.18143800000000002,0.3192529213641496
14993,DQRGSGQVVTYALNT,17,0.434342,0.7393437185694354
14994,EEPDDIDCWCYGVEN,17,0.305105,0.2375179435477656
14995,EERVERIKSEYMTSW,17,0.6330520000000001,0.6270951665833194
14996,EHEILNDSGETVKCR,17,0.0,0.2813858838880253
14997,EQEILNYMSPHHKKL,17,0.617078,0.8423556003038672
14998,ERIKSEYMTSWFYDN,17,0.475971,0.6755815802039263
14999,ERKLHQQGRCRTCVY,17,0.379454,0.3707786228074817
15000,FEALGFLNEDHWASR,17,0.3341,0.5869375759929859
15001,FHVRGARRSGDVLWD,17,0.526978,0.5086418317120522
15002,FSSAGGFFTSVGKGI,17,0.8718739999999999,0.7584320933370364
15003,FTQTMKGVERLAVMG,17,0.522127,0.6162024721835925
15004,FYADDTAGWDTRITE,17,0.0,0.4945916254297596
15005,GAAMVEIALGGVMGG,17,0.620059,0.5613932376074235
15006,GAMLVGQVTLLDLLK,17,0.6279640000000001,0.7158343283355101
15007,GCSSALGSGPYGALG,17,0.31355900000000003,0.553736391031084
15008,GDSYYYSEPTSENNA,17,0.46072700000000005,0.4154907944282598
15009,GETVKCRAPGGAKKP,17,0.0,0.28591490667618047
15010,GGVFHTMWHVTRGAF,17,0.7102069999999999,0.8790275099155471
15011,GKCDSAGRSRRSRRA,17,0.185625,0.16148246661081286
15012,GKEFIRCLALPFRGY,17,0.698876,0.7890818263077359
15013,GKGEWMTTEDMLEVW,17,0.299792,0.3634020465223586
15014,GKNLVFSPGRKNGSF,17,0.648176,0.7000467015617703
15015,GKTFSVGTGNCTTNI,17,0.659061,0.41655882450182563
15016,GLALSHLNAMSKVRK,17,0.513127,0.849620063268118
15017,GLFGGLNWITKVIMG,17,0.47790299999999997,0.8252632634347681
15018,GLRTLWSPRERLVLT,17,0.666267,0.843395183722134
15019,GPLDKEAIEERVERI,17,0.0,0.14931583104813062
15020,GPLIEGNTSLLWNGP,17,0.573455,0.38726608549222324
15021,GPLRISASSAAQRRG,17,0.714316,0.7779876597790012
15022,GRTTWSIHGKGEWMT,17,0.568122,0.5947329105421867
15023,GRWDGEEEVQLIAAV,17,0.340643,0.3706476645572726
15024,GSRAIWYMWLGARYL,17,0.778379,0.8965694979981425
15025,GTSDEFPHSNGEIED,17,0.0,0.18342585354351088
15026,HGVAKNPVVDGNPTV,17,0.23068200000000003,0.21491192715029006
15027,HTMWHVTRGAFLVRN,17,0.732862,0.8765176878343673
15028,HVTRGAFLVRNGKKL,17,0.337456,0.7301659307783191
15029,IEEAPEMPALYEKKL,17,0.25666700000000003,0.5715942380394105
15030,IGKLFTQTMKGVERL,17,0.631325,0.626696373724536
15031,IHHQHVQDCDESVLT,17,0.256104,0.2557800156292631
15032,IHLVIHRIRTLIGQE,17,0.695388,0.8307157732791167
15033,IHRIRTLIGQEKYTD,17,0.371609,0.4666065239896711
15034,INKGILVTVNPIAST,17,0.530936,0.6372273258890399
15035,ISGSSARYDVALSEQ,17,0.620059,0.63349004658206
15036,ISRRDQRGSGQVVTY,17,0.37690999999999997,0.24932849456095543
15037,KEAIEERVERIKSEY,17,0.16525,0.15362677001795266
15038,KEFIRCLALPFRGYL,17,0.762939,0.8587987314224993
15039,KGIHTVFGSAFQGLF,17,0.85125,0.8331383983513047
15040,KKGMTTVLDFHPGAG,17,0.373693,0.5704794732657461
15041,KNPTDTGHGTVVMQV,17,0.24612199999999998,0.2751578029441261
15042,KNPVVDGNPTVDIEE,17,0.214285,0.0995422285240629
15043,KRVPMALQHFGWEVM,17,0.629629,0.8349338271448403
15044,KTKNKTNWKQTWTFK,17,0.5019239999999999,0.2315797565430876
15045,KYSYYPEDPVKLASI,17,0.339982,0.7360110990242588
15046,LAEGIVLASAALGPL,17,0.85125,0.9359590940263566
15047,LDKRQFELYKRTDIV,17,0.463192,0.4255446032479107
15048,LGLTQPFLGLCAFLA,17,0.732862,0.7337051556260149
15049,LLVLAGWLFHVRGAR,17,0.0,0.8577750256109937
15050,LNDSGETVKCRAPGG,17,0.0,0.25484714157827254
15051,LNYMSPHHKKLAQAV,17,0.6086699999999999,0.8135075861516022
15052,LPQILAECARRRLRT,17,0.41095699999999996,0.6891491146812802
15053,LQEIPTMLKKGMTTV,17,0.503199,0.7310175634502822
15054,LQYGWKTWGKNLVFS,17,0.568122,0.6374230545519154
15055,LRLGKEFIRCLALPF,17,0.661401,0.6130576204492572
15056,LRTLVLAPTRVVLSE,17,0.85125,0.8904559183367552
15057,LSEEKVPWDQVVMTS,17,0.326018,0.6561927694522991
15058,LSFMDKGIPFMKMNI,17,0.591596,0.6595654708672674
15059,LVDEERKLHQQGRCR,17,0.2524,0.1994234546019995
15060,LWSPRERLVLTLGAA,17,0.5210819999999999,0.696590964503851
15061,MFFVKNPTDTGHGTV,17,0.550126,0.48909752193216605
15062,MIPSWASVKEDLVAY,17,0.563079,0.718009410836318
15063,MKGVERLAVMGDTAW,17,0.462089,0.47845920935549163
15064,MLGARYLEFEALGFL,17,0.592716,0.7284652355390961
15065,MSIHGKGEWMTTEDM,17,0.39064899999999997,0.5635860167702806
15066,MVLAGWLFHVRGARR,17,0.55084,0.885676087795184
15067,MYMWLGARYLEFEAL,17,0.620059,0.8893837094288516
15068,NKTKNKTNWKQTWTF,17,0.35901,0.23168705587206437
15069,NLWKMKTGRRGSANG,17,0.47222299999999995,0.6765404491231369
15070,NSYIAEMETESWIVD,17,0.25144,0.5179471148865147
15071,NVYQRGTHPFSRIRD,17,0.698876,0.689142288837559
15072,PFSRIRDGLQYGWKT,17,0.46572399999999997,0.33790387062577953
15073,PSWASVKEDLVAYGG,17,0.398163,0.5752390262482617
15074,PTMLKKGMTTVLDFH,17,0.682619,0.7621743634994629
15075,PTSENNAHHVCWLEA,17,0.31214000000000003,0.5920646063051558
15076,PTVDIEEAPEMPALY,17,0.47790299999999997,0.4504262156070393
15077,QRMFTREELIHFPEF,17,0.423253,0.635415495682365
15078,RERLVLTLGAAMVEI,17,0.787187,0.8878183299825937
15079,RGTHPFSRIRDGLQY,17,0.43765,0.5924289191708896
15080,RLGKEFIRCLALPFR,17,0.695388,0.6691103981584359
15081,RMLEPTRVVNWEVII,17,0.5530149999999999,0.5858727910908551
15082,RTLIGQEKYTDYLTV,17,0.31601,0.31098493017189843
15083,RVAYGKCDSAGRSRR,17,0.0,0.49040122029372113
15084,RYLEFEALGFLNEDH,17,0.541966,0.6568946017292211
15085,SAFQGLFGGLNWITK,17,0.611388,0.8389494763527973
15086,SARYDVALSEQGEFK,17,0.581082,0.6809260957232068
15087,SDQGCSSALGSGPYG,17,0.226003,0.24633088516794957
15088,SEYMTSWFYDNDNPY,17,0.542619,0.49025211167722565
15089,SGARSNVTFTVNQTS,17,0.47757799999999995,0.5181821409143114
15090,SGSAASMVNGVIKIL,17,0.598531,0.7191518215566209
15091,SHLNAMSKVRKDISE,17,0.498608,0.6377286594327485
15092,SNVTFTVNQTSRLLM,17,0.7102069999999999,0.8747243549020652
15093,SVGTGNCTTNILEAK,17,0.182897,0.19831174764601195
15094,SVKEDLVAYGGSWKL,17,0.732862,0.7933522188017336
15095,TARRHLAEGKVDTGV,17,0.305962,0.429190858747043
15096,TESWIVDRQWAQDLT,17,0.33105999999999997,0.55562178525969
15097,TLTYRMLEPTRVVNW,17,0.6920270000000001,0.9024010573087012
15098,TPFSLAEGIVLASAA,17,0.706274,0.908329586183503
15099,TRRFLPQILAECARR,17,0.5226529999999999,0.5332084360587698
15100,TRVVLSEMKEAFHGL,17,0.555996,0.8228135525835486
15101,VADDLTAAINKGILV,17,0.7102069999999999,0.6271596571004415
15102,VAIKGPLRISASSAA,17,0.7381449999999999,0.8266129246176761
15103,VDFGNSYIAEMETES,17,0.606029,0.425386341624852
15104,VDGNPTVDIEEAPEM,17,0.0,0.09851310150646286
15105,VDRDTARRHLAEGKV,17,0.396529,0.3930354237186236
15106,VEIALGGVMGGLWKY,17,0.474391,0.7792311479758103
15107,VLAPTRVVLSEMKEA,17,0.6047359999999999,0.690904462640852
15108,VLAPYMPDVLEKLEL,17,0.621587,0.5971510862347034
15109,VLEKLELLQRRFGGT,17,0.422893,0.6818203489315181
15110,VPTSWVPQGRTTWSI,17,0.455475,0.3574762626275157
15111,VTKTSGSAASMVNGV,17,0.541317,0.676057877271628
15112,VTRMAMTDTTPFGQQ,17,0.650253,0.3913477321213666
15113,WKTWGKNLVFSPGRK,17,0.590489,0.8344253375530113
15114,WVPQGRTTWSIHGKG,17,0.5286529999999999,0.4258287852995264
15115,YMPDVLEKLELLQRR,17,0.336959,0.4763357395051025
15116,YYSEPTSENNAHHVC,17,0.0,0.4958523845154763
15117,AAAGLAAAAPLESRQ,17,0.5516300000000001,0.7652453586303464
15118,AAGAQLLWQLPLLSI,17,0.401479,0.6490466973997918
15119,AAGVAAWSLIALMIP,17,0.400752,0.9192965055443861
15120,AALPLLFFALAGQRI,17,0.578917,0.8197211509099708
15121,AAPEAARSLASSLPG,17,0.409022,0.7283842305477733
15122,AAPLSWSKDIYNYME,17,0.353364,0.48069765873207465
15123,AASGADGTYDITKLG,17,0.079256,0.19134714261284289
15124,AAVELARALVRAVAE,17,0.678922,0.9111335455439765
15125,ADDLTAAINKGILVT,17,0.528714,0.7129058074054332
15126,ADNSLDYAANFSHML,17,0.590731,0.8264340078992046
15127,ADSVKGRFTISRDNS,17,0.095183,0.6356851529133106
15128,AELMILIATNLLGQN,17,0.180399,0.7073910516069828
15129,AFKVAAEAANAAPAN,17,0.632306,0.9240567342675287
15130,AFKVAAKAANAAPAN,17,0.638506,0.9775798043341186
15131,AFKVAAQAANAAPAN,17,0.8317889999999999,0.9596068458491164
15132,AFKVAATAENAAPAN,17,0.704237,0.984473491612874
15133,AFKVAATAKNAAPAN,17,0.698365,0.9790282507215526
15134,AFKVAATAQNAAPAN,17,0.685793,0.9865238551594824
15135,AFKVAATAWNAAPAN,17,0.699673,0.9856965762592464
15136,AFKVAATFANAAPAN,17,0.789882,0.9907327456993656
15137,AFKVAATLANAAPAN,17,0.739861,0.9933482283383327
15138,AFKVAATRANAAPAN,17,0.601019,0.987436303079508
15139,AFKVAATYANAAPAN,17,0.796245,0.9891214918084575
15140,AFMLAWNYGVPRVMS,17,0.839827,0.857515586748339
15141,AFQGLFGGLNWITKV,17,0.46893199999999996,0.8623669174243479
15142,AGALEVHAVKPVTEE,17,0.27270700000000003,0.50507895768254
15143,AGAWRTAAVELARAL,17,0.831016,0.8776604742463607
15144,AGLLGNVSTVLLGGV,17,0.541966,0.6750291967365277
15145,AGLLGVVSTVLLGGV,17,0.541966,0.7060252170634995
15146,AGLTHMMIWHSNLND,17,0.208873,0.8682468415203412
15147,AGRFEVHAQTVEDEA,17,0.537671,0.4257799334885536
15148,AGYLVGRKPLAFFSW,17,0.373211,0.877160573100071
15149,AIAGAWENGVCGIRS,17,0.311246,0.3576681242119468
15150,AINIFNVEKYGAVGD,17,0.267602,0.7053258440532241
15151,AKPDGKTDCTKEVEE,17,0.22968400000000003,0.054591011308830456
15152,ALKESWGAIWRIDTP,17,0.329281,0.7779947726580717
15153,ALLPRAGAAAAAALP,17,0.46474099999999996,0.8821586808505911
15154,ALQSHDDVALVSVMW,17,0.346197,0.4777700772955213
15155,ALRVIAGALEVHAVK,17,0.565203,0.8582440535214536
15156,ALSDPYLSFAAALNG,17,0.7812319999999999,0.8809676141638728
15157,ALTKAITAMSEVQKV,17,0.507034,0.8130422136632346
15158,AMFVEDIAMGYVVSS,17,0.674632,0.6365584682756509
15159,APGAAAAPLSWSKDI,17,0.469944,0.7439839297825911
15160,APNGGFRRIPRGALH,17,0.48444899999999996,0.450536782008598
15161,AQAVYDFRSIVDYLR,17,0.402371,0.6339754491841649
15162,AQIYQAVSAQAAAIH,17,0.968902,0.922096061856296
15163,ARGYISTRVGMGEAA,17,0.301821,0.779974846292145
15164,ASAAILGHDGTVWAQ,17,0.31968,0.2698885150552225
15165,ASIAARGYISTRVGM,17,0.43074700000000005,0.8463008933090875
15166,ASLIYRRRLMKQDFS,17,0.0,0.6377653369832543
15167,ASNPNYLAILVKYVD,17,0.6651020000000001,0.7490099581080574
15168,ASPLTGIADASQSSM,17,0.036067,0.6210687365030781
15169,ASVGKMIDGIGRFYI,17,0.19006199999999998,0.4717595218942821
15170,ATPPPPPPPQLGASP,17,0.08795499999999999,0.02319297513653326
15171,ATSPTAEGGKATTEE,17,0.017618,0.07104253367548316
15172,ATTANVPPADKYKTF,17,0.34712,0.23745442172971767
15173,AVFEAALTKAITAMS,17,0.6582020000000001,0.9341579845114404
15174,AVFEAALTKAITAMT,17,0.6379779999999999,0.9391435839557181
15175,AVGLFIRLLGGESDA,17,0.33353,0.6975802028049755
15176,AVHVWLRLPAGRVEI,17,0.41066499999999995,0.7758761590394997
15177,AVIRGKKGAGGITIK,17,0.504988,0.41878810112855974
15178,AVMLTFDNAGMWNVR,17,0.501885,0.6993604106601173
15179,AWASACGGTGKNTIV,17,0.26302600000000004,0.23762460712580832
15180,AYGSFVRTVSLPVGA,17,0.739471,0.947233493976377
15181,AYSDDKSMKVTVAFN,17,0.39669299999999996,0.6665474078525149
15182,AYTSSDDQISLFDQS,17,0.164162,0.20206139633408818
15183,AYVATVSEALRIIAG,17,0.621711,0.8871511096865727
15184,CADILAIASRVLVTM,17,0.665651,0.8825915977716581
15185,CDASILIDPLSNQSA,17,0.238465,0.47921354158694845
15186,CGGTGKNTIVIPKGD,17,0.14443599999999998,0.28599402923019457
15187,CGYKDVDKPPFDGMT,17,0.081196,0.1650453242125126
15188,CIEYVTLNASQYANC,17,0.428134,0.8057015772197081
15189,CMTVQGGETMNSVIQ,17,0.273314,0.3524998117220634
15190,CPLDHVNTLHFLTRG,17,0.204488,0.6382422096300401
15191,CQFLKVEKSQLLNEF,17,0.7809659999999999,0.6690185756794922
15192,CRSCTLPPLRYMGED,17,0.09286599999999999,0.6712485378915634
15193,CSNLSTCVLGKLSQE,17,0.10913099999999999,0.6451656334594521
15194,CTGMLKRRLGLMSLS,17,0.746413,0.7626080880075032
15195,DALTLRTATNIWIDH,17,0.532439,0.4653427980145305
15196,DCSEYPKPDCTAEDR,17,0.0,0.07962867978457579
15197,DEARRMWASAQNISG,17,0.778848,0.7650159195754445
15198,DEPMVQVEAGKVNHS,17,0.28221399999999996,0.4499130175020313
15199,DESWQQFRQELIPLL,17,0.517432,0.6442624112146587
15200,DFGNSYIAEMETESW,17,0.30954699999999996,0.5018265641272802
15201,DGQGKAVWGKNSCAK,17,0.114935,0.27140066429280263
15202,DHTNFKYNYSVIEGG,17,0.36441399999999996,0.7151571752559558
15203,DIDLGRNEVVNDVST,17,0.365399,0.2544104389470876
15204,DIFTNSRGKRASKGN,17,0.4266,0.6495497194735987
15205,DINASFRAAMATTAN,17,0.6929850000000001,0.9304513494657962
15206,DITVKNCVLKKSTNG,17,0.210017,0.6687858649290472
15207,DIYKGVYQFKSVEFD,17,0.383157,0.6448997800311612
15208,DKKCIEWEKAQHGAC,17,0.417756,0.43744771260069326
15209,DKLTGPFTVRYTTEG,17,0.40473000000000003,0.46602214187524416
15210,DKPFQNVNRITYGAC,17,0.155954,0.38787061626371777
15211,DKVYEILKINSVKYY,17,0.763868,0.6978089177514292
15212,DLVANQPNLKALREK,17,0.21338600000000002,0.3799639604290374
15213,DMDKVETFLRIVQCR,17,0.10457999999999999,0.46527603571543213
15214,DMLKLFEFNKKAIET,17,0.496263,0.7104424772008294
15215,DRTELLEMVCFHEFL,17,0.302423,0.6010206053540882
15216,DTFRKDFRVYDNFLR,17,0.275519,0.32974245942541275
15217,DTFRKLFRRYSNFLR,17,0.501084,0.8315341430442539
15218,DVDIIVDARLDLSST,17,0.0,0.30428925908072607
15219,DVFYNGAYFVSSGKY,17,0.489221,0.8413440775254168
15220,EAAFNKAIKESTGGA,17,0.32416,0.7508820309215408
15221,EAVLEDPYILLVSSK,17,0.0,0.7011776588664433
15222,EAYRMRFAAVITRVI,17,0.62408,0.929670166543786
15223,EDPLFQLVSKLYEVV,17,0.588939,0.7399734427996216
15224,EEFVSLASRFLVEED,17,0.955398,0.8355627160740868
15225,EEIITLNSYGSFQEF,17,0.576134,0.6435846755416285
15226,EFIPMKSSWGAIWRI,17,0.556977,0.8388600359202455
15227,EFVTLAAKFIIEEDS,17,0.43375600000000003,0.8636255340789767
15228,EGHHLASAAIFGHDG,17,0.489762,0.877487352319657
15229,EGHHLASAAILGHDG,17,0.45811899999999994,0.8165780692775583
15230,EGKVVQYENLKYTVI,17,0.236767,0.5283546513421006
15231,EHELYVAVLSNALHR,17,0.5512279999999999,0.82659947099531
15232,EIESCRKNSCECNFE,17,0.08507999999999999,0.11314392699355703
15233,EITGIMKDFDEPGHL,17,0.105601,0.1653449857855981
15234,EKMFVSPTPGQRNPY,17,0.399856,0.5927537081034562
15235,ELAAVSVDCSEYPKP,17,0.077194,0.35445226269542396
15236,ELKESWGAIWRIDTP,17,0.373564,0.7502060052059856
15237,ELLDQSDVKEPGVSR,17,0.241652,0.18472612120853943
15238,ELYKYKVVKIEPLGV,17,0.768501,0.7626115716894641
15239,EMETESWIVDRQWAQ,17,0.127802,0.4945409863849001
15240,EPAYFATAESVRDHL,17,0.695345,0.9244184664316438
15241,EQCGRQAGGKLCPNN,17,0.271389,0.2201316438401765
15242,EQFLGALDLAKKRVH,17,0.0,0.6692699013427234
15243,ERRNKYLEEHPSAGK,17,0.22225799999999998,0.39228407784366004
15244,ESLHNPYPDYHWLRT,17,0.19583599999999998,0.22007261680349133
15245,ESTGGAYDTYKSIPS,17,0.42311800000000005,0.24423923226782862
15246,ESWGAVWRIDTPDKL,17,0.22817300000000001,0.7106197536903764
15247,ESWIVDRQWAQDLTL,17,0.363068,0.5145784073886002
15248,EVFCQTIKLDSEEYH,17,0.5607,0.48642937310503576
15249,EVVKANGGYLAAGKL,17,0.645342,0.7594011362698122
15250,EVYEARLTKFKYLAG,17,0.48778599999999994,0.8416743776741891
15251,EYIEAAKWLLPPPKV,17,0.569704,0.7583538942413426
15252,FARIETAFANLYPGE,17,0.6570819999999999,0.8640640612442838
15253,FAVATITHAAELQRV,17,0.617007,0.7626424288363389
15254,FDELELDPPEIEPGV,17,0.091853,0.06889809678782521
15255,FDHEFTFGWDELLSK,17,0.5467270000000001,0.5208202035327373
15256,FDPYGATISATPESA,17,0.9529190000000001,0.6667696647196064
15257,FDREFTFGWDELLSK,17,0.598861,0.5208202035327373
15258,FEAAFNDAIKASTGG,17,0.44131499999999996,0.7706708714862821
15259,FEFNKKAIETLNDNT,17,0.301058,0.7080938232619297
15260,FEQITFMQALQLLLE,17,0.644157,0.8184098249512933
15261,FFVKNPTDTGHGTVV,17,0.0,0.505966602274955
15262,FGPASFARIETAFAN,17,0.47158900000000004,0.8841905675094737
15263,FGTMPSLTLACLTKQ,17,0.706678,0.8651910424607762
15264,FIMAYVNQAHHIDLM,17,0.8256879999999999,0.8703729769133642
15265,FIVFLLLAGRSCSYK,17,0.160968,0.7374903154624891
15266,FLAVAVVLGLATSPT,17,0.40207,0.7325556801230936
15267,FLFQRAVAREAIIAL,17,0.8644569999999999,0.8467732638332824
15268,FLLMYEMHRESLLKS,17,0.129274,0.8379225494122471
15269,FNSLISIAQHLVSDR,17,0.181367,0.760423025414386
15270,FQTMPGTFQTTTGEI,17,0.304751,0.7650319034969031
15271,FQTVGSGLDHILSLA,17,0.27334899999999995,0.7238353700440698
15272,FRKYTAFTIPSINNE,17,0.661401,0.8250213595631579
15273,FTSLEYIEAAKWLLP,17,0.45041000000000003,0.8407273353143763
15274,FVNQHLCGSHLVEAL,17,0.324621,0.6454246933431347
15275,FVVTGRVYCDPCRAG,17,0.17641300000000001,0.19914658064175272
15276,FWYVNHTGFNVHSLP,17,0.38814299999999996,0.8512910282294374
15277,GARYLEFEALGFLNE,17,0.5936170000000001,0.7210897244340729
15278,GAVDIINKWQVVAPQ,17,0.097829,0.6563349451351193
15279,GAYFVSSGKYEGGNI,17,0.38682,0.8717501806983798
15280,GEGIPLYDAIKCMRT,17,0.3058,0.6279187937263732
15281,GEIYKRWIILGLNKI,17,0.419199,0.8030840397146893
15282,GELEFEEFVSLASRF,17,0.563121,0.7056926805369612
15283,GENGRKTRSAYERMC,17,0.181124,0.47973156693665675
15284,GEVEIQFRRVKCKYP,17,0.261841,0.36739399725230654
15285,GEVLNALAYDVPIPG,17,0.622305,0.5401663456656667
15286,GFTRRFKFLLNISYL,17,0.173414,0.7929834705392345
15287,GGACGYKDVDKPPFS,17,0.0,0.1214321395426924
15288,GGGFGMLLRKYGIAA,17,0.26721999999999996,0.8842220311417244
15289,GGSILKISNKFHTKG,17,0.47232799999999997,0.8001482421387779
15290,GGSILKISNKYHTKG,17,0.542704,0.7288290548427679
15291,GIHTVFGSAFQGLFG,17,0.343815,0.7897480707686133
15292,GIKVGYTAHIRKATE,17,0.34229,0.8553102151398067
15293,GIRHLFGNYITNDSY,17,0.389221,0.7449724125194946
15294,GIVEQCCTSICSLYQ,17,0.11861400000000001,0.23243338325977175
15295,GKGTLDGQGKAVWGK,17,0.2055,0.31431032595948943
15296,GKIDFLNNYALFLSP,17,0.6012069999999999,0.6623732068237895
15297,GKIVHISPLSGSAQH,17,0.541366,0.7985735730963713
15298,GKLFTQTMKGVERLA,17,0.334564,0.6082743093497097
15299,GKLIHEWCCRSCTLP,17,0.136598,0.5190155567773184
15300,GKSSFCDICGEELPT,17,0.337513,0.18518725596604066
15301,GKTVWFVPSIKAGND,17,0.574347,0.8812251617165342
15302,GLAYKFVVPGAATPY,17,0.553383,0.8892093959252708
15303,GLEWNDNTVRVSETL,17,0.34207,0.30076840152137435
15304,GLSGEPKGGAESSSK,17,0.27227399999999996,0.07135439699571923
15305,GLTHMMIWHSNLNDT,17,0.185606,0.8648842417893858
15306,GLVPKLDAAYSVAYK,17,0.762764,0.7830132073766348
15307,GMTGMLWETSLLDPE,17,0.390406,0.7320533715784084
15308,GNIVAVDIKPKDSDE,17,0.151038,0.3281733270440796
15309,GPPVEASAAALAGDA,17,0.515205,0.6991479233795911
15310,GRKTRSAYERMCNIL,17,0.20790999999999998,0.6450917493771117
15311,GSHLVEALYLVCGER,17,0.20594,0.6671339243643907
15312,GTKGEAKDVIPEGWK,17,0.064952,0.07378778365287439
15313,GVLKNEFMSLAFDYW,17,0.671616,0.7433296427455847
15314,GWIISNIFGAIPVLA,17,0.87387,0.8302385183548229
15315,GWIISNIFGAIPVLG,17,0.992539,0.8225538298234164
15316,GYKDWILWISFAISC,17,0.19536099999999998,0.7541791332313909
15317,HAYYLQYKNVRPDYL,17,0.5865090000000001,0.7291961574266732
15318,HDYEGLSYRSLQPET,17,0.467034,0.6215763429369026
15319,HEWCCRSCTLPPLRY,17,0.168262,0.5254383741397071
15320,HFSNVFRSVMAPFTM,17,0.962885,0.8863917162219963
15321,HGRQIRMAKLLGRDP,17,0.40033,0.6893738813331425
15322,HMAKEDLVANQPNLK,17,0.11203699999999998,0.25212898424120167
15323,HSLLRTQRLHKFLVC,17,0.510128,0.7943621970084416
15324,HSRNLINELSERMAG,17,0.31275,0.42164710113795334
15325,HTLWSNGVLESDMII,17,0.108536,0.5627817356938255
15326,HTQTAGPWHLGKLEL,17,0.1986,0.5268251883912698
15327,IAAMMTSPLSVASMT,17,0.568909,0.9063616785210692
15328,IAIAFLSVSNNYEYI,17,0.8613139999999999,0.7631132198509508
15329,IAPIMFSNKMARLGK,17,0.30540700000000004,0.8719907870903933
15330,IASLFAAAGLAAAAP,17,0.618949,0.9636237151739071
15331,IEFRFYKEITNVFRG,17,0.648199,0.6796904358654835
15332,IGRIAETILGYNPSA,17,0.545546,0.6389215482202525
15333,IHKASTVLAFPAGVC,17,0.419613,0.9084086247120526
15334,IIELFTAKGFTVQEM,17,0.775017,0.7617781331833104
15335,IISTFHLSIPNFNQY,17,0.770263,0.7263482411917459
15336,IITPTNVSHIQSAVV,17,0.474922,0.5886498939740694
15337,IKDVLKYRWLNLSAN,17,0.270855,0.7356618552628544
15338,ILDLCYQLSMRIANQ,17,0.188255,0.7766839920673043
15339,ILKGLYNFATCGLIG,17,0.425849,0.8007419066207346
15340,ILKGVINIWGSGLLQ,17,0.607305,0.7032667368603471
15341,IMRIKKLTITGKGTL,17,0.292501,0.6371745741205251
15342,INLIIHYVDRPGALG,17,0.483965,0.6054945532114203
15343,IPKGDFLTGPLNFTG,17,0.319941,0.386451213073825
15344,IPSIIHEALNIALIA,17,0.66018,0.6615028894171211
15345,IPVMAYLVGLFAWVL,17,0.10959300000000001,0.9088698328733893
15346,ISATPEWATPFPHRK,17,0.135964,0.59049219794225
15347,ISDFRAAIANYHYDA,17,0.7603340000000001,0.7592659741547566
15348,ISGLKPGVDYTITVY,17,0.65761,0.2864035453401775
15349,ITAMSEVQKVSQPAT,17,0.451375,0.615850936004202
15350,ITDAVGNDMPGGYCL,17,0.19819,0.2911033208237025
15351,ITFMQALQLLLEVEQ,17,0.723124,0.6966746115122214
15352,IVLNHMTGAQSGKGT,17,0.6506890000000001,0.687256839011397
15353,IVQNAYKQMIKSRTL,17,0.155577,0.7762484887648006
15354,IYEPEDLGNCLNKSD,17,0.204441,0.2713922579615226
15355,IYWTIVKPGDILLIN,17,0.411263,0.6977435666634001
15356,KAIKESTGGAYDTYK,17,0.477996,0.2339673524799884
15357,KASNPNYLAILVKYV,17,0.6730229999999999,0.696960028039283
15358,KCKYPEGTKVTFHVE,17,0.222313,0.41340776968232734
15359,KDKWIELKESWGAIW,17,0.585147,0.5803576986492194
15360,KEVEEAWASACGGTG,17,0.324228,0.3941178901345172
15361,KEYTFPITLSSTSNP,17,0.169344,0.846620797339221
15362,KFTQFAGKDLESIKG,17,0.427255,0.6159061167531507
15363,KFVDSTVVASVTIID,17,0.29275300000000004,0.5387397757985025
15364,KGKDKWIELKESWGA,17,0.33546,0.5395510061944505
15365,KGLHHLQIILSGKMA,17,0.7986449999999999,0.8248246362217931
15366,KGSNDHYLALLVKYA,17,0.480339,0.6952474461810529
15367,KGVERLAVMGDVAWD,17,0.35523299999999997,0.4371530739740287
15368,KHLAVLVKYEGDTMA,17,0.12878599999999998,0.6380552704975779
15369,KIEIDQDHQEEICEV,17,0.353157,0.0682894801851846
15370,KILEPFRKYTAFTIP,17,0.454459,0.8785099624666252
15371,KKGAGGITIKKTGQA,17,0.143702,0.2995598991144613
15372,KLCLMKAQPTSWPLQ,17,0.639724,0.8302635281459971
15373,KLCPNNLCCSQWGWC,17,0.030125,0.22928208830164912
15374,KLKIQNVIIDECYGA,17,0.069565,0.5153030423630973
15375,KLPWKNESSIKVIKQ,17,0.42219700000000004,0.6058850489727741
15376,KLSQELHKLQTYPRT,17,0.08880199999999999,0.5164091105795596
15377,KLTITGKGTLDGQGK,17,0.185324,0.32960362522182746
15378,KMDKLELKGMSYAMC,17,0.357946,0.78851856754559
15379,KMPMYIAGYKTFDGR,17,0.31083099999999997,0.8280337943960475
15380,KNTIVIPKGDFLTGP,17,0.23418200000000003,0.4919612241631988
15381,KPPFSGMTGCGNTPI,17,0.312151,0.44611745699786165
15382,KQCFRKLPVNRPIDW,17,0.20963299999999999,0.44771184472067566
15383,KQIANELNYILWENN,17,0.280118,0.4201742424888288
15384,KRFFLPVFSDEVLAG,17,0.360429,0.8749555704746668
15385,KRWIILGLNKIVRMY,17,0.6247199999999999,0.8130445643385004
15386,KSIIKARVVWKAIIE,17,0.68706,0.8595758273162799
15387,KSMKVTVAFNQFGPN,17,0.417812,0.7952659356837742
15388,KSRTLKSFFAWSLSD,17,0.37248600000000004,0.9324886930335075
15389,KSTNGLRIKSYEDAK,17,0.192473,0.5495516884955844
15390,KTDCTKEVEEAWASA,17,0.172894,0.2602355437252354
15391,KTLILLETFVRVNPD,17,0.33250599999999997,0.6926072014105145
15392,KTLILLETFVRVNPE,17,0.37193699999999996,0.7125214970883944
15393,KTRRFLPQILAECAR,17,0.40874299999999997,0.5184235237749404
15394,KTVSEGAVDIINKWQ,17,0.039947,0.47778572870708635
15395,KVGEVCSFYADPKRY,17,0.479624,0.4454891884118653
15396,KVTFLSQVHPSPLLT,17,0.585547,0.7471713159379013
15397,KYDAYVATLSEALRI,17,0.803137,0.8614313446524943
15398,KYKTFEAAFTVSSKR,17,0.623575,0.9602722323623407
15399,LAQILMDNDLAATND,17,0.335555,0.3933177094285882
15400,LDGNLLSSNDLAKYK,17,0.364576,0.5216483543096201
15401,LDMIITAVNSLISDN,17,0.619577,0.7366662109856444
15402,LEAKATFYGSNPRGA,17,0.402049,0.7034847284017743
15403,LEKISNEIKIVATPD,17,0.300597,0.5368280007224943
15404,LFFNHHKVMLLGHDD,17,0.41637799999999997,0.914044537627844
15405,LFGGLNWITKVIMGA,17,0.213402,0.8167005522007499
15406,LGAVYRYKKLKEMSA,17,0.561204,0.7505247307162004
15407,LGMNHVLQSIRRNYP,17,0.0,0.7231470274650037
15408,LGSQEGAMHTALTGA,17,0.240096,0.6786704192786704
15409,LHFSEALRIIAGTPE,17,0.570551,0.9137052668810108
15410,LHLYSHPIILGFRKI,17,0.320998,0.8387472278438751
15411,LIKTLQSKLSRNFTK,17,0.48889499999999997,0.7997539577299817
15412,LKCRLKMDKLELKGM,17,0.181531,0.3477883700606368
15413,LKLATGMRNVPEKQT,17,0.40283800000000003,0.6749881458371496
15414,LKNCVDAKMTEEDKE,17,0.111515,0.19926778125964006
15415,LLNEFNNLYADKVSV,17,0.588555,0.49046614668907496
15416,LLTWIKMLAAKNLPI,17,0.657028,0.8909121754685115
15417,LLWDYMCISLSTAIE,17,0.925375,0.8183796830656449
15418,LNIKLNMPLYIAGNK,17,0.5336989999999999,0.6940629298103098
15419,LNWITKVIMGAVLIW,17,0.538514,0.8633385303360408
15420,LQFAKLTGFTLMGKG,17,0.45297200000000004,0.8192978961253843
15421,LQFNQMMNPSHVKFL,17,0.914592,0.8173876552838685
15422,LQMVGMRRPQQGASG,17,0.369042,0.5478135527876064
15423,LQSLWANFYELLADA,17,0.413267,0.6826310411319881
15424,LRAHRLHQLAFDTYQ,17,0.110569,0.6204530287781886
15425,LRIAAKIYSEADEAW,17,0.341561,0.846230083960056
15426,LRKDYIKRQGSTPLA,17,0.713252,0.5316902662113194
15427,LRTKLMTSRRVLEKE,17,0.395495,0.6794728827980253
15428,LRYRYGLFKQRIAKE,17,0.6970390000000001,0.8396995734113306
15429,LSFAAALNGLAGPLH,17,0.899483,0.8156037605502662
15430,LSKDGCTSAKGPDYK,17,0.323185,0.10316720242650892
15431,LSPLTKGILGFVFTL,17,0.569183,0.8369461872719138
15432,LSSNDLAKYKANWIE,17,0.18853599999999998,0.626805182083251
15433,LSYRSLQPETFAVVD,17,0.6990460000000001,0.8179210481876857
15434,LTHMMIWHSNLNDAT,17,0.234539,0.8768709297561971
15435,LVKFVAGDGDVVAVD,17,0.46211599999999997,0.4344259954838926
15436,LVKYEGDTMAEVELR,17,0.128847,0.3536670762028343
15437,LVPFVQWFVGLSPTV,17,0.684135,0.8454380746366099
15438,LVSKLYEVVPGILTE,17,0.956534,0.7802103245635915
15439,LWNGPMAVSMTGVMR,17,0.47057,0.9199601450243271
15440,LWTQSLRRELSGYCS,17,0.7263470000000001,0.6905419563673589
15441,MAFLRSVSRLAAAVF,17,0.616382,0.8659049567912999
15442,MASSSSVLLVVALFA,17,0.103307,0.771440629771884
15443,MASSSSVLLVVVLFA,17,0.204441,0.6660964471295236
15444,MDCIIFESASKARLP,17,0.689028,0.9050929623760781
15445,MGAVLIWVGINTRNM,17,0.207558,0.8735633592035804
15446,MGEAVQNTVEDLKLN,17,0.12577,0.24429932785118963
15447,MGNSKSKSNPSSSSE,17,0.49224300000000004,0.2814439795552405
15448,MGQLISFFGEIPSII,17,0.7259359999999999,0.7386158985811092
15449,MILVGVIMMFLSLGV,17,0.408539,0.4313239821586966
15450,MLLRKYGIAAENVID,17,0.686208,0.7532149466488535
15451,MNMSRQGIFQTVGSG,17,0.363288,0.5892030784804221
15452,MSFVTTQPEALAAAA,17,0.79119,0.9093479629896097
15453,MSLLTEVETYVLSII,17,0.344357,0.5490418515395044
15454,MSLLTEVETYVLSIV,17,0.368604,0.5490418515395044
15455,MSQIMYNYPAMMAHA,17,0.414185,0.9331435747625524
15456,MSQIMYNYPAMRAHA,17,0.6173,0.8806172966668391
15457,MVVERLGDYLVEQGM,17,0.27484699999999995,0.3474784589574364
15458,MYFHRRDLRLASNAI,17,0.619762,0.7977240427426869
15459,NCEALSLVSHIVKWK,17,0.0,0.8084330288417374
15460,NCVLKKSTNGLRIKS,17,0.6325270000000001,0.6792265348248702
15461,NDAIKASTGGAYESY,17,0.5357029999999999,0.6983960403999856
15462,NDFLKTGHYTQMVWA,17,0.384075,0.7158937446961904
15463,NDKPFQNVNRITYGA,17,0.139544,0.4147727643764844
15464,NFTVGRIIELFTAKG,17,0.539569,0.794301973688501
15465,NHFFNHHKVMLLGHD,17,0.6122770000000001,0.8940425423861651
15466,NHFFNHHKVMLLGHS,17,0.569596,0.8940425423861651
15467,NHVIQSVRRLYPKIF,17,0.631836,0.7061990279031054
15468,NIWADDLAASLSTLE,17,0.736135,0.6462737235175616
15469,NKGILVTVNPIASTN,17,0.382894,0.6817383261652061
15470,NKNFFWAVKPKAVRQ,17,0.860189,0.9137091704287448
15471,NKYLEEHPSAGKDPK,17,0.168073,0.4194017116864438
15472,NLLWKQIANELNYIL,17,0.0,0.6204562803544198
15473,NLMGKTLILLETFVR,17,0.0,0.7373704459086339
15474,NLNIKLNMPLYIAGN,17,0.382721,0.6641599653228115
15475,NMVVERLGDYLVEQG,17,0.289487,0.3438880676288104
15476,NNRIWLQFAKLTGFT,17,0.501224,0.8464155594555062
15477,NNVVQALTSLGLLYT,17,0.9138940000000001,0.7643963524639349
15478,NPLIRHENRMVLAST,17,0.579116,0.7542363674705947
15479,NPRQAYANYRDIDLG,17,0.224733,0.5862710705860433
15480,NPTDTGHGTVVMQVK,17,0.0,0.4550931114026102
15481,NRIMADGGSIQNTNL,17,0.38076,0.2905587554490142
15482,NSFYYMKGGVNTFLI,17,0.079047,0.9090894475312531
15483,NSLVYGASDSNVYDL,17,0.235871,0.5371409536147063
15484,NSVIQALTSLGLLYT,17,0.845511,0.7892019633303802
15485,NSVVQALTSLGLLYT,17,0.867426,0.7314364261645611
15486,NVSHIQSAVVCGRRH,17,0.530594,0.5127412996057659
15487,NYLALLVKFVAGDGD,17,0.527411,0.820127803147269
15488,PAAAYATATPAAATA,17,0.856033,0.5571894628955464
15489,PAGVCPTIGVGGNFA,17,0.136303,0.19305897484282822
15490,PALFFTFLANLNLTE,17,0.260508,0.7599256008402576
15491,PALLALLALPALLLL,17,0.402358,0.531854688132279
15492,PASWKNNRIWLQFAK,17,0.246025,0.6497343307008816
15493,PCKGDSVTIKLDGNL,17,0.211691,0.24543647246385078
15494,PCRAGFETNVSHNVQ,17,0.41043999999999997,0.5712954533143634
15495,PDLPYDYGALEPAIS,17,0.578599,0.5569748000944386
15496,PEGLLWLLLTGKVPT,17,0.509554,0.8741368322904643
15497,PEQIQLLKKAFDAFD,17,0.360794,0.7069122526799846
15498,PEVKYAVFEAALTKA,17,0.5491659999999999,0.9705421574446017
15499,PGTFQTTTGEIGAIA,17,0.46316999999999997,0.4741404428566221
15500,PIEHIASMRRNYFTA,17,0.21372600000000003,0.813960447469199
15501,PIIIDQKYCPNKICT,17,0.205767,0.26599018300163657
15502,PIYIVTPTNASHIQS,17,0.619791,0.7649938634622037
15503,PKDSDEFIPMKSSWG,17,0.47437299999999993,0.6345507353223059
15504,PKGGAESSSKAALTS,17,0.350008,0.5613755316910152
15505,PLYKLVHVFINTQYA,17,0.5545399999999999,0.8240682792713834
15506,PPDAASAAPLRTITA,17,0.161897,0.6894888457631396
15507,PPPPQLGASPYKLGP,17,0.319403,0.5704993851196349
15508,PQVKYAVFEAALTKA,17,0.700371,0.967702828208581
15509,PSPSMGRDIKVQFQS,17,0.283326,0.2562502431436285
15510,PTHRHLKGEACPLPH,17,0.356327,0.21166430535913655
15511,PTLAFPAGVCPTIGV,17,0.37766500000000003,0.6197702168240417
15512,PYGATISATPEWATP,17,0.279464,0.5840911200814685
15513,QAGGKLCPNNLCCSQ,17,0.09906000000000001,0.2124602696103393
15514,QDHQEEICEVVLAKS,17,0.177647,0.44567800579503714
15515,QDVLLFTPASTEPQS,17,0.41831999999999997,0.8062860577967135
15516,QEVFKAIQSLKTTEV,17,0.645399,0.8237679339527315
15517,QFKRASPILRFLYAN,17,0.930263,0.8721265194931583
15518,QFRRVKCKYPEGTKV,17,0.197944,0.3431780487684253
15519,QGEPGAVIRGKKGAG,17,0.323184,0.4556208175262003
15520,QGEPGRVIRGKKGAG,17,0.22014899999999998,0.32388194145825505
15521,QHLCGSHLVEALYLV,17,0.176304,0.7163354497808094
15522,QHNHRPGYHTQTAGP,17,0.082719,0.558700268517015
15523,QIHQYIMALREEYFD,17,0.612417,0.7056213513455735
15524,QIRMAKLLGRDPEQS,17,0.29078899999999996,0.6128801394053697
15525,QKLIEDINASFRAAM,17,0.629249,0.8262942053249092
15526,QKRTLSLLQYARYPI,17,0.127616,0.8534052601044138
15527,QKYCPNKICTSKGDS,17,0.014436000000000001,0.43083295383632303
15528,QLSALWARFPLPVIP,17,0.405084,0.9091651575614552
15529,QLYSKFLLKAEPLAF,17,0.839052,0.8707265033601788
15530,QPCNGVTMNDVKIEY,17,0.192749,0.24661974425450547
15531,QPNLKALREKVLGLP,17,0.296485,0.6624954921327766
15532,QVPSASMGRDIKVQF,17,0.331394,0.5176202950040273
15533,RAMFVEDIAMGYVVS,17,0.877591,0.7108656517092928
15534,RCALHWFPGSHLLAC,17,0.602272,0.8490197139739957
15535,RCALHWFPGSHLLHV,17,0.616727,0.889298639388826
15536,RDCLIAHGAANTITE,17,0.816526,0.720061168769763
15537,REQFLGALDLAKKRV,17,0.095644,0.6340909130583748
15538,RFFVWGDEVPLLTKF,17,0.856399,0.6061466387931339
15539,RFTISRDNSKNTLYL,17,0.029006,0.2799937561960406
15540,RGLLRRARGGPHHRR,17,0.47923000000000004,0.5084878579586539
15541,RIDTPDKLTGPFTVR,17,0.36635700000000004,0.2572280529341695
15542,RIIAGTLEVHAVKPA,17,0.528098,0.6975410455993597
15543,RKELLVTFKNAHAKK,17,0.6414449999999999,0.9115811980347355
15544,RKHIEWNCDVCRHGD,17,0.042645999999999996,0.27131198075547763
15545,RLATAIAGAWENGVC,17,0.177431,0.6795463216712215
15546,RLEFDEFVTLAAKFI,17,0.575321,0.9073380463241693
15547,RLKGESRKTFVELMR,17,0.68606,0.5552989410401549
15548,RLMSMKSVQNNTVLK,17,0.16784200000000002,0.7343825277272709
15549,RMAMTDTTPFGQQRV,17,0.13483900000000001,0.3002411474027217
15550,RMFSSTLRAAVPWYA,17,0.679696,0.9249770823037478
15551,RMVLASTTAKAMEQM,17,0.45893500000000004,0.8853551044017676
15552,RNFQKVNPEGLIKEF,17,0.718717,0.4804831806194555
15553,RNTLLFLDLIILNFV,17,0.0,0.34057643613127914
15554,RPGVSKKFLSLLTSS,17,0.0,0.819149064756479
15555,RPMFLYVRTNGTSKI,17,0.592716,0.810795449005048
15556,RQGIFQTVGSGLDHI,17,0.505475,0.5671786689653677
15557,RQKIIYSGAVNLDDE,17,0.836242,0.7836271037859621
15558,RREVHIYYLEKANKI,17,0.376474,0.6301472281919992
15559,RRRVMIQSSGGKLRL,17,0.9040459999999999,0.7820762498791162
15560,RSRPRRTTRRMDRRT,17,0.319918,0.14043483509227328
15561,RTATNIWIDHNSFSN,17,0.06909900000000001,0.4967563609149487
15562,RTITADTFRKLFRVY,17,0.218689,0.5302148150746369
15563,RVIRGKKGAGGITIK,17,0.303019,0.26782780016614116
15564,RVWEQIFSTWLLKPG,17,0.5858720000000001,0.7858382822818404
15565,RVYCDPCRAGFETNV,17,0.355387,0.24534465296150393
15566,SAAPLRTITADTFRK,17,0.32378,0.5259549520545513
15567,SADEVQRMMAEIDTD,17,0.163502,0.3893366433698001
15568,SAIRAAPEAARSLAS,17,0.0,0.7685846337873361
15569,SCLDGKLCLMKAQPT,17,0.45487,0.47766098740886276
15570,SDDQISIMKLPLSTK,17,0.50158,0.8760238912133478
15571,SFGIVVAWQVKLLPV,17,0.948317,0.8680965948695941
15572,SFLQNPQTSLCFSES,17,0.133186,0.34898833082795705
15573,SGRVTRDSRRLRRIC,17,0.35118499999999997,0.12477932131783917
15574,SGTVDFDEFMEMMTG,17,0.1333,0.28576875322930206
15575,SHIQSAVVCGRRHGV,17,0.397884,0.3780156391000027
15576,SIAQHLVSDRPIMRY,17,0.652204,0.5030759043674045
15577,SLIYRRRLMKQDFSV,17,0.0,0.6423929805721894
15578,SLKLYRDSLGEAVMR,17,0.393608,0.6423223443187832
15579,SPILRFLYANVGEEA,17,1.0,0.8504367061775165
15580,SRAEVSYVHVNGAKF,17,0.542914,0.8242788372600192
15581,SRCYSIYLSINGVLE,17,0.803805,0.8000020446631761
15582,SRFFVMGEETPLLTK,17,0.907315,0.7404593495356022
15583,SRSFLKHSLLRTQRL,17,0.674163,0.7177073717466642
15584,SSAGGFFTSVGKGIH,17,0.530583,0.8703765487520053
15585,SSILTDSQTATKRIR,17,0.454956,0.42455005473798924
15586,SSKAATAKAPGLVPK,17,0.503271,0.7715648011320416
15587,SSTVKLRQNEFGPAR,17,0.341335,0.4236556387172606
15588,SSYAATEVANAAAAS,17,0.43315699999999996,0.870857856319363
15589,SSYAATEVANAAAGQ,17,0.354976,0.904146425764575
15590,STVVASVTIIDRSLP,17,0.25117399999999995,0.4442252281826962
15591,STWLLKPGAGIMIFD,17,0.901223,0.8751020048201189
15592,SVLLVVALFAVFLGS,17,0.045495999999999995,0.41017507766175115
15593,SVRIRVRSGGHDYEG,17,0.268054,0.39727933841903573
15594,SVTIKLDGNLLSSND,17,0.42066099999999995,0.5562498194278945
15595,SVYLSDNGVMSEQGS,17,0.5742970000000001,0.5007503102454064
15596,SWKLEKASLIEVKTC,17,0.473196,0.6937685464495652
15597,SYIAEMETESWIVDR,17,0.302661,0.5059925421504712
15598,SYVHVNGAKFIDTQN,17,0.433464,0.711294652537632
15599,TAAINKGILVTVNPI,17,0.319398,0.7070064497799402
15600,TAAVELARALVRAVA,17,0.712935,0.821870818171579
15601,TAKAPGLVPKLDAAY,17,0.3847,0.5141880141389066
15602,TANVPPADKYKTLEA,17,0.22226300000000002,0.2206441880736149
15603,TCVLGKLSQELHKLQ,17,0.094965,0.4932947224015154
15604,TDALRTLGSTSADEV,17,0.5266489999999999,0.5041608624160958
15605,TDFAGKTVWFVPSIK,17,0.290898,0.8226552707796274
15606,TDKMFFVKNPTDTGH,17,0.11876400000000001,0.630910209836252
15607,TDTTPFGQQRVFKEK,17,0.0,0.4267103818893751
15608,TFYGSNPRGAAPDDH,17,0.262148,0.42211249751631646
15609,THMMIWHSNLNDATY,17,0.19176400000000002,0.8220348611289537
15610,THMMIWHSNLNDTTY,17,0.162403,0.827918230407895
15611,TIAAMMTSPLSVASM,17,0.560009,0.8703265290131135
15612,TISNNLFFNHHKVML,17,0.19732,0.8492743667885738
15613,TKKFDEVVKANGGYL,17,0.578707,0.5272101121568868
15614,TKVIMGAVLIWVGIN,17,0.072282,0.7336315297046916
15615,TKVTFHVVGVGPLLH,17,0.7669699999999999,0.7195917579103058
15616,TLELLYADTVAFCFR,17,0.33999,0.7515193682513072
15617,TLGSTSADEVQRMMA,17,0.208725,0.3538090222860805
15618,TNFKYNYSVIEGGPI,17,0.382153,0.7850333687677514
15619,TPLTLVDICFWSTLF,17,0.332313,0.41845576939266294
15620,TPTNASHIQSAVVCG,17,0.381477,0.7194826327775903
15621,TQTMKGVERLAVMGD,17,0.22512800000000002,0.6256653688107511
15622,TRKYLPAIVREAIKR,17,0.6664939999999999,0.847474451014388
15623,TRSAYERMCNILKGK,17,0.216212,0.6597614338578743
15624,TSSDDQITLIKTPSL,17,0.598112,0.47660729682183606
15625,TVAAAPQVKYAVFEA,17,0.40589400000000003,0.8898846071426845
15626,TVLAFPAGVCPTIGV,17,0.443238,0.6748090022545445
15627,TWQGGSGMASHIIYE,17,0.285004,0.6342898719603183
15628,TYSQLMTLKDAKMLQ,17,0.109578,0.8534215860300479
15629,VAPIEHIASMRRNYF,17,0.176118,0.8037477905103203
15630,VATLSEALRIIAGTL,17,0.427021,0.828774150553338
15631,VDGRGNYNTDLLPDW,17,0.33177199999999996,0.1630757884579949
15632,VDIKPKDSDEFIPMK,17,0.225419,0.1276439514626558
15633,VDLAKSLRIAAKIYS,17,0.57585,0.8989903606547531
15634,VEALYLVCGERGFFY,17,0.287729,0.5582704125286718
15635,VEDEARRMWASAQNI,17,0.45525,0.680256446466902
15636,VEKSQLLNEFNNLYA,17,0.434233,0.5083645774601084
15637,VFGNCEGVKIIGISI,17,0.31747,0.27895921460447787
15638,VFGSAFQGLFGGLNW,17,0.49216400000000005,0.7566149283623284
15639,VGNVAWMHVLAAKYI,17,0.630046,0.9218239081785946
15640,VHAQTVEDEARRMWA,17,0.168849,0.20084026719336057
15641,VIPANWKPDTVYTSK,17,0.241204,0.23065204174102452
15642,VKGDPVGILYAVFKA,17,0.326343,0.6931207084712283
15643,VKIEYSGTNNKTMAV,17,0.5166069999999999,0.5063103451879893
15644,VKPLYIITPTNVSHI,17,0.8305950000000001,0.7030285308716262
15645,VKQNTLKLATGMRNV,17,0.587159,0.6563255023419112
15646,VLDILTANKLIRQKL,17,0.169275,0.6969464876831823
15647,VLRTKLMTSRRVLER,17,0.1904,0.6715078564263071
15648,VNFYAWKRMEVGQQA,17,0.34183,0.6700733044249793
15649,VNYWFAPGAAAAPLS,17,0.159914,0.942417404174288
15650,VPKKKKDKDIPQSSE,17,0.132723,0.20155101611514664
15651,VPPADKYKTFEAAFT,17,0.574388,0.8879120293309842
15652,VQNTVEDLKLNTLGR,17,0.182408,0.34610809276545484
15653,VRSGGHDYEGLSYRS,17,0.305629,0.14927840798224193
15654,VSEALRIIAGTLEVH,17,0.46289600000000003,0.7722962977787552
15655,VSIISILKGVINIWG,17,0.0,0.6148847982132865
15656,VSVDCSEYPKPDCTA,17,0.0,0.08602504978020965
15657,VTMNDVKIEYSGTNN,17,0.320919,0.3018497431638821
15658,VTVDAAVLAAIDADA,17,0.389231,0.5115421141706282
15659,VVLGLATSPTAEGGK,17,0.384711,0.700698468223519
15660,VVSRLLIPVPFDPPA,17,0.39952,0.6574344089757189
15661,VWRIDTPDKLTGPFT,17,0.219083,0.26230695580874297
15662,VYQFKSVEFDMSHLN,17,0.344252,0.5550565395004073
15663,WAVKPKAVRQIEDQL,17,0.477475,0.7184307309835821
15664,WEQIFSTWLLKPGAG,17,0.48013,0.8004590850006988
15665,WGAIWRIDTPDKLTG,17,0.563158,0.41343488472688866
15666,WGAIWRIDTPEVLKG,17,0.716712,0.5219583850130493
15667,WIELKESWGAVWRID,17,0.384786,0.8145838044062934
15668,WKPDTVYTSKLQFGA,17,0.052493,0.7116791021367084
15669,WKRMEVGQQAVEVWQ,17,0.113168,0.27686271675838114
15670,WPKSHTLWSNGVLES,17,0.154587,0.6802107123742854
15671,WQKGEEVQVIAVEPG,17,0.246008,0.24755733511351385
15672,YANYRDIDLGRNEVV,17,0.435896,0.38356596799433196
15673,YEYKVQQAMSNLVLG,17,0.924895,0.882949532238876
15674,YGFVANFSMELPSFG,17,0.762939,0.798924507640633
15675,YGIAAENVIDVKLVD,17,0.165116,0.6210784228587001
15676,YKDVDKPPFSGMTGC,17,0.170646,0.27653583587808334
15677,YKKLRTSSFALNLPT,17,0.45383100000000004,0.8954400761990132
15678,YLAILVKYVDGDGDV,17,0.26313600000000004,0.6701224715867815
15679,YLEEHPSAGKDPKKT,17,0.017363,0.308496356398369
15680,YLVCGERGFFYTPKT,17,0.322864,0.592599690167188
15681,YNFATCGLIGLVTFL,17,0.449563,0.7619001298939844
15682,YPFIEQEGPEFFDQE,17,0.311757,0.2457676737844902
15683,YRKILRQRKIDRLID,17,0.314481,0.5154963021753275
15684,YTTEGGTKGEAKDVI,17,0.15401900000000002,0.08282895107332985
15685,YVVSSFDNIKVFLEG,17,0.180234,0.5400282577483685
15686,YWTIVKPGDILLINS,17,0.387271,0.6391071657149511
15687,AALHPFALLLVLAGWK,17,0.426928,0.7945842555505102
15688,DKGIPFMKMNISVIMK,17,0.7102069999999999,0.9028433493557696
15689,MYYVSGARSNVTFTVK,17,0.676841,0.929139581099254
15690,PKQMLVGGVVLLGAMK,17,0.698876,0.9209429029252346
15691,SLLWNGPMAVSMTGVK,17,0.702501,0.9236189674198908
15692,CSAVPVHWVPTSRTTW,17,0.49609200000000003,0.522180009281266
15693,EEDKENALSLLDKIYT,17,0.228381,0.46586322908902106
15694,EPQGSTYAASSATSVD,17,0.45221400000000006,0.9343526081881487
15695,FRNVLSIAPIMFSNKM,17,0.58619,0.8917220319916771
15696,GKWYLKAMTADQEVPE,17,0.710338,0.8653983836563469
15697,LAAIIFLFGPPTALRS,17,0.0,0.9096458249492652
15698,LNKIVRMYSPVSILDI,17,0.6675260000000001,0.9056401828358301
15699,LWWSTMYLTHHYFVDL,17,0.0,0.8751017358112199
15700,MVSRLLLNRFTMTHRR,17,0.413724,0.6458556027087111
15701,QPEWFRNVLSIAPIMF,17,0.511709,0.8928266742456142
15702,SPEVIPMFSALSEGAT,17,0.602707,0.9003133879277487
15703,SSIIFGAFPSLHSGCC,17,0.375287,0.8463471476577505
15704,IWYMWLGARYLEFEAKK,17,0.706274,0.7133558832805601
15705,KKEGNTSLLWNGPMAVS,17,0.524251,0.6450491551837256
15706,KKGLNWITKVIMGAVLI,17,0.743748,0.8329247066866985
15707,KKITKVIMGAVLIWVGI,17,0.348004,0.8147320791981303
15708,KKLVGGVVLLGAMLVGQ,17,0.529219,0.8784166782337385
15709,KKPFALLLVLAGWLFHV,17,0.35919,0.7645643788236393
15710,KKSGARSNVTFTVNQTS,17,0.443517,0.6810108993469934
15711,KKTLLDLLKLTVAVGLH,17,0.560657,0.7522797713458453
15712,KKVGQVTLLDLLKLTVA,17,0.42768100000000003,0.6336482263161783
15713,NSYIAEMETESWIVDKK,17,0.293564,0.6538288956069284
15714,SGQVVTYALNTITNLKK,17,0.648176,0.8463935114716455
15715,TVFGSAFQGLFGGLNKK,17,0.762939,0.7639278352717412
15716,VLTLGAAMVEIALGGKK,17,0.7381449999999999,0.8608130049968636
15717,WLGARYLEFEALGFLKK,17,0.532098,0.7631496675112753
15718,AIQQVRSLIGNEEFLDY,17,0.612593,0.5351065374096418
15719,CVDAKMTEEDKENALSL,17,0.15621600000000002,0.26490708019075837
15720,KIPGGAMYADDTAGWDT,17,0.122849,0.42479053083096374
15721,LTYQNKVVKVQRPTPKG,17,0.334367,0.7778543456149766
15722,MVTQMAMTDTTPFGQQR,17,0.477864,0.676060858932935
15723,PETPNMDVIGERIKRIK,17,0.166632,0.2940759041968702
15724,PTPKGTVMDIISRKDQR,17,0.198096,0.23838581414912202
15725,PWDVVPMVTQMAMTDTT,17,0.523582,0.7145598309135609
15726,VVKVQRPTPKGTVMDII,17,0.124321,0.2848768859523759
15727,WLGARYLEFEALGFLNE,17,0.596528,0.6212881354259594
15728,YAHAAHAAHAAHAAHAA,17,0.554458,0.6735902293186339
15729,YLGKREDQWCGSLIGLT,17,0.39717399999999997,0.4144234609629899
15730,NVTENFNMWKNNMVEQMH,17,0.583212,0.3014104603040565
15731,PVGEIYKRWIILGLNKIV,17,0.584968,0.3532182446815346
15732,SCIAIGIITLYLGAVVQA,17,0.31099099999999996,0.820321197819269
15733,SELYLYKVVKIEPLGVAP,17,0.734052,0.7129989087641292
15734,WIILGLNKIVRMYSPISI,17,0.443062,0.5132989174923351
15735,WIILGLNKIVRMYSPVSI,17,0.37290999999999996,0.6017852222809453
15736,YVDRFFKTLRAEQASQDV,17,0.500382,0.8100005652260335
15737,YVDRFYKTLRAEQASQEV,17,0.658566,0.7536451080072073
15738,GEIYKRWIILGLNKIVRMY,17,0.536166,0.44159835075109977
15739,LGVLLLIGCWYCRRRNGYR,17,0.0,0.27285323342108486
15740,WEALKYLWNLLQYWGQELK,17,0.357686,0.7305476224160091
15741,DPWFAHGTPMPKIQNVSSSD,17,0.137454,0.16831894261810174
15742,DTEVHNVWATQACVPTDPNP,17,0.0,0.5422358371547986
15743,EAKYDAYVATLSEALRIIAG,17,0.797632,0.94848497055588
15744,FEERDAVLLGGSSDNEFVKL,17,0.245883,0.6115898866381888
15745,GFGMLLRKYGIAAENVIDVK,17,0.730874,0.8264966099589168
15746,GSSDNEFVKLAWRREHKDLD,17,0.128719,0.7272215155170728
15747,IEPIVATNWQKLEAFWHKHM,17,0.501501,0.8181844813303089
15748,KDKWIELKESWGAIWRIDTP,17,0.683072,0.7193594153869137
15749,KIIGGIGGFVKVRQYDQIPI,17,0.2191,0.34209289431149875
15750,KMIGGIGGFVKVRQYDQIPI,17,0.294039,0.13487687962743278
15751,KRWIILGLNKIVRMYSPTSI,17,0.75358,0.7379546202046926
15752,LYKYKVVKIEPLGVAPTKAK,17,0.831976,0.8233296619152338
15753,PHHTALRQAILCWGELMTLA,17,0.325891,0.4908245845173886
15754,VATLSEALRIIAGTLEVHAV,17,0.612908,0.8352169773620081
15755,WGAIWRIDTPDKLTGPFTVR,17,0.5361319999999999,0.3103760275382177
15756,YIITPTNVSHIQSAVVSGRR,17,0.764015,0.7302049020215108
15757,EQEILNYMSPHHKKLHHHHHH,17,0.511709,0.8501019403942293
15758,GAGKTRRFLPQILAEHHHHHH,17,0.541966,0.8722243760840158
15759,HTMWHVTRGAFLVRNHHHHHH,17,0.6279640000000001,0.8438712281623943
15760,MFFVKNPTDTGHGTVHHHHHH,17,0.43786099999999994,0.792876437922901
15761,TRRFLPQILAECARRHHHHHH,17,0.469509,0.6491036329039637
15762,LPKPPKPVSKMRMATPLLMQALPM,17,0.6330520000000001,0.8292237768244985
15763,SPEVIPMFSALSE,18,0.8271729999999999,0.8196186364169309
15764,KPLLIIAEDVEGEY,18,0.438536,0.43090204087949047
15765,NTSYRLISCNTSVI,18,0.6167,0.5940029382267799
15766,AAAGLAAAAPLESRQ,18,0.7471810000000001,0.881577855346642
15767,AAGAQLLWQLPLLSI,18,0.8168449999999999,0.851367488029372
15768,AAGVAAWSLIALMIP,18,0.720065,0.9317423019168329
15769,AALPLLFFALAGQRI,18,0.892266,0.9428991718216649
15770,AAPLSWSKDIYNYME,18,0.600684,0.6809910363054313
15771,AASGADGTYDITKLG,18,0.221996,0.22944251509373925
15772,AELMILIATNLLGQN,18,0.265098,0.9356972620304875
15773,AFKVAAEAANAAPAN,18,0.749622,0.972903650173536
15774,AFKVAAKAANAAPAN,18,0.655702,0.9838694837959984
15775,AFKVAAQAANAAPAN,18,0.832111,0.9866266918582316
15776,AFKVAATAENAAPAN,18,0.795765,0.9930830728139683
15777,AFKVAATAKNAAPAN,18,0.707916,0.9924022991210818
15778,AFKVAATAQNAAPAN,18,0.8142050000000001,0.9945484472981193
15779,AFKVAATAWNAAPAN,18,0.853822,0.9942663144441588
15780,AFKVAATFANAAPAN,18,0.944787,0.9964394624587537
15781,AFKVAATLANAAPAN,18,0.870168,0.9970117162342891
15782,AFKVAATRANAAPAN,18,0.712133,0.9947101085571739
15783,AFKVAATYANAAPAN,18,0.9297350000000001,0.9951738092461275
15784,AFMLAWNYGVPRVMS,18,0.631193,0.9198229065566154
15785,AGALEVHAVKPVTEE,18,0.299975,0.6263577227048237
15786,AKPDGKTDCTKEVEE,18,0.0,0.11519090410465414
15787,ALKESWGAIWRIDTP,18,0.373774,0.8560217107482951
15788,ALLPRAGAAAAAALP,18,0.327689,0.928718844623921
15789,ALQSHDDVALVSVMW,18,0.34166599999999997,0.7074761164235948
15790,ALRVIAGALEVHAVK,18,0.52159,0.8702347284953075
15791,ALTKAITAMSEVQKV,18,0.64095,0.9002709932352991
15792,APGAAAAPLSWSKDI,18,0.577232,0.8661851755335745
15793,AQAVYDFRSIVDYLR,18,0.195772,0.8597829197260475
15794,AQIYQAVSAQAAAIH,18,0.189883,0.952109395177833
15795,ASAAILGHDGTVWAQ,18,0.29651700000000003,0.3519785887809595
15796,ATPPPPPPPQLGASP,18,0.13723,0.05070771902779505
15797,ATSPTAEGGKATTEE,18,0.13900099999999999,0.09732013852086019
15798,ATTANVPPADKYKTF,18,0.13071,0.5535110075881203
15799,AVFEAALTKAITAMS,18,0.6502399999999999,0.9635175427276216
15800,AVHVWLRLPAGRVEI,18,0.215045,0.8534155990225204
15801,AVIRGKKGAGGITIK,18,0.13777899999999998,0.45004034359710815
15802,AVMLTFDNAGMWNVR,18,0.60034,0.8449763369549457
15803,AWASACGGTGKNTIV,18,0.185319,0.22608080839272907
15804,AYGSFVRTVSLPVGA,18,0.683938,0.9642300427405712
15805,AYVATVSEALRIIAG,18,0.5950880000000001,0.9581550023109439
15806,CDASILIDPLSNQSA,18,0.639211,0.7273724292970231
15807,CGGTGKNTIVIPKGD,18,0.0,0.4046130344920065
15808,DEARRMWASAQNISG,18,0.579903,0.8955274036620581
15809,DESWQQFRQELIPLL,18,0.607677,0.8762521839736096
15810,DGQGKAVWGKNSCAK,18,0.028849,0.3600210546060039
15811,DIDLGRNEVVNDVST,18,0.371774,0.38008221603233416
15812,DIKVQFQSGGNNSPA,18,0.712906,0.6074033213662161
15813,DINASFRAAMATTAN,18,0.735505,0.9614688448818033
15814,DITVKNCVLKKSTNG,18,0.047326,0.8485162041260194
15815,DKLTGPFTVRYTTEG,18,0.270003,0.5858400795960956
15816,DLVANQPNLKALREK,18,0.48655699999999996,0.7932172806479985
15817,EAAFNKAIKESTGGA,18,0.417894,0.8877010257160826
15818,EEFVSLASRFLVEED,18,0.681295,0.9116302465421643
15819,EFVTLAAKFIIEEDS,18,0.652443,0.9364014120834979
15820,EGHHLASAAIFGHDG,18,0.218908,0.9321875489821174
15821,EGHHLASAAILGHDG,18,0.267807,0.8923235366724597
15822,EHELYVAVLSNALHR,18,0.5029779999999999,0.9255809730959116
15823,EITGIMKDFDEPGHL,18,0.086974,0.2667454650254529
15824,EKKYFAAFQFEPLAA,18,0.762807,0.9953491893138097
15825,EKKYFAALQFEPLAA,18,0.893862,0.9964296687326828
15826,EKKYFAARQFEPLAA,18,0.839282,0.9942935082705038
15827,EKKYFAATEFEPLAA,18,0.755156,0.9934118177401663
15828,EKKYFAATKFEPLAA,18,0.654018,0.9956723769394501
15829,EKKYFAATQAEPLAA,18,0.849967,0.9932010738129795
15830,EKKYFAATQCEPLAA,18,0.620203,0.9819268978784564
15831,EKKYFAATQDEPLAA,18,0.757152,0.9784373209269599
15832,EKKYFAATQEEPLAA,18,0.632347,0.9779252224359163
15833,EKKYFAATQGEPLAA,18,0.827625,0.9902786774146768
15834,EKKYFAATQHEPLAA,18,0.732479,0.9912283736618479
15835,EKKYFAATQIEPLAA,18,0.837622,0.9913526842176478
15836,EKKYFAATQKEPLAA,18,0.580055,0.9885798790114364
15837,EKKYFAATQLEPLAA,18,0.797672,0.9918281615007589
15838,EKKYFAATQMEPLAA,18,0.760436,0.9910905789465777
15839,EKKYFAATQNEPLAA,18,0.752421,0.9917240851086604
15840,EKKYFAATQPEPLAA,18,0.834931,0.9898355228312462
15841,EKKYFAATQQEPLAA,18,0.707521,0.9895447821480037
15842,EKKYFAATQREPLAA,18,0.603858,0.991625653136483
15843,EKKYFAATQSEPLAA,18,0.836362,0.9915404805665508
15844,EKKYFAATQTEPLAA,18,0.803962,0.9908434359174537
15845,EKKYFAATQVEPLAA,18,0.8300270000000001,0.9903654404318936
15846,EKKYFAATQWEPLAA,18,0.689499,0.9906158723620198
15847,EKKYFAATQYEPLAA,18,1.0,0.9911368323716914
15848,EKKYFAATWFEPLAA,18,0.6468520000000001,0.9967805368545021
15849,EKKYFACTQFEPLAA,18,0.576583,0.9940418486740904
15850,EKKYFAHTQFEPLAA,18,0.580495,0.9964399901347561
15851,EKKYFANTQFEPLAA,18,0.58326,0.9939249056305165
15852,EKKYFATTQFEPLAA,18,0.6040220000000001,0.9960547286619407
15853,ELKESWGAIWRIDTP,18,0.459662,0.8328749347869323
15854,ELYKYKVVKIEPLGV,18,0.626219,0.8970960487462313
15855,ESTGGAYDTYKSIPS,18,0.627412,0.49852828912312125
15856,EVVKANGGYLAAGKL,18,0.659478,0.7980598634056931
15857,EYIEAAKWLLPPPKV,18,0.560257,0.9186321935644348
15858,FAVATITHAAELQRV,18,0.754976,0.8759674674825255
15859,FDHEFTFGWDELLSK,18,0.408724,0.7382554277490246
15860,FDPYGATISATPESA,18,0.9651620000000001,0.8466318287991623
15861,FDREFTFGWDELLSK,18,0.348646,0.6973186509779442
15862,FEAAFNDAIKASTGG,18,0.405379,0.889628632214045
15863,FLAVAVVLGLATSPT,18,0.8334530000000001,0.8337999838402347
15864,FLFQRAVAREAIIAL,18,0.744518,0.9139067805995216
15865,FPPNGTHSWEYWGAQ,18,0.122214,0.6134048300367883
15866,FTSLEYIEAAKWLLP,18,0.5764090000000001,0.9248519526928175
15867,FVNQHLCGSHLVEAL,18,0.365844,0.7568303356355005
15868,FVVTGRVYCDPCRAG,18,0.176243,0.4242995086629797
15869,GAVDIINKWQVVAPQ,18,0.333129,0.7922490479120685
15870,GELEFEEFVSLASRF,18,0.707978,0.853747287016146
15871,GEVEIQFRRVKCKYP,18,0.303898,0.5116675148839098
15872,GEVLNALAYDVPIPG,18,0.45953999999999995,0.77073893335825
15873,GGACGYKDVDKPPFS,18,0.071366,0.3324704848474941
15874,GGGFGMLLRKYGIAA,18,0.45167399999999996,0.9258707539029614
15875,GGSILKISNKFHTKG,18,0.654208,0.9126277194941304
15876,GGSILKISNKYHTKG,18,0.447942,0.903468336432932
15877,GKGTLDGQGKAVWGK,18,0.0,0.3713178309584999
15878,GLSGEPKGGAESSSK,18,0.28715599999999997,0.08884351174636904
15879,GLVPKLDAAYSVAYK,18,0.7305619999999999,0.9134295745008286
15880,GTKGEAKDVIPEGWK,18,0.072493,0.1217210580003334
15881,GWIISNIFGAIPVLA,18,0.711892,0.8610584449649406
15882,GWIISNIFGAIPVLG,18,0.83641,0.8479994282141871
15883,HDYEGLSYRSLQPET,18,0.59544,0.7357617200634391
15884,HMAKEDLVANQPNLK,18,0.5628569999999999,0.5101560752031605
15885,HSRNLINELSERMAG,18,0.35097,0.6797228072404663
15886,IAAMMTSPLSVASMT,18,0.997035,0.9698844501230529
15887,IASLFAAAGLAAAAP,18,0.768605,0.9798131160055884
15888,IEFRFYKEITNVFRG,18,0.771204,0.8566821175398849
15889,IGRIAETILGYNPSA,18,0.6340439999999999,0.7960550730447361
15890,IHKASTVLAFPAGVC,18,0.596232,0.9623417305831614
15891,IIELFTAKGFTVQEM,18,0.731477,0.8623526523598614
15892,IITPTNVSHIQSAVV,18,0.608422,0.7323830312229224
15893,IMRIKKLTITGKGTL,18,0.426357,0.7924286955464822
15894,INLIIHYVDRPGALG,18,0.463437,0.8527982623174702
15895,IPKGDFLTGPLNFTG,18,0.816707,0.6262560907131927
15896,IPVMAYLVGLFAWVL,18,1.0,0.9424215305608311
15897,ISATPEWATPFPHRK,18,0.314079,0.8590828474061263
15898,ISDFRAAIANYHYDA,18,0.799501,0.8919896462192041
15899,ISGLKPGVDYTITVY,18,0.545663,0.3781940992411814
15900,ITAMSEVQKVSQPAT,18,0.451669,0.7438875852481414
15901,IVLNHMTGAQSGKGT,18,0.753076,0.8183713241007892
15902,KAIKESTGGAYDTYK,18,0.19055,0.24001811385993493
15903,KASNPNYLAILVKYV,18,0.781479,0.9145103461812147
15904,KCKYPEGTKVTFHVE,18,0.282674,0.6182097669506063
15905,KDKWIELKESWGAIW,18,0.5990810000000001,0.7285768293282688
15906,KEVEEAWASACGGTG,18,0.066211,0.6289906733499077
15907,KHLAVLVKYEGDTMA,18,0.1956,0.7959768747185373
15908,KIEIDQDHQEEICEV,18,0.15579300000000001,0.21574325752554457
15909,KKGAGGITIKKTGQA,18,0.0795,0.35189859121339095
15910,KLTITGKGTLDGQGK,18,0.080653,0.5044667726871088
15911,KNTIVIPKGDFLTGP,18,0.198982,0.5888047710414047
15912,KPPFSGMTGCGNTPI,18,0.7958729999999999,0.4330142780170743
15913,KSTNGLRIKSYEDAK,18,0.232688,0.6880711329599111
15914,KTDCTKEVEEAWASA,18,0.054802,0.4062706042195259
15915,KTVSEGAVDIINKWQ,18,0.331866,0.6663014624404182
15916,KYDAYVATLSEALRI,18,0.984568,0.9291106328280034
15917,KYKTFEAAFTVSSKR,18,1.0,0.9851395339162077
15918,LDGNLLSSNDLAKYK,18,0.321527,0.8322007711428995
15919,LEKISNEIKIVATPD,18,0.409502,0.6975851621078889
15920,LHFSEALRIIAGTPE,18,0.615003,0.95717980390459
15921,LQSLWANFYELLADA,18,0.203825,0.8984603635626698
15922,LRIAAKIYSEADEAW,18,0.29720100000000005,0.9404133900910275
15923,LSSNDLAKYKANWIE,18,0.420786,0.7581209572699573
15924,LSYRSLQPETFAVVD,18,0.807929,0.8895310386972793
15925,LVKFVAGDGDVVAVD,18,0.46055799999999997,0.42248205255084226
15926,LVKYEGDTMAEVELR,18,0.212285,0.46917512868864175
15927,LVSKLYEVVPGILTE,18,0.706857,0.8566478424390597
15928,MAFLRSVSRLAAAVF,18,0.563758,0.9384894279840698
15929,MASSSSVLLVVALFA,18,0.0,0.8037123448968762
15930,MASSSSVLLVVVLFA,18,0.0,0.7261004854154954
15931,MGRDIKVQFQSGGAN,18,0.404538,0.6304997411575732
15932,MLLRKYGIAAENVID,18,0.818537,0.8916247195153089
15933,MSFVTTQPEALAAAA,18,1.0,0.9665713921179981
15934,MSQIMYNYPAMMAHA,18,0.407114,0.9741660679012824
15935,MSQIMYNYPAMRAHA,18,0.312094,0.9593538731538149
15936,MVVERLGDYLVEQGM,18,0.330024,0.4380665268511602
15937,NCVLKKSTNGLRIKS,18,0.184003,0.8656679127859822
15938,NDAIKASTGGAYESY,18,0.369339,0.6998525545125945
15939,NFTVGRIIELFTAKG,18,0.58759,0.8661348702419854
15940,NHFFNHHKVMLLGHD,18,0.753234,0.9556711599560637
15941,NHFFNHHKVMLLGHS,18,0.554565,0.9556711599560637
15942,NLNIKLNMPLYIAGN,18,0.373612,0.908718540028282
15943,NMVVERLGDYLVEQG,18,0.351662,0.4087753019612257
15944,NPRQAYANYRDIDLG,18,0.450805,0.8907058802030715
15945,NVSHIQSAVVCGRRH,18,0.514754,0.6398234980515173
15946,NYLALLVKFVAGDGD,18,0.640848,0.8837872872196423
15947,PAAAYATATPAAATA,18,0.979303,0.640095095441864
15948,PAGVCPTIGVGGNFA,18,0.7084060000000001,0.17949204055638446
15949,PCKGDSVTIKLDGNL,18,0.276851,0.37969747170270585
15950,PCRAGFETNVSHNVQ,18,0.41330600000000006,0.7513126351928954
15951,PEQIQLLKKAFDAFD,18,0.523877,0.9095821733137358
15952,PIIIDQKYCPNKICT,18,0.241063,0.5041582167019326
15953,PIYIVTPTNASHIQS,18,0.609973,0.8833857327086823
15954,PKGGAESSSKAALTS,18,0.24435700000000002,0.8052323733301278
15955,PLYKLVHVFINTQYA,18,0.855532,0.8916285344396077
15956,PPPPQLGASPYKLGP,18,0.397858,0.7271915902733576
15957,PQVKYAVFEAALTKA,18,0.76747,0.9822270979936143
15958,PSMGRDIKVQFQSGG,18,0.312716,0.601880377531322
15959,PSPSMGRDIKVQFQS,18,0.37367100000000003,0.5164351138912577
15960,PYGATISATPEWATP,18,0.332122,0.8013161505401837
15961,QDHQEEICEVVLAKS,18,0.30496100000000004,0.5920169915019476
15962,QFRRVKCKYPEGTKV,18,0.25502800000000003,0.5409445699548913
15963,QGEPGAVIRGKKGAG,18,0.204071,0.47067322533516875
15964,QGEPGRVIRGKKGAG,18,0.168007,0.36040601504095665
15965,QKLIEDINASFRAAM,18,0.512699,0.895059689984223
15966,QKYCPNKICTSKGDS,18,0.132394,0.6877811275077197
15967,QLSALWARFPLPVIP,18,0.5839479999999999,0.9669003654969924
15968,QPCNGVTMNDVKIEY,18,0.18963,0.31261980460005434
15969,QPNLKALREKVLGLP,18,0.362618,0.7515174554912173
15970,QVPSASMGRDIKVQF,18,0.24145,0.6627298845051751
15971,RCALHWFPGSHLLAC,18,0.205238,0.8677599462855842
15972,RCALHWFPGSHLLHV,18,0.32363800000000004,0.9373330958065875
15973,REIFDSRGNPTVEVD,18,0.0,0.3509865662791095
15974,RIDTPDKLTGPFTVR,18,0.562508,0.35706847182018825
15975,RIIAGTLEVHAVKPA,18,0.47466099999999994,0.8053387874042811
15976,RLEFDEFVTLAAKFI,18,0.55403,0.957399304150947
15977,RMFSSTLRAAVPWYA,18,0.8634209999999999,0.9685463123641633
15978,RSRPRRTTRRMDRRT,18,0.61673,0.21765123806800116
15979,RVIRGKKGAGGITIK,18,0.085911,0.3492043519079119
15980,RVWEQIFSTWLLKPG,18,0.581415,0.8505765848836441
15981,RVYCDPCRAGFETNV,18,0.201202,0.465619442863325
15982,SADEVQRMMAEIDTD,18,0.594867,0.6756138591439048
15983,SFGIVVAWQVKLLPV,18,0.829484,0.9424046780664532
15984,SGTVDFDEFMEMMTG,18,0.5474600000000001,0.44058875246813106
15985,SHIQSAVVCGRRHGV,18,0.297881,0.5199878665992561
15986,SSKAATAKAPGLVPK,18,0.44302299999999994,0.812825744045119
15987,SSYAATEVANAAAAS,18,0.595191,0.9358107308665032
15988,SSYAATEVANAAAGQ,18,0.593536,0.9603459954639443
15989,STWLLKPGAGIMIFD,18,0.372217,0.8602507984685083
15990,SVLLVVALFAVFLGS,18,0.0,0.47373588065615996
15991,SVRIRVRSGGHDYEG,18,0.201154,0.40760658443038544
15992,SVTIKLDGNLLSSND,18,0.613788,0.7164386586988835
15993,TAKAPGLVPKLDAAY,18,0.34025,0.5625700931970838
15994,TANVPPADKYKTLEA,18,0.466872,0.5712989326454117
15995,TDALRTLGSTSADEV,18,0.534922,0.6848375246305549
15996,TGQWHSESGSFRPDS,18,0.0,0.629652717299694
15997,TIAAMMTSPLSVASM,18,0.9074979999999999,0.9552970816916149
15998,TKKFDEVVKANGGYL,18,0.611962,0.6074278569079258
15999,TLGSTSADEVQRMMA,18,0.337996,0.6768271783836782
16000,TPTNASHIQSAVVCG,18,0.311325,0.8280754845505112
16001,TVAAAPQVKYAVFEA,18,0.464699,0.9351110904061776
16002,TVLAFPAGVCPTIGV,18,0.369005,0.7215064843135468
16003,VATLSEALRIIAGTL,18,0.506965,0.9313416029167947
16004,VDLAKSLRIAAKIYS,18,0.507376,0.9605662364509926
16005,VKIEYSGTNNKTMAV,18,0.42558599999999996,0.7295065186511037
16006,VKPLYIITPTNVSHI,18,0.655679,0.8588281705245463
16007,VNYWFAPGAAAAPLS,18,0.362595,0.9586945026108947
16008,VPPADKYKTFEAAFT,18,0.540035,0.96158424856997
16009,VRSGGHDYEGLSYRS,18,0.44632700000000003,0.31306847312006064
16010,VSEALRIIAGTLEVH,18,0.35623499999999997,0.8944837856085655
16011,VTMNDVKIEYSGTNN,18,0.220941,0.4263270176402843
16012,VTVDAAVLAAIDADA,18,0.617279,0.5929619169242266
16013,VVLGLATSPTAEGGK,18,0.572481,0.8281197984104589
16014,VVSRLLIPVPFDPPA,18,0.47935600000000006,0.7885434464085556
16015,WEQIFSTWLLKPGAG,18,0.437163,0.8864493139120221
16016,WGAIWRIDTPDKLTG,18,0.7414109999999999,0.6994598267846919
16017,WGAIWRIDTPEVLKG,18,0.799353,0.7749122077528644
16018,WTVFQKRLDGSVDFK,18,0.0,0.7471863545642491
16019,YANYRDIDLGRNEVV,18,0.666931,0.7005108068806072
16020,YDKFLAFVSTVLTGK,18,0.746548,0.9853400247127839
16021,YDKFLALVSTVLTGK,18,0.885756,0.9855517826898583
16022,YDKFLANESTVLTGK,18,0.653853,0.9747319644765859
16023,YDKFLANKSTVLTGK,18,0.529587,0.986400044662309
16024,YDKFLANQSTVLTGK,18,0.6141260000000001,0.9877986222770165
16025,YDKFLANVCTVLTGK,18,0.556041,0.9839738458227519
16026,YDKFLANVHTVLTGK,18,0.561275,0.9856945031875166
16027,YDKFLANVNTVLTGK,18,0.726032,0.9849710736332272
16028,YDKFLANVTTVLTGK,18,0.621581,0.9855763688769086
16029,YDKFLANYSTVLTGK,18,0.51573,0.993265563770532
16030,YDKFLATVSTVLTGK,18,0.742319,0.9847855129776347
16031,YGIAAENVIDVKLVD,18,0.378782,0.7150262730695275
16032,YKDVDKPPFSGMTGC,18,0.554988,0.5267620041902623
16033,YPFIEQEGPEFFDQE,18,0.20792399999999997,0.4201276581716681
16034,YRKILRQRKIDRLID,18,0.31244,0.7900663635445432
16035,YTTEGGTKGEAKDVI,18,0.09675299999999999,0.11768978697032254
16036,LNKIVRMYSPVSILDI,18,0.825253,0.9447887932387037
16037,SPEVIPMFSALSEGAT,18,0.881282,0.9526534183502402
16038,YAHAAHAAHAAHAAHAA,18,0.383732,0.7389410454153003
16039,NVTENFNMWKNNMVEQMH,18,0.59259,0.6938768494309854
16040,SELYLYKVVKIEPLGVAP,18,0.91179,0.883440362381851
16041,YVDRFYKTLRAEQASQEV,18,0.945524,0.9581398273557177
16042,GEIYKRWIILGLNKIVRMY,18,0.635672,0.8800612787853638
16043,WEALKYLWNLLQYWGQELK,18,0.602123,0.9000062494226102
16044,KRWIILGLNKIVRMYSPTSI,18,0.874489,0.9029726777219622
16045,LYKYKVVKIEPLGVAPTKAK,18,0.962413,0.9001480369379532
16046,EIYKRWIILG,19,0.31050300000000003,0.07378929482992543
16047,SWGAIWRIDT,19,0.186109,0.19421534756240513
16048,WGAIWRIDTP,19,0.205819,0.08766807389683273
16049,LLVSGWNSITV,19,0.0,0.09234998964254437
16050,SLAEGIVLASA,19,0.0,0.157192363881292
16051,ESWGAIWRIDT,19,0.575554,0.6707979202412399
16052,ILGLNKIVRMY,19,0.294131,0.2608183658791273
16053,SWGAIWRIDTP,19,0.364517,0.3251721150044169
16054,AALLVVAVGLRV,19,0.0,0.40635320264234537
16055,ALLVVAVGLRVV,19,0.0,0.5142968521119022
16056,AVGLRVVCAKYA,19,0.17410799999999998,0.45384215920699694
16057,DPEDSALLEDPA,19,0.0,0.014181057194237163
16058,EDPEDSALLEDP,19,0.0,0.010266572123248777
16059,EDSALLEDPAGT,19,0.0,0.04805212965626832
16060,ELVPEDPEDSAL,19,0.0,0.02024505223211502
16061,ESWGAIWRIDTP,19,0.47041000000000005,0.6708017568352529
16062,ETSYVKVLHHMV,19,0.442402,0.44082242121329646
16063,FSQPEQEFPQPQ,19,0.0,0.01079932932336515
16064,FYKTLRAEQASQ,19,0.706364,0.5206003824382137
16065,GLRVVCAKYALA,19,0.22336199999999998,0.44068416691208934
16066,HHMVKISGGPHI,19,0.39307,0.3182608594625189
16067,HMVKISGGPHIS,19,0.20959899999999998,0.14148811632591288
16068,KCIEWEKAQHGA,19,0.85125,0.5741651000155829
16069,KESWGAIWRIDT,19,0.534033,0.8788440512051245
16070,KISGGPHISYPP,19,0.114691,0.06618362989835477
16071,KVLHHMVKISGG,19,0.857432,0.42320308911249416
16072,LHHMVKISGGPH,19,0.74049,0.2055022428562222
16073,LLVVAVGLRVVC,19,0.0,0.3629900726625183
16074,LVETSYVKVLHH,19,0.256025,0.39329178655591923
16075,LVPEDPEDSALL,19,0.0,0.01670666185594428
16076,LVVAVGLRVVCA,19,0.0,0.22589228001211545
16077,MVKISGGPHISY,19,0.137908,0.11373983875404982
16078,NANPNANPNANP,19,0.0,0.009588852014721679
16079,NKIVRMYSPISI,19,0.569488,0.31709122423353314
16080,NKIVRMYSPTSI,19,0.645279,0.2755707653885197
16081,NPGLIIGALAGS,19,0.031727,0.08214680955937687
16082,PEDPEDSALLED,19,0.0,0.011611399386914724
16083,PEDSALLEDPAG,19,0.0,0.04443913672311392
16084,PELVPEDPEDSA,19,0.102852,0.014226008105448518
16085,PGLIIGALAGST,19,0.0,0.11013652748086587
16086,RFYKTLRAEQAS,19,0.38335,0.6358359536952098
16087,SYVKVLHHMVKI,19,0.8408469999999999,0.48055727322391095
16088,TSYVKVLHHMVK,19,0.578612,0.5123082234952762
16089,VAVGLRVVCAKY,19,0.091917,0.4843836902014131
16090,VETSYVKVLHHM,19,0.304343,0.38032043609063915
16091,VGLRVVCAKYAL,19,0.17801199999999998,0.4255619208619133
16092,VKISGGPHISYP,19,0.000805,0.07342504923971951
16093,VKVLHHMVKISG,19,0.771898,0.41358812918796145
16094,VLHHMVKISGGP,19,0.693817,0.32894125795719936
16095,VPEDPEDSALLE,19,0.0,0.014134471733195222
16096,VVAVGLRVVCAK,19,0.0,0.4802800330254737
16097,WIILGLNKIVRM,19,0.568094,0.3533553953167313
16098,YVKVLHHMVKIS,19,0.7566390000000001,0.4963593891835792
16099,AVFEAALTKAITA,19,0.3713,0.5054482054860723
16100,DKFKIFEAAFSES,19,0.318123,0.2925399679798053
16101,DPIELNATLSAVA,19,0.29749899999999996,0.27024344542095974
16102,EEYVEIRQVGDFH,19,0.21886599999999998,0.13407135805662915
16103,FYKTLRAEQASQE,19,0.614003,0.5253141672083078
16104,KESWGAIWRIDTP,19,0.596538,0.8903886528082866
16105,KPLLIIAEDVEGE,19,0.0022789999999999998,0.12497667899636491
16106,LKESWGAIWRIDT,19,0.506165,0.9086726704441723
16107,PRFLEQVKHECHF,19,0.360433,0.19879824698003992
16108,RFYKTLRAEQASQ,19,0.690543,0.6736986713176446
16109,SPEVIPMFSALSE,19,0.477393,0.3220773671521932
16110,SQTTANPACPEGT,19,0.0,0.0055547384030296175
16111,VKYAVFEAALTKA,19,0.318123,0.6182904091735579
16112,ALKESWGAIWRIDT,19,0.41521499999999995,0.7581139362183438
16113,EAMSQANSAILMQR,19,0.274493,0.4549709649187966
16114,EYRSTVNPWASQLG,19,0.160414,0.19408425802757426
16115,HHMVKISGGPHISY,19,0.26753899999999997,0.4876133773482015
16116,KPLLIIAEDVEGEY,19,0.21354499999999998,0.18338881116708344
16117,LKESWGAIWRIDTP,19,0.5822149999999999,0.7992905419783972
16118,MLFRILSLNLIKIK,19,0.762605,0.6972416608343228
16119,NTSYRLISCNTSVI,19,0.31349099999999996,0.3548757354565852
16120,RETQISKTNTQTYR,19,0.17444,0.2192825247364515
16121,TDRESLRNLRGYYN,19,0.202347,0.625411892869245
16122,VLAGWLFHVRGARR,19,0.34814,0.8170362251465991
16123,AEMETESWIVDRQWA,19,0.0,0.4560034876090225
16124,AEMVIHHQHVQDCDE,19,0.545956,0.6011475656238227
16125,AGWLFHVRGARRSGD,19,0.820152,0.8598950442717561
16126,AMTDTTPFGQQRVFK,19,0.45098999999999995,0.26717626933642646
16127,ATPPGTSDEFPHSNG,19,0.0,0.034177399806826124
16128,CEHLEDGIYGIFQST,19,0.19880899999999999,0.3324300778955159
16129,CGSYVTKTSGSAASM,19,0.796925,0.7848835567859186
16130,CTDKMFFVKNPTDTG,19,0.36082600000000004,0.4485363704973067
16131,DCRTAFKPVLVDEGR,19,0.450504,0.727158807661734
16132,DGGGFYADDTAGWDT,19,0.355223,0.11135145538875685
16133,DLDDEQEILNYMSPH,19,0.227811,0.12833885620437033
16134,DQGCSSALGSGPYGA,19,0.0,0.07437689112596017
16135,DQRGSGQVVTYALNT,19,0.354022,0.4830847506852956
16136,EEPDDIDCWCYGVEN,19,0.0,0.19130432344143772
16137,EERVERIKSEYMTSW,19,0.406043,0.6069848597986665
16138,EHEILNDSGETVKCR,19,0.0,0.2832010003267803
16139,EQEILNYMSPHHKKL,19,0.666267,0.8813433336770715
16140,ERIKSEYMTSWFYDN,19,0.0,0.5795745775878068
16141,ERKLHQQGRCRTCVY,19,0.732862,0.5399886833859338
16142,FEALGFLNEDHWASR,19,0.189781,0.23692210449755677
16143,FHVRGARRSGDVLWD,19,0.42361400000000005,0.7625042701454415
16144,FSSAGGFFTSVGKGI,19,0.723124,0.76416343598125
16145,FTQTMKGVERLAVMG,19,0.796925,0.7286481428662199
16146,FYADDTAGWDTRITE,19,0.30646999999999996,0.14631008780459273
16147,GAGKTRRFLPQILAE,19,0.47502,0.8475249845414711
16148,GAMLVGQVTLLDLLK,19,0.0,0.6015722450225216
16149,GCSSALGSGPYGALG,19,0.0,0.34353943866744485
16150,GDSYYYSEPTSENNA,19,0.0,0.15136935206184857
16151,GETVKCRAPGGAKKP,19,0.0,0.20468424617181233
16152,GGVFHTMWHVTRGAF,19,0.85125,0.7960891933161556
16153,GKCDSAGRSRRSRRA,19,0.554493,0.3879604906243004
16154,GKEFIRCLALPFRGY,19,0.8344,0.8041443934471768
16155,GKGEWMTTEDMLEVW,19,0.0,0.2899705139125381
16156,GKNLVFSPGRKNGSF,19,0.807811,0.770487460325163
16157,GKTFSVGTGNCTTNI,19,0.478229,0.2693739909681327
16158,GLALSHLNAMSKVRK,19,0.807811,0.8928009024916171
16159,GLCAFLATRIFGRRS,19,0.8344,0.9549842040907606
16160,GLFGGLNWITKVIMG,19,0.642211,0.8209254075603063
16161,GLRTLWSPRERLVLT,19,0.502772,0.9070063155981626
16162,GPLDKEAIEERVERI,19,0.0,0.12409291063626923
16163,GPLIEGNTSLLWNGP,19,0.186289,0.3666589683420465
16164,GPLRISASSAAQRRG,19,0.723124,0.7200005506745395
16165,GRTTWSIHGKGEWMT,19,0.490059,0.5460181524535269
16166,GRWDGEEEVQLIAAV,19,0.151918,0.13853343453977993
16167,GTSDEFPHSNGEIED,19,0.0,0.028549381128683618
16168,HGVAKNPVVDGNPTV,19,0.262491,0.16208811036008638
16169,HTMWHVTRGAFLVRN,19,0.8344,0.8220610936476005
16170,HVTRGAFLVRNGKKL,19,0.743748,0.891303266460441
16171,IEEAPEMPALYEKKL,19,0.175092,0.47210056268929274
16172,IGKLFTQTMKGVERL,19,0.762939,0.6749931188587286
16173,IHHQHVQDCDESVLT,19,0.0,0.1762782347008406
16174,IHLVIHRIRTLIGQE,19,0.85125,0.9367796871509094
16175,IHRIRTLIGQEKYTD,19,0.679685,0.7547762857914747
16176,INKGILVTVNPIAST,19,0.762939,0.6655774395803419
16177,ISGSSARYDVALSEQ,19,0.0,0.37702496367227845
16178,ISRRDQRGSGQVVTY,19,0.42200000000000004,0.35083508808860153
16179,KEAIEERVERIKSEY,19,0.500251,0.25812054964610154
16180,KEFIRCLALPFRGYL,19,0.8984629999999999,0.8567887053582631
16181,KGIHTVFGSAFQGLF,19,0.0,0.4861698999991876
16182,KKGMTTVLDFHPGAG,19,0.20013699999999998,0.4690620897474237
16183,KNPTDTGHGTVVMQV,19,0.0,0.2002412131352635
16184,KNPVVDGNPTVDIEE,19,0.0,0.04289245055785601
16185,KRVPMALQHFGWEVM,19,0.5226529999999999,0.5816404975717331
16186,KTKNKTNWKQTWTFK,19,0.610019,0.3516089494640338
16187,KYSYYPEDPVKLASI,19,0.43095100000000003,0.5441182318201673
16188,LAEGIVLASAALGPL,19,0.59385,0.6380891735373929
16189,LDKRQFELYKRTDIV,19,0.618556,0.80199071462827
16190,LGLTQPFLGLCAFLA,19,0.6384380000000001,0.6747005764193783
16191,LLVLAGWLFHVRGAR,19,0.484652,0.7834629582564344
16192,LNDSGETVKCRAPGG,19,0.0,0.20614423028379703
16193,LNYMSPHHKKLAQAV,19,0.778379,0.8352587512432915
16194,LPQILAECARRRLRT,19,0.718615,0.8761200175621755
16195,LQEIPTMLKKGMTTV,19,0.60734,0.7640586163796459
16196,LQYGWKTWGKNLVFS,19,0.8344,0.6818507863712763
16197,LRLGKEFIRCLALPF,19,0.695388,0.7514954488320414
16198,LRTLVLAPTRVVLSE,19,0.796925,0.957942230082423
16199,LSEEKVPWDQVVMTS,19,0.244727,0.3838567265627909
16200,LSFMDKGIPFMKMNI,19,0.340939,0.7214186212081849
16201,LVDEERKLHQQGRCR,19,0.439996,0.39355080262975894
16202,LWSPRERLVLTLGAA,19,0.663802,0.7911339118808101
16203,MFFVKNPTDTGHGTV,19,0.592716,0.2762681814352988
16204,MKGVERLAVMGDTAW,19,0.6231399999999999,0.48077837893325004
16205,MLGARYLEFEALGFL,19,0.433936,0.45679853514020424
16206,MSIHGKGEWMTTEDM,19,0.0,0.47657706116411597
16207,NLWKMKTGRRGSANG,19,0.8984629999999999,0.900085089262151
16208,NSYIAEMETESWIVD,19,0.0,0.25782120846315293
16209,NVYQRGTHPFSRIRD,19,0.8344,0.6475884167631794
16210,PFSRIRDGLQYGWKT,19,0.53387,0.45950398927558134
16211,PSWASVKEDLVAYGG,19,0.357053,0.4995809898031912
16212,PTMLKKGMTTVLDFH,19,0.550126,0.7796293661838056
16213,PTSENNAHHVCWLEA,19,0.0,0.4243936832510743
16214,PTVDIEEAPEMPALY,19,0.0,0.10183348303402982
16215,QRMFTREELIHFPEF,19,0.0,0.5025418227028026
16216,RERLVLTLGAAMVEI,19,0.6047359999999999,0.8590342011810147
16217,RGTHPFSRIRDGLQY,19,0.513127,0.5673802439433739
16218,RLGKEFIRCLALPFR,19,0.820152,0.7986898869905155
16219,RMLEPTRVVNWEVII,19,0.3968,0.5426586399938885
16220,RTLIGQEKYTDYLTV,19,0.0,0.3219842676857136
16221,RVAYGKCDSAGRSRR,19,0.618556,0.3839860050814036
16222,RYLEFEALGFLNEDH,19,0.504059,0.37902370524222245
16223,SAFQGLFGGLNWITK,19,0.698876,0.6166888870553162
16224,SARYDVALSEQGEFK,19,0.32171500000000003,0.3488494371991265
16225,SEYMTSWFYDNDNPY,19,0.365721,0.18454487777415962
16226,SGARSNVTFTVNQTS,19,0.246867,0.3332118275802415
16227,SHLNAMSKVRKDISE,19,0.706274,0.8010969253294012
16228,SNVTFTVNQTSRLLM,19,0.688783,0.9105713034034504
16229,SVGTGNCTTNILEAK,19,0.0,0.13418863349688354
16230,SVKEDLVAYGGSWKL,19,0.35084099999999996,0.7934886275222638
16231,TARRHLAEGKVDTGV,19,0.0,0.3987143469098048
16232,TESWIVDRQWAQDLT,19,0.40066799999999997,0.4633767310195426
16233,TLTYRMLEPTRVVNW,19,0.796925,0.8830121020306586
16234,TPFSLAEGIVLASAA,19,0.548018,0.5698469186701274
16235,TRRFLPQILAECARR,19,0.718615,0.5885663309824024
16236,TRVVLSEMKEAFHGL,19,0.5689890000000001,0.6553214721873173
16237,VADDLTAAINKGILV,19,0.0,0.529669888775564
16238,VAIKGPLRISASSAA,19,0.60734,0.6913555471864671
16239,VDFGNSYIAEMETES,19,0.0,0.1987509585443909
16240,VDGNPTVDIEEAPEM,19,0.197829,0.04358286590030416
16241,VDRDTARRHLAEGKV,19,0.162797,0.4125516396096918
16242,VLAPTRVVLSEMKEA,19,0.592716,0.6809715274079248
16243,VLAPYMPDVLEKLEL,19,0.269523,0.4534106564378885
16244,VLEKLELLQRRFGGT,19,0.8344,0.8690221097609032
16245,VPTSWVPQGRTTWSI,19,0.491555,0.20467346679271828
16246,VTKTSGSAASMVNGV,19,0.0,0.4515264470861396
16247,VTRMAMTDTTPFGQQ,19,0.0,0.31278688792553067
16248,WKTWGKNLVFSPGRK,19,0.85125,0.8817029603197166
16249,WSIHGKGEWMTTEDM,19,0.0,0.4932847371299699
16250,WVPQGRTTWSIHGKG,19,0.40877399999999997,0.34339172462427914
16251,YMPDVLEKLELLQRR,19,0.617078,0.5440834879241067
16252,YYSEPTSENNAHHVC,19,0.162582,0.15590031777270977
16253,AAAAPAAVGAAVGGT,19,0.111355,0.07458711048095992
16254,AAAGLAAAAPLESRQ,19,0.368875,0.3101429102965365
16255,AAAKVAHHMVKISGG,19,0.390819,0.7887135259550521
16256,AAAKVLHHMVKISGG,19,0.697271,0.8836192221892472
16257,AAALHHMVKISGGPH,19,0.6768850000000001,0.7824985977621529
16258,AAGAQLLWQLPLLSI,19,0.52493,0.5945099137945541
16259,AAGDFWGGAGSAACQ,19,0.0,0.1627685714698774
16260,AAGVAAWSLIALMIP,19,0.186692,0.615481001920676
16261,AAIVNKLKAILVDLE,19,0.127905,0.7565941080717313
16262,AALPLLFFALAGQRI,19,0.528798,0.6872367225777395
16263,AAPEAARSLASSLPG,19,0.126972,0.5247486768415194
16264,AAPLSWSKDIYNYME,19,0.10681900000000001,0.48038693067488125
16265,AASDFWGGAGSAACQ,19,0.0,0.17967735276379912
16266,AASGADGTYDITKLG,19,0.20524,0.14492468697249442
16267,AAVELARALVRAVAE,19,0.5970850000000001,0.7351605048821872
16268,ADDLTAAINKGILVT,19,0.1744,0.638543045364145
16269,ADNSLDYAANFSHML,19,0.18310099999999999,0.5750175647183715
16270,ADSVKGRFTISRDNS,19,0.41939799999999994,0.8085969948998875
16271,AELMILIATNLLGQN,19,0.591271,0.653807974396515
16272,AFEGVFGHLAATAVP,19,0.420493,0.5531570385178746
16273,AFMLAWNYGVPRVMS,19,0.533764,0.7887659539995279
16274,AFQGLFGGLNWITKV,19,0.409482,0.6872607442018785
16275,AGAGLLFSIMKNTTN,19,0.8475209999999999,0.8075407463768794
16276,AGALEVHAVKPVTEE,19,0.112448,0.2811544952234834
16277,AGAWRTAAVELARAL,19,0.7453390000000001,0.647389397727462
16278,AGILARNLVPMVATV,19,0.08546799999999999,0.8436418587843866
16279,AGLLGNVSTVLLGGV,19,0.0,0.6377452604476272
16280,AGLLGVVSTVLLGGV,19,0.0,0.4204062432818653
16281,AGLTHMMIWHSNLND,19,0.185038,0.8730831233001706
16282,AGRFEVHAQTVEDEA,19,0.190889,0.19705873586409414
16283,AGWDTVLQSITTILA,19,0.0,0.3975673422005812
16284,AGYLVGRKPLAFFSW,19,0.775644,0.768433036116715
16285,AHARSYQTLSTQAAA,19,0.188003,0.6683478074428701
16286,AHWTEARIMLDNINM,19,0.036312,0.5797649015795829
16287,AIAGAWENGVCGIRS,19,0.170878,0.1691312264640075
16288,AIFLTTLSRTSKKRS,19,0.9268370000000001,0.906177131078179
16289,AIGIITLYLGAVVQA,19,0.077833,0.7441722856586054
16290,AINIFNVEKYGAVGD,19,0.553196,0.5816041651496507
16291,AIVREAIKRKLRTLI,19,0.731826,0.890434105464886
16292,AKEKPQEGTVVAVGP,19,0.0,0.05670405747058035
16293,AKPDGKTDCTKEVEE,19,0.134825,0.05436353287687403
16294,ALFSGVSWVMKIGIG,19,0.494751,0.7405791412032906
16295,ALKESWGAIWRIDTP,19,0.48453100000000004,0.8049290158165214
16296,ALLPRAGAAAAAALP,19,0.203342,0.4778909612801574
16297,ALQSHDDVALVSVMW,19,0.281815,0.32879916977796414
16298,ALRVIAGALEVHAVK,19,0.268485,0.719056883990148
16299,ALSDADWHFIADPAS,19,0.100996,0.17966470020487296
16300,ALSDPYLSFAAALNG,19,0.182074,0.5174370887250445
16301,ALTKAITAMSEVQKV,19,0.23126,0.6263564701873535
16302,AMFVEDIAMGYVVSS,19,0.497943,0.33323718837460375
16303,ANQFNKAISQIQESL,19,0.422097,0.6374346200938824
16304,APGAAAAPLSWSKDI,19,0.25701199999999996,0.41571213345509134
16305,APNGGFRRIPRGALH,19,0.789134,0.7473878965511059
16306,APSVVPNTTLGMHCG,19,0.266369,0.41718824319633047
16307,APYMVGDVITSGDIT,19,0.581755,0.37447246579255666
16308,AQAVYDFRSIVDYLR,19,0.6587850000000001,0.5431871554711968
16309,AQIYQAVSAQAAAIH,19,0.378212,0.4688209302898592
16310,AQVRADRILALDADP,19,0.274422,0.4422575082138564
16311,ARGYISTRVGMGEAA,19,0.670617,0.711056580551307
16312,ARNLVPMVATVQGQN,19,0.635178,0.6058756454423635
16313,ARWVYFLTRMRNPTG,19,0.6345609999999999,0.9464909059774911
16314,ASAAILGHDGTVWAQ,19,0.032925,0.16001130766126156
16315,ASIAARGYISTRVGM,19,0.39874899999999996,0.7218845512934651
16316,ASLIYRRRLMKQDFS,19,0.194973,0.9300170570667672
16317,ASNPNYLAILVKYVD,19,0.729796,0.7538807302303906
16318,ASPLTGIADASQSSM,19,0.0,0.346262552310167
16319,ASVGKMIDGIGRFYI,19,0.43938599999999994,0.584803453502662
16320,ATPPPPPPPQLGASP,19,0.0,0.017096169200909662
16321,ATSPTAEGGKATTEE,19,0.0,0.05132192800650635
16322,ATTANVPPADKYKTF,19,0.040928,0.18787954632058282
16323,AVFEAALTKAITAMS,19,0.517492,0.7190933357427793
16324,AVFEAALTKAITAMT,19,0.676629,0.7159816009133635
16325,AVGLFIRLLGGESDA,19,0.701897,0.6676671423928027
16326,AVHVWLRLPAGRVEI,19,0.693439,0.7946501166056494
16327,AVIRGKKGAGGITIK,19,0.346839,0.4517801089901738
16328,AVMLTFDNAGMWNVR,19,0.16126,0.49617400770730313
16329,AWASACGGTGKNTIV,19,0.13805,0.12571576270591384
16330,AWMSAAATQAEQAAT,19,0.078574,0.34662551039842315
16331,AYGSFVRTVSLPVGA,19,0.817862,0.9111145512162456
16332,AYSDDKSMKVTVAFN,19,0.458474,0.6105497290257417
16333,AYTSSDDQISLFDQS,19,0.328262,0.10986989017973298
16334,AYVATVSEALRIIAG,19,0.254106,0.6772018383372544
16335,CADILAIASRVLVTM,19,0.39129400000000003,0.8376888715817923
16336,CDASILIDPLSNQSA,19,0.119902,0.2739313949053438
16337,CGGTGKNTIVIPKGD,19,0.143938,0.44745735049973695
16338,CGYKDVDKPPFDGMT,19,0.234859,0.19909599223615865
16339,CIEYVTLNASQYANC,19,0.389633,0.6007511475841851
16340,CMTVQGGETMNSVIQ,19,0.05549199999999999,0.24708245149823177
16341,CPLDHVNTLHFLTRG,19,0.8256870000000001,0.7191431144579274
16342,CQFLKVEKSQLLNEF,19,0.566711,0.7591660607659043
16343,CRSCTLPPLRYMGED,19,0.40071599999999996,0.5666110342654743
16344,CSNLSTCVLGKLSQE,19,0.279121,0.6432837875853995
16345,CTGMLKRRLGLMSLS,19,0.993042,0.9571940647622812
16346,DALTLRTATNIWIDH,19,0.309343,0.5990892288023473
16347,DAPYMVGDVITSGDI,19,0.603626,0.397266339201288
16348,DCSEYPKPDCTAEDR,19,0.007109000000000001,0.04493031222242753
16349,DDRITKARWVYFLTR,19,0.49418599999999996,0.8283584652816193
16350,DEARRMWASAQNISG,19,0.0,0.5417661478385861
16351,DEPMVQVEAGKVNHS,19,0.08392999999999999,0.34448461882724857
16352,DESWQQFRQELIPLL,19,0.44043999999999994,0.5370971573726899
16353,DFGNSYIAEMETESW,19,0.25608000000000003,0.21712593609289818
16354,DGQGKAVWGKNSCAK,19,0.314277,0.26029673265795383
16355,DHTNFKYNYSVIEGG,19,0.483241,0.6452088654303677
16356,DIDLGRNEVVNDVST,19,0.19837,0.21398148728041164
16357,DIFTNSRGKRASKGN,19,0.517716,0.7952064293472471
16358,DIKVQFQSGGNNSPA,19,0.0,0.4416697002516707
16359,DINASFRAAMATTAN,19,0.412379,0.5778174369751421
16360,DITVKNCVLKKSTNG,19,0.400515,0.8437252672797652
16361,DIVIYSKYGGTEIKY,19,0.0,0.5901917257314233
16362,DKKCIEWEKAQHGAC,19,0.41335,0.41956648616406955
16363,DKLTGPFTVRYTTEG,19,0.0,0.28868006496988446
16364,DKPFQNVNRITYGAC,19,0.693665,0.5216475415402064
16365,DKVYEILKINSVKYY,19,0.673218,0.8075247742409173
16366,DLTILGLAAEWVLAY,19,0.401057,0.6407682188683921
16367,DLVANQPNLKALREK,19,0.24659,0.5881480701465095
16368,DMDKVETFLRIVQCR,19,0.37285300000000005,0.5563644627864104
16369,DMLKLFEFNKKAIET,19,0.593824,0.7792426287716572
16370,DRASYRAHWQDDDVT,19,0.023982,0.3958234983758311
16371,DRTELLEMVCFHEFL,19,0.258799,0.24674289298885485
16372,DTFRKDFRVYDNFLR,19,0.449945,0.6168155584270717
16373,DTFRKLFRRYSNFLR,19,0.8609879999999999,0.9555927565860384
16374,DVDIIVDARLDLSST,19,0.079929,0.38388473594413713
16375,DVFYNGAYFVSSGKY,19,0.6223989999999999,0.715548956198444
16376,DVLSQPMLPHTWDGS,19,0.0,0.2413500354454531
16377,EAAFNKAIKESTGGA,19,0.39887399999999995,0.5459021533667948
16378,EAVLEDPYILLVSSK,19,0.225133,0.7105819075506941
16379,EAYRMRFAAVITRVI,19,0.43278900000000003,0.8655297216290309
16380,EDPLFQLVSKLYEVV,19,0.540892,0.7308192640135013
16381,EEFVSLASRFLVEED,19,0.561667,0.7059957300802229
16382,EEIITLNSYGSFQEF,19,0.581109,0.4922698236940108
16383,EFIPMKSSWGAIWRI,19,0.704802,0.8374222068563594
16384,EFVTLAAKFIIEEDS,19,0.41549200000000003,0.6155935963141759
16385,EGHHLASAAIFGHDG,19,0.24846300000000002,0.6667813362370977
16386,EGHHLASAAILGHDG,19,0.235721,0.6555075140677932
16387,EGKVVQYENLKYTVI,19,0.158663,0.5185780075909876
16388,EHELYVAVLSNALHR,19,0.581399,0.8341704451860797
16389,EIESCRKNSCECNFE,19,0.0,0.08466911406716
16390,EITGIMKDFDEPGHL,19,0.11102000000000001,0.11589871904649218
16391,EKMFVSPTPGQRNPY,19,0.427687,0.37745248734195186
16392,ELAAVSVDCSEYPKP,19,0.0,0.17605139459422067
16393,ELKESWGAIWRIDTP,19,0.521386,0.7714784162254917
16394,ELLDQSDVKEPGVSR,19,0.301827,0.20630017196072842
16395,ELQFRRVKCKYPEGT,19,0.462121,0.5702439016477799
16396,ELYKYKVVKIEPLGV,19,0.45209099999999997,0.8638763839027482
16397,EMETESWIVDRQWAQ,19,0.216442,0.40541060436545034
16398,EPAYFATAESVRDHL,19,0.08815,0.5448828467691109
16399,EQCCTSICSLYQLEN,19,0.16803099999999999,0.2430508414379355
16400,EQCGRQAGGKLCPNN,19,0.15953900000000001,0.22276129281164353
16401,EQFLGALDLAKKRVH,19,0.549389,0.7186233914294848
16402,ERRNKYLEEHPSAGK,19,0.34721199999999997,0.3197366855080007
16403,ESLHNPYPDYHWLRT,19,0.135458,0.14912956815188283
16404,ESSFVMMSAPPAEYK,19,0.723456,0.5293113194030593
16405,ESTGGAYDTYKSIPS,19,0.199723,0.26031623019930566
16406,ESWGAIWRIDTPEVL,19,0.147901,0.5520869238680793
16407,ESWGAVWRIDTPDKL,19,0.657717,0.5828131442082451
16408,ESWIVDRQWAQDLTL,19,0.228921,0.4231152109331345
16409,ETLYRIDGAHLTKMS,19,0.576646,0.5138235021999152
16410,EVFCQTIKLDSEEYH,19,0.457031,0.39662585236800063
16411,EVLGFRMVQDERVGR,19,0.161624,0.36370406637285474
16412,EVVKANGGYLAAGKL,19,0.531381,0.6502720616236715
16413,EVYEARLTKFKYLAG,19,0.497471,0.8668585423669876
16414,EYIEAAKWLLPPPKV,19,0.607276,0.6849685973116854
16415,FARIETAFANLYPGE,19,0.21857,0.4347894239629134
16416,FAVATITHAAELQRV,19,0.45501099999999994,0.5335341511129491
16417,FDELELDPPEIEPGV,19,0.0,0.05439807193263238
16418,FDHEFTFGWDELLSK,19,0.490275,0.3723593798187945
16419,FDPYGATISATPESA,19,0.19298099999999999,0.24040244074530825
16420,FDREFTFGWDELLSK,19,0.385859,0.3723593798187945
16421,FEAAFNDAIKASTGG,19,0.256529,0.6096350266469075
16422,FEFNKKAIETLNDNT,19,0.252422,0.724384203537287
16423,FEQITFMQALQLLLE,19,0.386321,0.5571656785160961
16424,FFVKNPTDTGHGTVV,19,0.0,0.240901844540154
16425,FGPASFARIETAFAN,19,0.559845,0.4857281194180585
16426,FGTMPSLTLACLTKQ,19,0.410814,0.8826532548433265
16427,FIMAYVNQAHHIDLM,19,0.5568270000000001,0.8331063490897254
16428,FIVFLLLAGRSCSYK,19,0.871547,0.7993025310915126
16429,FLAVAVVLGLATSPT,19,0.15782000000000002,0.5256033587369086
16430,FLFQRAVAREAIIAL,19,0.6061989999999999,0.772279716738492
16431,FLLMYEMHRESLLKS,19,0.158742,0.8389337763256076
16432,FNSLISIAQHLVSDR,19,0.750661,0.7631886329270228
16433,FPPNGTHSWEYWGAQ,19,0.0,0.20149429750749304
16434,FQTMPGTFQTTTGEI,19,0.23667600000000003,0.49126426183100336
16435,FQTVGSGLDHILSLA,19,0.064014,0.4715313819013814
16436,FRKYTAFTIPSINNE,19,0.306317,0.8518624518617336
16437,FTSLEYIEAAKWLLP,19,0.336823,0.5501826475280933
16438,FVMMSAPPAEYKLQQ,19,0.603359,0.4815601247808238
16439,FVNQHLCGSHLVEAL,19,0.268428,0.557260896414336
16440,FVRIQPGQTFSVLAC,19,0.563087,0.4973564924707063
16441,FVVTGRVYCDPCRAG,19,0.494437,0.32489728115139593
16442,FWYVNHTGFNVHSLP,19,0.416437,0.5738447984466993
16443,GAGLLFSIMKNTTNT,19,0.777957,0.8417032774441084
16444,GAKRIPVDVSEGDIV,19,0.0,0.11646412090439612
16445,GARYLEFEALGFLNE,19,0.197131,0.45164999164849584
16446,GAVDIINKWQVVAPQ,19,0.447833,0.6784503224204126
16447,GAYFVSSGKYEGGNI,19,0.736066,0.7480783286122469
16448,GEGIPLYDAIKCMRT,19,0.554046,0.523852785723606
16449,GEIYKRWIILGLNKI,19,0.504491,0.9330940157621468
16450,GELEFEEFVSLASRF,19,0.239377,0.4577610535123872
16451,GELQIVDDIDAAFKI,19,0.192894,0.5685110724394025
16452,GELQIVDIIDAAFKI,19,0.32166500000000003,0.8788900015161352
16453,GELQIVDKFDAAFKI,19,0.522839,0.88357205118927
16454,GELQIVDKLDAAFKI,19,0.5904020000000001,0.9387244194913368
16455,GELQIVDKRDAAFKI,19,0.672614,0.8987404604413464
16456,GELQIVDKYDAAFKI,19,0.551795,0.9305816424174714
16457,GELQIVDQIDAAFKI,19,0.512096,0.8910939566699676
16458,GELQIVDWIDAAFKI,19,0.358885,0.8993173808115288
16459,GELQIVHKIDAAFKI,19,0.79842,0.9815171174875068
16460,GELQIVNKIDAAFKI,19,0.677782,0.964611963655246
16461,GELQIVTKIDAAFKI,19,0.6197739999999999,0.9452661615164828
16462,GENGRKTRSAYERMC,19,0.209254,0.6486816346015745
16463,GEVEIQFRRVKCKYP,19,0.513471,0.5989060436788382
16464,GEVLNALAYDVPIPG,19,0.134553,0.4126982809086986
16465,GFTRRFKFLLNISYL,19,1.0,0.9297189032247305
16466,GGACGYKDVDKPPFS,19,0.19955599999999998,0.15852851522831107
16467,GGGFGMLLRKYGIAA,19,0.956565,0.9177573368044628
16468,GGSILKISNKFHTKG,19,0.782363,0.9065362834462997
16469,GGSILKISNKYHTKG,19,0.809247,0.8644144476685607
16470,GHAYLLLPNTESARK,19,0.642368,0.8121772170590473
16471,GHMLDMYSVMLTNDN,19,0.209073,0.6302266816893013
16472,GIHTVFGSAFQGLFG,19,0.268404,0.4908434812280527
16473,GIKVGYTAHIRKATE,19,0.443442,0.8655727461497184
16474,GIRHLFGNYITNDSY,19,0.40258499999999997,0.700906382642777
16475,GIVEQCCTSICSLYQ,19,0.170069,0.1640511225275953
16476,GKGTLDGQGKAVWGK,19,0.430753,0.31281780968019685
16477,GKIDFLNNYALFLSP,19,0.05391900000000001,0.7358982974264606
16478,GKIVHISPLSGSAQH,19,0.8045100000000001,0.6340184406782483
16479,GKLFTQTMKGVERLA,19,0.5787760000000001,0.6286187176234059
16480,GKLIHEWCCRSCTLP,19,0.224683,0.421816558084143
16481,GKSSFCDICGEELPT,19,0.0,0.0783328437074993
16482,GKTVWFVPSIKAGND,19,0.664838,0.6782864759835272
16483,GLAYKFVVPGAATPY,19,0.778379,0.6816907280507706
16484,GLEWNDNTVRVSETL,19,0.47278400000000004,0.25704362603237485
16485,GLSGEPKGGAESSSK,19,0.21016999999999997,0.05125558664126295
16486,GLTHMMIWHSNLNDT,19,0.22590100000000002,0.8656079838171172
16487,GLVPKLDAAYSVAYK,19,0.410876,0.5449180575338985
16488,GMTGMLWETSLLDPE,19,0.16059600000000002,0.6718745199545655
16489,GNIVAVDIKPKDSDE,19,0.5614020000000001,0.3190380968071354
16490,GPPVEASAAALAGDA,19,0.0,0.1135075287942025
16491,GRKRPIVRILRRVHH,19,0.6139899999999999,0.8314513362052818
16492,GRKTRSAYERMCNIL,19,0.229542,0.6424331604813577
16493,GTGVLTPSSKRFQPF,19,0.665801,0.8444800596119522
16494,GTKGEAKDVIPEGWK,19,0.13430899999999998,0.05368157909578151
16495,GVLKNEFMSLAFDYW,19,0.44892,0.5734489588742689
16496,GWIISNIFGAIPVLA,19,0.24381599999999998,0.5735202189227103
16497,GWIISNIFGAIPVLG,19,0.144696,0.5763529066909249
16498,GYKDWILWISFAISC,19,0.164608,0.7320629584004791
16499,HAYYLQYKNVRPDYL,19,0.48281,0.8143604192080465
16500,HDYEGLSYRSLQPET,19,0.46485,0.4065154037286724
16501,HEWCCRSCTLPPLRY,19,0.102242,0.4975449965661532
16502,HFSNVFRSVMAPFTM,19,0.498041,0.8214037554513433
16503,HGRQIRMAKLLGRDP,19,0.7793439999999999,0.9225153972658717
16504,HMAKEDLVANQPNLK,19,0.0,0.2600802026916598
16505,HMIAGVFFTFVLLLS,19,0.320981,0.6185173649665769
16506,HSLLRTQRLHKFLVC,19,0.6017979999999999,0.9468893986850876
16507,HSRNLINELSERMAG,19,0.162623,0.34091710171495015
16508,HTLWSNGVLESDMII,19,0.07505,0.2848993949148403
16509,HTQTAGPWHLGKLEL,19,0.17595,0.4383830256811158
16510,IAAMMTSPLSVASMT,19,0.36630999999999997,0.7755883384006568
16511,IAIAFLSVSNNYEYI,19,0.203433,0.6092493278575385
16512,IALKESWGAIWRIDT,19,0.577645,0.845232430801383
16513,IAPIMFSNKMARLGK,19,0.543277,0.90062469807111
16514,IASLFAAAGLAAAAP,19,0.340038,0.7692231977022321
16515,IDQVTIAGAKLRSLN,19,0.7759520000000001,0.7147512954973535
16516,IEFRFYKEITNVFRG,19,0.394536,0.7558522922177598
16517,IGGWLLLEPWISPSV,19,0.333894,0.6107879715534652
16518,IGPEAAEAAAAAPAA,19,0.0,0.14548009953694005
16519,IGRIAETILGYNPSA,19,0.338454,0.5415662981199786
16520,IGSYVAFLSQTFAFI,19,0.174286,0.7584415478489065
16521,IHKASTVLAFPAGVC,19,0.249365,0.8164141787431228
16522,IIELFTAKGFTVQEM,19,0.419116,0.47977735732721216
16523,IISIVQMAPVSAMVR,19,0.402516,0.7059638040340194
16524,IISTFHLSIPNFNQY,19,0.681366,0.66028803190611
16525,IITPTNVSHIQSAVV,19,0.471992,0.3730130355507288
16526,IKDVLKYRWLNLSAN,19,0.697928,0.9009470059971723
16527,ILDLCYQLSMRIANQ,19,0.8616309999999999,0.7261003571510561
16528,ILKGLYNFATCGLIG,19,0.6115010000000001,0.7167374602542196
16529,ILKGVINIWGSGLLQ,19,0.434659,0.6482236566439391
16530,ILVQAGEAETMTPSG,19,0.0,0.07463695952235185
16531,IMRIKKLTITGKGTL,19,0.517,0.7975815653057478
16532,INLIIHYVDRPGALG,19,0.21438000000000001,0.7406696979005953
16533,IPKGDFLTGPLNFTG,19,0.186727,0.26681606313852424
16534,IPSIIHEALNIALIA,19,0.21226199999999998,0.49397092868254133
16535,IPVMAYLVGLFAWVL,19,0.173246,0.7470039296473204
16536,ISATPEWATPFPHRK,19,0.357614,0.23240871241919292
16537,ISDFRAAIANYHYDA,19,0.635474,0.4328659245017056
16538,ISGLKPGVDYTITVY,19,0.302588,0.24290565528286565
16539,ISIVQMAPVSAMVRM,19,0.36784,0.7017954636957138
16540,ISNMLSIINKRKKTS,19,0.8217270000000001,0.9229439035696699
16541,ISSYKLDLTILGLAA,19,0.686044,0.7155441072719717
16542,ITAMSEVQKVSQPAT,19,0.38605700000000004,0.3687163442585066
16543,ITDAVGNDMPGGYCL,19,0.0,0.13568605360347208
16544,ITFMQALQLLLEVEQ,19,0.33213000000000004,0.493695084516866
16545,IVLNHMTGAQSGKGT,19,0.45479200000000003,0.628539587377244
16546,IVQMAPVSAMVRMYI,19,0.423727,0.8359766938201135
16547,IVQNAYKQMIKSRTL,19,0.872495,0.8416701232076712
16548,IYEPEDLGNCLNKSD,19,0.0,0.17593338081626017
16549,IYWTIVKPGDILLIN,19,0.476775,0.6123189752853464
16550,KAIKESTGGAYDTYK,19,0.047716,0.2506722886216854
16551,KASNPNYLAILVKYV,19,0.64553,0.7250558873118274
16552,KCKYPEGTKVTFHVE,19,0.193416,0.4159115115690897
16553,KDKWIELKESWGAIW,19,0.334661,0.5449529212391103
16554,KESWGAIWRIDTPEV,19,0.25604499999999997,0.7732972067439592
16555,KEVEEAWASACGGTG,19,0.10738699999999998,0.11767962895792654
16556,KEYTFPITLSSTSNP,19,0.537134,0.6698883998596512
16557,KFFYLLGLSAIMQVF,19,0.66952,0.9210311975652642
16558,KFTQFAGKDLESIKG,19,0.476058,0.4196098815128611
16559,KFVDSTVVASVTIID,19,0.309384,0.3199244027925603
16560,KGKDKWIELKESWGA,19,0.28833600000000004,0.44753751301221095
16561,KGLHHLQIILSGKMA,19,0.700231,0.8535471816107562
16562,KGSNDHYLALLVKYA,19,0.6178319999999999,0.7569227085960185
16563,KGVERLAVMGDVAWD,19,0.324906,0.4366307241454355
16564,KHLAVLVKYEGDTMA,19,0.6455270000000001,0.5847112117987534
16565,KIEIDQDHQEEICEV,19,0.44388,0.08924124721846272
16566,KIGIGVLLTWIGLNS,19,0.21452,0.789119034741756
16567,KILEPFRKYTAFTIP,19,0.575304,0.7934172680125966
16568,KKGAGGITIKKTGQA,19,0.6426310000000001,0.24919018845441296
16569,KLCLMKAQPTSWPLQ,19,0.556408,0.8932238375429107
16570,KLCPNNLCCSQWGWC,19,0.067691,0.23917663629355476
16571,KLDLTILGLAAEWVL,19,0.546218,0.6875274401140797
16572,KLKIQNVIIDECYGA,19,0.019816999999999998,0.6049733988844249
16573,KLPWKNESSIKVIKQ,19,0.39929899999999996,0.5556335941765249
16574,KLSQELHKLQTYPRT,19,0.281616,0.5909663472241015
16575,KLTITGKGTLDGQGK,19,0.419151,0.4532057928669735
16576,KMDKLELKGMSYAMC,19,0.35822600000000004,0.7104985146117527
16577,KMPMYIAGYKTFDGR,19,0.5627260000000001,0.8396330803028127
16578,KNTIVIPKGDFLTGP,19,0.22175999999999998,0.5071541118065022
16579,KPPFSGMTGCGNTPI,19,0.112677,0.21687091045278337
16580,KQCFRKLPVNRPIDW,19,0.317146,0.6910518198472807
16581,KQIANELNYILWENN,19,0.089418,0.4142293360375279
16582,KRFFLPVFSDEVLAG,19,0.42474399999999995,0.6794216654032251
16583,KRWIILGLNKIVRMY,19,0.631325,0.920607922789123
16584,KSIIKARVVWKAIIE,19,0.45142600000000005,0.8673276902249656
16585,KSMKVTVAFNQFGPN,19,0.258822,0.7245761400194342
16586,KSRTLKSFFAWSLSD,19,0.41400600000000004,0.9284105465273957
16587,KSTNGLRIKSYEDAK,19,0.419879,0.6988720632158493
16588,KTDCTKEVEEAWASA,19,0.04365,0.18353335531826087
16589,KTLILLETFVRVNPD,19,0.370324,0.7144776698310429
16590,KTLILLETFVRVNPE,19,0.46609700000000004,0.7399221078232472
16591,KTRRFLPQILAECAR,19,0.6077130000000001,0.6378912838529295
16592,KTVSEGAVDIINKWQ,19,0.208292,0.5308380092605356
16593,KVGEVCSFYADPKRY,19,0.34022399999999997,0.29063498769541657
16594,KVTFLSQVHPSPLLT,19,0.794999,0.7371582275993335
16595,KYDAYVATLSEALRI,19,0.247506,0.6421963760162602
16596,KYKFVRIQPGQTFSV,19,0.775625,0.871757637854473
16597,KYKTFEAAFTVSSKR,19,0.395853,0.742728167466856
16598,KYTVIITVHTGDQHQ,19,0.663082,0.34346444547223076
16599,LALGFFLRKLTSREN,19,0.9754889999999999,0.948976886425345
16600,LAQILMDNDLAATND,19,0.276519,0.2798588407014264
16601,LDGNLLSSNDLAKYK,19,0.267377,0.6998498228265853
16602,LDMIITAVNSLISDN,19,0.361237,0.6792262967370952
16603,LEAKATFYGSNPRGA,19,0.342888,0.3764851968523784
16604,LEKISNEIKIVATPD,19,0.627763,0.5607776411243638
16605,LFFNHHKVMLLGHDD,19,0.624319,0.9315223768316491
16606,LFGGLNWITKVIMGA,19,0.575381,0.819662398640767
16607,LGAVYRYKKLKEMSA,19,0.614005,0.9196445866184197
16608,LGEVFIAQSKGLYRQ,19,0.394474,0.7328546324112797
16609,LGFFLRKLTSRENLL,19,0.861409,0.9661319976094087
16610,LGIVPLLLLDMWEHA,19,0.410369,0.6037415035159238
16611,LGMNHVLQSIRRNYP,19,0.751008,0.7904819865513006
16612,LGSQEGAMHTALTGA,19,0.037462,0.276353897255112
16613,LHFSEALRIIAGTPE,19,0.844668,0.8115258713860364
16614,LHLYSHPIILGFRKI,19,0.427116,0.864561652217552
16615,LIKTLQSKLSRNFTK,19,0.855511,0.9269991234823485
16616,LKCRLKMDKLELKGM,19,0.250308,0.6193422035875884
16617,LKESWGAIWRIDTPE,19,0.5171060000000001,0.8130021160420219
16618,LKLATGMRNVPEKQT,19,0.181126,0.8179219708535899
16619,LKNCVDAKMTEEDKE,19,0.055926,0.2715522166025637
16620,LLNEFNNLYADKVSV,19,0.410574,0.41506408152665747
16621,LLNRFTMTHRRPTIE,19,0.9522360000000001,0.9206198819058445
16622,LLTWIKMLAAKNLPI,19,0.388922,0.8880370480981237
16623,LLVTFKNAHAKKPEV,19,0.633356,0.8347029378608468
16624,LLWDYMCISLSTAIE,19,0.555672,0.6645506136143455
16625,LNIKLNMPLYIAGNK,19,0.543515,0.8344083569682497
16626,LNWITKVIMGAVLIW,19,0.311355,0.8215437198444242
16627,LQFAKLTGFTLMGKG,19,0.574996,0.7815852762757821
16628,LQFNQMMNPSHVKFL,19,0.664357,0.7890017979847438
16629,LQFRRVKCKYPEGTK,19,0.44757299999999994,0.6721412164091812
16630,LQMVGMRRPQQGASG,19,0.971052,0.7416377340861913
16631,LQSLWANFYELLADA,19,0.41266,0.35378778557182244
16632,LRAHRLHQLAFDTYQ,19,0.25382899999999997,0.7940420113041102
16633,LRIAAKIYSEADEAW,19,0.6049720000000001,0.8541510106386406
16634,LRKDYIKRQGSTPLA,19,0.48934399999999995,0.7400715156607883
16635,LRTKLMTSRRVLEKE,19,0.8337110000000001,0.9459903721904407
16636,LRYRYGLFKQRIAKE,19,0.749173,0.9186757727602306
16637,LSFAAALNGLAGPLH,19,0.596745,0.49889211645806153
16638,LSKDGCTSAKGPDYK,19,0.065833,0.08691884380930383
16639,LSPLTKGILGFVFTL,19,0.325548,0.7350896519106881
16640,LSSNDLAKYKANWIE,19,0.551197,0.5148106230516953
16641,LSYRSLQPETFAVVD,19,0.47998999999999997,0.4758477805829166
16642,LSYYKLGASQRVGTD,19,0.560619,0.8902659595006092
16643,LTHMMIWHSNLNDAT,19,0.154283,0.8793750621364704
16644,LVIPENAKEKPQEGT,19,0.0,0.12093725315093373
16645,LVKFVAGDGDVVAVD,19,0.11515299999999999,0.30322906749462564
16646,LVKYEGDTMAEVELR,19,0.218119,0.3472028898096437
16647,LVPFVQWFVGLSPTV,19,0.631325,0.4920050806869857
16648,LVSKLYEVVPGILTE,19,0.5790930000000001,0.6676405426613532
16649,LWCGSLIGLSSRATW,19,0.650464,0.7601867573276041
16650,LWNGPMAVSMTGVMR,19,0.26606599999999997,0.9056053393500683
16651,LWTQSLRRELSGYCS,19,0.7087600000000001,0.8215908653873686
16652,MAFLRSVSRLAAAVF,19,0.98336,0.9124238512631331
16653,MASSSSVLLVVALFA,19,0.0,0.5613791865918594
16654,MASSSSVLLVVVLFA,19,0.105316,0.5222250920468828
16655,MDCIIFESASKARLP,19,0.480025,0.674430051248233
16656,MEGEGVFKSIQHLTV,19,0.761335,0.7603894908671602
16657,MGAVLIWVGINTRNM,19,0.28194400000000003,0.726089978431233
16658,MGEAVQNTVEDLKLN,19,0.121119,0.20505524490375057
16659,MGNSKSKSNPSSSSE,19,0.0,0.369404680550336
16660,MGQLISFFGEIPSII,19,0.241127,0.4881820475597153
16661,MGRDIKVQFQSGGAN,19,0.187225,0.5484865939244418
16662,MILVGVIMMFLSLGV,19,0.295006,0.2963640319263234
16663,MLLRKYGIAAENVID,19,0.119953,0.8378020443852995
16664,MNMSRQGIFQTVGSG,19,0.12828699999999998,0.5082201194359608
16665,MPFVTTQPEALAAAA,19,0.24015999999999998,0.41724184813048193
16666,MSFVTTQPEALAAAA,19,0.18763,0.39707789124260623
16667,MSLLTEVETYVLSII,19,0.196207,0.28153908581953324
16668,MSLLTEVETYVLSIV,19,0.17288900000000001,0.28153908581953324
16669,MSQIMYNYPAMMAHA,19,0.578604,0.7971670097146053
16670,MSQIMYNYPAMRAHA,19,0.605194,0.7348016212035531
16671,MVVERLGDYLVEQGM,19,0.185585,0.23636263416598874
16672,MWEHAFYLQYKNVKV,19,0.586011,0.7281815763126073
16673,MYFHRRDLRLASNAI,19,0.740626,0.8982390509587884
16674,NCEALSLVSHIVKWK,19,0.511105,0.8052600477468536
16675,NCVLKKSTNGLRIKS,19,0.39519899999999997,0.9087034366566368
16676,NDAIKASTGGAYESY,19,0.088256,0.2371804892115504
16677,NDFLKTGHYTQMVWA,19,0.636792,0.6513507759050802
16678,NDKPFQNVNRITYGA,19,0.588481,0.5547751961375825
16679,NFTVGRIIELFTAKG,19,0.33826300000000004,0.6556278232152773
16680,NGLKFIIKRYTPNNE,19,0.897486,0.9239279635924603
16681,NHFFNHHKVMLLGHD,19,0.494519,0.9172649964825
16682,NHFFNHHKVMLLGHS,19,0.503663,0.9172649964825
16683,NHVIQSVRRLYPKIF,19,0.78869,0.8954976450371188
16684,NIWADDLAASLSTLE,19,0.22888000000000003,0.39148532177427514
16685,NKGILVTVNPIASTN,19,0.556808,0.642079424258535
16686,NKNFFWAVKPKAVRQ,19,0.817836,0.8172567476833935
16687,NKYLEEHPSAGKDPK,19,0.300771,0.18593617982456775
16688,NLLWKQIANELNYIL,19,0.0,0.7026828890414073
16689,NLMGKTLILLETFVR,19,0.535775,0.8133887003347143
16690,NLNIKLNMPLYIAGN,19,0.194352,0.7703492206265624
16691,NLVIEGPTTCGYLPT,19,0.36033899999999996,0.1081756468563371
16692,NMVVERLGDYLVEQG,19,0.20388900000000001,0.2482810977842376
16693,NNRIWLQFAKLTGFT,19,0.8409840000000001,0.7773822669921773
16694,NNVVQALTSLGLLYT,19,0.44981499999999996,0.697818718050345
16695,NPLIRHENRMVLAST,19,0.679685,0.8016611408718701
16696,NPRQAYANYRDIDLG,19,0.058106,0.4886884344707311
16697,NPTDTGHGTVVMQVK,19,0.0,0.33179900171750404
16698,NRFTMTHRRPTIEKD,19,0.981741,0.8728590046696246
16699,NRIMADGGSIQNTNL,19,0.0,0.18781326603689077
16700,NSFYYMKGGVNTFLI,19,0.33505,0.8794593137618203
16701,NSVIQALTSLGLLYT,19,0.582966,0.749686537218614
16702,NSVVQALTSLGLLYT,19,0.450243,0.697818718050345
16703,NVSHIQSAVVCGRRH,19,0.357509,0.6172217284713464
16704,NYLALLVKFVAGDGD,19,0.5264939999999999,0.7377458457818156
16705,PAAAYATATPAAATA,19,0.48978999999999995,0.06840689384646345
16706,PAGVCPTIGVGGNFA,19,0.616993,0.06308930022062548
16707,PALFFTFLANLNLTE,19,0.573934,0.5366702981519955
16708,PALLALLALPALLLL,19,0.061138,0.23423640985290806
16709,PASWKNNRIWLQFAK,19,0.673338,0.7682188504784915
16710,PCKGDSVTIKLDGNL,19,0.058466,0.19231142301562112
16711,PCRAGFETNVSHNVQ,19,0.197269,0.23147023672646835
16712,PDLPYDYGALEPAIS,19,0.2422,0.21631767681456768
16713,PEGLLWLLLTGKVPT,19,0.070961,0.9111872770412047
16714,PENAKEKPQEGTVVA,19,0.0,0.0873501240021839
16715,PEQIQLLKKAFDAFD,19,0.751239,0.5827893863912917
16716,PEVKYAVFEAALTKA,19,0.560036,0.8646842281348005
16717,PGTFQTTTGEIGAIA,19,0.49708500000000005,0.1798095872739072
16718,PIEHIASMRRNYFTA,19,0.46850600000000003,0.821068812849353
16719,PIIIDQKYCPNKICT,19,0.48773199999999994,0.3025650800703374
16720,PIYIVTPTNASHIQS,19,0.573967,0.5766091743461379
16721,PKDSDEFIPMKSSWG,19,0.264812,0.3651783186494264
16722,PKGGAESSSKAALTS,19,0.021618000000000002,0.2883630968230194
16723,PLYKLVHVFINTQYA,19,0.486834,0.8027195651950711
16724,PPDAASAAPLRTITA,19,0.273893,0.5601836385441205
16725,PPPPQLGASPYKLGP,19,0.126059,0.4441673695311557
16726,PQVKYAVFEAALTKA,19,0.5069140000000001,0.8251586437578252
16727,PSGLVIPENAKEKPQ,19,0.0,0.23597434198496578
16728,PSMGRDIKVQFQSGG,19,0.142624,0.593103123161955
16729,PSPSMGRDIKVQFQS,19,0.280064,0.5255280147794175
16730,PTHRHLKGEACPLPH,19,0.447029,0.31963893890453426
16731,PTLAFPAGVCPTIGV,19,0.27310500000000004,0.265360446812889
16732,PVGEIYKRWIILGLN,19,0.27337,0.8776793715433174
16733,PVGEIYKRWIIMGLN,19,0.449572,0.8534377368419866
16734,PYGATISATPEWATP,19,0.183112,0.2023735721472543
16735,QAGGKLCPNNLCCSQ,19,0.111036,0.27081789563974773
16736,QASVNGVTLIGESVK,19,0.214238,0.3764844236781269
16737,QCAMRPNHTIKGSFL,19,0.523602,0.24891401323600315
16738,QDHQEEICEVVLAKS,19,0.284504,0.3384044103979907
16739,QDVLLFTPASTEPQS,19,0.315726,0.4561408633303067
16740,QEVFKAIQSLKTTEV,19,0.211823,0.7620030212505801
16741,QFKRASPILRFLYAN,19,0.663507,0.876801269113142
16742,QFRRVKCKYPEGTKV,19,0.303846,0.6358190828310111
16743,QGEPGAVIRGKKGAG,19,0.319688,0.6190633015659948
16744,QGEPGRVIRGKKGAG,19,0.368979,0.647713502466402
16745,QHNHRPGYHTQTAGP,19,0.0,0.4732000700308309
16746,QIHQYIMALREEYFD,19,0.47555,0.7762131885786077
16747,QIRMAKLLGRDPEQS,19,0.597105,0.8197375660603117
16748,QKLIEDINASFRAAM,19,0.490175,0.5093386683527662
16749,QKRTLSLLQYARYPI,19,0.815785,0.8660284261807621
16750,QKYCPNKICTSKGDS,19,0.20688,0.5753345282804092
16751,QLSALWARFPLPVIP,19,0.406907,0.7978356735835715
16752,QLYSKFLLKAEPLAF,19,0.653995,0.8338808253251061
16753,QPCNGVTMNDVKIEY,19,0.11938800000000001,0.2655916026517503
16754,QPNLKALREKVLGLP,19,0.292692,0.706999849237181
16755,QPYVLSVASLTSAGQ,19,0.516756,0.7201096501814095
16756,QTYVTQQLIRAAEIR,19,0.489727,0.6486477242431181
16757,QVHFQPLPPAVVKLS,19,0.275893,0.7385569076437934
16758,QVPSASMGRDIKVQF,19,0.35282399999999997,0.6002785800222522
16759,QVTIAGAKLRSLNLG,19,0.6284420000000001,0.8358296458953115
16760,QYENLKYTVIITVHT,19,0.47125500000000003,0.7085295921687438
16761,RADITTVSTFIDLNI,19,0.488221,0.21685368350733836
16762,RAMFVEDIAMGYVVS,19,0.551502,0.39735319576577294
16763,RCALHWFPGSHLLAC,19,0.284328,0.6458424234327087
16764,RCALHWFPGSHLLHV,19,0.387074,0.8467609731873019
16765,RDCLIAHGAANTITE,19,0.43658900000000006,0.4793559486977792
16766,REQFLGALDLAKKRV,19,0.254094,0.7935438383684983
16767,RFFVWGDEVPLLTKF,19,0.359732,0.5717180970788507
16768,RFTISRDNSKNTLYL,19,0.211189,0.3537186937055506
16769,RGFRKEIGRMLNILN,19,0.648366,0.8814171408985232
16770,RGLLRRARGGPHHRR,19,0.417803,0.7430588005821349
16771,RIDTPDKLTGPFTVR,19,0.06229199999999999,0.181309290900686
16772,RIIAGTLEVHAVKPA,19,0.17443,0.585145108864843
16773,RIPVDVSEGDIVIYS,19,0.0,0.08471945986596206
16774,RKELLVTFKNAHAKK,19,0.5934189999999999,0.8554082760772228
16775,RKHIEWNCDVCRHGD,19,0.027144,0.25780520975290877
16776,RLATAIAGAWENGVC,19,0.0,0.3938019764385672
16777,RLEFDEFVTLAAKFI,19,0.43029300000000004,0.6074236642461067
16778,RLKGESRKTFVELMR,19,0.403885,0.7605553822911463
16779,RLMSMKSVQNNTVLK,19,0.527443,0.8313568409388222
16780,RMAMTDTTPFGQQRV,19,0.061366,0.1760427959429339
16781,RMFSSTLRAAVPWYA,19,0.749156,0.9391699819787636
16782,RMVLAFITFLRVLSI,19,0.987532,0.7800182054031392
16783,RMVLASTTAKAMEQM,19,0.547195,0.7176406555435598
16784,RNFQKVNPEGLIKEF,19,0.276329,0.49949433302973534
16785,RNTLLFLDLIILNFV,19,0.202335,0.550004759136617
16786,RPGVSKKFLSLLTSS,19,0.518101,0.888561343372243
16787,RPMFLYVRTNGTSKI,19,0.807811,0.8645696936222874
16788,RQGIFQTVGSGLDHI,19,0.20553600000000002,0.39419533147299607
16789,RQKIIYSGAVNLDDE,19,0.11494000000000001,0.7924952967763682
16790,RREVHIYYLEKANKI,19,0.578148,0.6896893496254377
16791,RRRVMIQSSGGKLRL,19,0.430515,0.836444294278629
16792,RSRPRRTTRRMDRRT,19,0.698163,0.44256019351379305
16793,RTATNIWIDHNSFSN,19,0.146985,0.25904750638314583
16794,RTITADTFRKLFRVY,19,0.527533,0.7907606737289286
16795,RVIRGKKGAGGITIK,19,0.360599,0.6235612296019202
16796,RVWEQIFSTWLLKPG,19,0.35136300000000004,0.6273511346726681
16797,RVYCDPCRAGFETNV,19,0.0,0.25050848434731415
16798,SAAPLRTITADTFRK,19,0.23618000000000003,0.44492609656515425
16799,SADEVQRMMAEIDTD,19,0.191151,0.34679994780510315
16800,SAIRAAPEAARSLAS,19,0.548257,0.392061408398144
16801,SCLDGKLCLMKAQPT,19,0.364199,0.5572972204143536
16802,SDDQISIMKLPLSTK,19,0.7890689999999999,0.9092113433954659
16803,SDLLTNSVIIMAYVT,19,0.286904,0.6672900058988245
16804,SEGDIVIYSKYGGTE,19,0.24636,0.5267216403593215
16805,SFGIVVAWQVKLLPV,19,0.524936,0.8667711713097301
16806,SFSCIAIGIITLYLG,19,0.200193,0.5411886797263309
16807,SFVMMSAPPAEYKLQ,19,0.66064,0.616752608970876
16808,SGKLFMHVTLGSDVE,19,0.206105,0.7906764294969758
16809,SGRVTRDSRRLRRIC,19,0.084397,0.37440289242607083
16810,SGTVDFDEFMEMMTG,19,0.21634,0.11962555265318106
16811,SHIQSAVVCGRRHGV,19,0.5645680000000001,0.5459441015385741
16812,SIAQHLVSDRPIMRY,19,0.503577,0.6322235089856773
16813,SLIYRRRLMKQDFSV,19,0.44504399999999994,0.9342590591926921
16814,SLKLYRDSLGEAVMR,19,0.0,0.6872639290961823
16815,SPILRFLYANVGEEA,19,0.69295,0.7003408551215864
16816,SQAWQPGVAMPNLYK,19,0.144649,0.3877189353182151
16817,SRAEVSYVHVNGAKF,19,0.610316,0.7264596683815485
16818,SRCYSIYLSINGVLE,19,0.395422,0.711419102323526
16819,SRFFVMGEETPLLTK,19,0.363482,0.5947128033946105
16820,SRSFLKHSLLRTQRL,19,0.589152,0.9408107002582721
16821,SSAGGFFTSVGKGIH,19,0.759783,0.8505702024061933
16822,SSILTDSQTATKRIR,19,0.159712,0.4863673276614624
16823,SSKAATAKAPGLVPK,19,0.32915300000000003,0.5245251299654621
16824,SSTVKLRQNEFGPAR,19,0.13592100000000001,0.6311035184649468
16825,SSYAATEVANAAAAS,19,0.733036,0.21698156948830288
16826,SSYAATEVANAAAGQ,19,0.47744200000000003,0.25983043639562386
16827,STVVASVTIIDRSLP,19,0.46486099999999997,0.3550108237746711
16828,STWLLKPGAGIMIFD,19,0.397513,0.7079215707282442
16829,SVLLVVALFAVFLGS,19,0.0,0.10633689525278169
16830,SVRIRVRSGGHDYEG,19,0.400096,0.6440126864263342
16831,SVTIKLDGNLLSSND,19,0.43618999999999997,0.5855850230064924
16832,SVYLSDNGVMSEQGS,19,0.23204499999999997,0.37504718297090106
16833,SWGAIWRIDTPEVLK,19,0.0,0.42465454740558256
16834,SWKLEKASLIEVKTC,19,0.098118,0.6231908621311197
16835,SYIAEMETESWIVDR,19,0.158939,0.25932514259803596
16836,SYVHVNGAKFIDTQN,19,0.583112,0.5720307678586246
16837,TAAINKGILVTVNPI,19,0.147309,0.6471403615296601
16838,TAAVELARALVRAVA,19,0.566095,0.6636949260928302
16839,TAKAPGLVPKLDAAY,19,0.29845900000000003,0.2970117403822733
16840,TANVPPADKYKTLEA,19,0.065636,0.24028672314969377
16841,TASDFWGGAGSAACQ,19,0.0,0.17038109446253868
16842,TATSASAGWDTVLQS,19,0.0,0.2082995097729967
16843,TCVLGKLSQELHKLQ,19,0.330596,0.4960440232372472
16844,TDALRTLGSTSADEV,19,0.35949699999999996,0.43520318712616407
16845,TDFAGKTVWFVPSIK,19,0.494101,0.5309482742572279
16846,TDKMFFVKNPTDTGH,19,0.24005500000000002,0.5302398706063669
16847,TDTTPFGQQRVFKEK,19,0.040958999999999995,0.45741831468737004
16848,TFYGSNPRGAAPDDH,19,0.577395,0.22997781175820825
16849,TGSRWCCWPVVPVAL,19,0.153602,0.36876801051750174
16850,THMMIWHSNLNDATY,19,0.135364,0.750035900207958
16851,THMMIWHSNLNDTTY,19,0.116497,0.7980206081668658
16852,TIAAMMTSPLSVASM,19,0.4059,0.7213105001817358
16853,TISNNLFFNHHKVML,19,0.427571,0.8688823307653283
16854,TKFFYLLGLSAIMQV,19,0.738305,0.8750582672228241
16855,TKKFDEVVKANGGYL,19,0.466635,0.3316171017806862
16856,TKVIMGAVLIWVGIN,19,0.0,0.5162421016243653
16857,TKVTFHVVGVGPLLH,19,0.358187,0.4995826071512278
16858,TLELLYADTVAFCFR,19,0.153417,0.4786826834058983
16859,TLGSTSADEVQRMMA,19,0.054104,0.2561323490602059
16860,TLSYYKLGASQRVGT,19,0.348134,0.9161236478620504
16861,TNFKYNYSVIEGGPI,19,0.351248,0.6700196570291175
16862,TPLTLVDICFWSTLF,19,0.0,0.3314091587375308
16863,TPTNASHIQSAVVCG,19,0.06366000000000001,0.3581457337860148
16864,TQTMKGVERLAVMGD,19,0.588895,0.655657607886506
16865,TRKYLPAIVREAIKR,19,0.721775,0.8766118072354873
16866,TRSAYERMCNILKGK,19,0.435191,0.7327778090930267
16867,TSALIWMASPPEVHS,19,0.21778899999999998,0.5043135523541614
16868,TSSDDQITLIKTPSL,19,0.591841,0.41694095958060334
16869,TSYVKVLHHMVKISG,19,0.856925,0.9097229538486264
16870,TTEMLSRALKKVPVD,19,0.736272,0.85266437562974
16871,TVAAAPQVKYAVFEA,19,0.053097000000000005,0.5616102220029595
16872,TVGTKTFLVHREWFM,19,0.5772550000000001,0.7470796857533661
16873,TVLAFPAGVCPTIGV,19,0.398862,0.19635917046620557
16874,TVSTFIDLNITMLED,19,0.5494180000000001,0.36133342141108127
16875,TWQGGSGMASHIIYE,19,0.147923,0.37100538490521945
16876,TYSQLMTLKDAKMLQ,19,0.628963,0.8942008057066256
16877,VAPIEHIASMRRNYF,19,0.60734,0.8482854715310167
16878,VATLSEALRIIAGTL,19,0.4894,0.7540922037436028
16879,VAYFNMVYMPASWVM,19,0.71686,0.7811966518215935
16880,VDGRGNYNTDLLPDW,19,0.0,0.2347803100261637
16881,VDIKPKDSDEFIPMK,19,0.289123,0.1035202156433654
16882,VDLAKSLRIAAKIYS,19,0.747238,0.926028527888059
16883,VDVSEGDIVIYSKYG,19,0.0,0.41352190626199564
16884,VEALYLVCGERGFFY,19,0.24412899999999998,0.38249544507863453
16885,VEDEARRMWASAQNI,19,0.245033,0.4661641612364701
16886,VEKSQLLNEFNNLYA,19,0.67756,0.41888202160492033
16887,VFGNCEGVKIIGISI,19,0.281404,0.24434468349005914
16888,VFGSAFQGLFGGLNW,19,0.392519,0.44271108017055333
16889,VFHTLWHTTKGAALM,19,0.665845,0.837016872231381
16890,VGNVAWMHVLAAKYI,19,0.45485200000000003,0.8828481814518907
16891,VHAQTVEDEARRMWA,19,0.06473,0.16527294095850917
16892,VIGVAFLAVFQSATK,19,0.46215900000000004,0.8178558045511949
16893,VIPANWKPDTVYTSK,19,0.363742,0.21824025158614369
16894,VKGDPVGILYAVFKA,19,0.649493,0.5025886691689722
16895,VKIEYSGTNNKTMAV,19,0.265934,0.45092630156745794
16896,VKPLYIITPTNVSHI,19,0.8197110000000001,0.628441560147149
16897,VKQNTLKLATGMRNV,19,0.555225,0.7567138641774616
16898,VLDILTANKLIRQKL,19,0.701543,0.9022069698464513
16899,VLHHMVKISGGPHIS,19,0.6593600000000001,0.8555807379016254
16900,VLRTKLMTSRRVLER,19,0.650877,0.9305845758141021
16901,VNFYAWKRMEVGQQA,19,0.6384380000000001,0.6900485895479315
16902,VNMISRMLINRFTMR,19,0.840259,0.9450111097785981
16903,VNMVSRLLLNRFTMT,19,0.764088,0.9576689928224659
16904,VNYWFAPGAAAAPLS,19,0.609025,0.6847754381879035
16905,VPFVQWFVGLSPTVW,19,0.276876,0.5022224552685862
16906,VPKKKKDKDIPQSSE,19,0.0,0.2257294422944405
16907,VPPADKYKTFEAAFT,19,0.20672,0.43018333510844803
16908,VPSPSMGRDIKVQFQ,19,0.0,0.5658370562785504
16909,VQNTVEDLKLNTLGR,19,0.198581,0.38061563809015464
16910,VRILRRVHHRKYLTD,19,0.400265,0.8991580758221601
16911,VRSGGHDYEGLSYRS,19,0.31564699999999996,0.11259475879311003
16912,VSEALRIIAGTLEVH,19,0.091852,0.7711819737583904
16913,VSIISILKGVINIWG,19,0.664864,0.6957216077090288
16914,VSSVNMISRMLINRF,19,0.9276540000000001,0.8579223389484266
16915,VSVDCSEYPKPDCTA,19,0.0,0.05262644574332563
16916,VSWVMKIGIGVLLTW,19,0.146123,0.6673891398784949
16917,VTMNDVKIEYSGTNN,19,0.161665,0.24861200995392685
16918,VTVDAAVLAAIDADA,19,0.20534699999999997,0.17637629282874798
16919,VVLGLATSPTAEGGK,19,0.33820700000000004,0.3975131530181023
16920,VVSRLLIPVPFDPPA,19,0.283246,0.5479212673873636
16921,VWRIDTPDKLTGPFT,19,0.542723,0.2887943032135935
16922,WAVKPKAVRQIEDQL,19,0.348071,0.5571156046431118
16923,WEQIFSTWLLKPGAG,19,0.6350680000000001,0.7053549628660479
16924,WFIISIVQMAPVSAM,19,0.5116729999999999,0.7323978922729126
16925,WGAIWRIDTPDKLTG,19,0.419166,0.5420514646003007
16926,WGAIWRIDTPEVLKG,19,0.312882,0.4391105181141749
16927,WIELKESWGAVWRID,19,0.32900999999999997,0.7926452780532641
16928,WKPDTVYTSKLQFGA,19,0.400673,0.63121490523173
16929,WKRMEVGQQAVEVWQ,19,0.423433,0.23947881834399337
16930,WNRKELLVTFKNAHA,19,0.0,0.8149210966373963
16931,WPKSHTLWSNGVLES,19,0.12517799999999998,0.5558937276682351
16932,WQKGEEVQVIAVEPG,19,0.178399,0.271660309615304
16933,YANYRDIDLGRNEVV,19,0.471817,0.4250161873376786
16934,YDKFLAFVSTVLTGK,19,0.58777,0.9137338449959509
16935,YDKFLALVSTVLTGK,19,0.587088,0.9313122947837623
16936,YDKFLANESTVLTGK,19,0.40399,0.8491242128048266
16937,YDKFLANKSTVLTGK,19,0.7354229999999999,0.9553829524292161
16938,YDKFLANQSTVLTGK,19,0.465291,0.9304464108602208
16939,YDKFLANVCTVLTGK,19,0.5276390000000001,0.9122277633709095
16940,YDKFLANVHTVLTGK,19,0.442984,0.9107259663577034
16941,YDKFLANVNTVLTGK,19,0.46867,0.8976252811487377
16942,YDKFLANVTTVLTGK,19,0.461967,0.9129224475813009
16943,YDKFLANYSTVLTGK,19,0.46070500000000003,0.9593359167352844
16944,YDKFLATVSTVLTGK,19,0.536858,0.9280027029739003
16945,YEYKVQQAMSNLVLG,19,0.435758,0.7673110248729714
16946,YFNMVYMPASWVMRI,19,0.649766,0.8909810397180364
16947,YGFVANFSMELPSFG,19,0.394527,0.6029697219497951
16948,YGIAAENVIDVKLVD,19,0.080299,0.17609755528955381
16949,YKDVDKPPFSGMTGC,19,0.21631599999999998,0.2344454337233784
16950,YKKLRTSSFALNLPT,19,0.166209,0.9347174335312091
16951,YLAILVKYVDGDGDV,19,0.667397,0.6612003058921333
16952,YLEEHPSAGKDPKKT,19,0.141836,0.12572794299046766
16953,YNFATCGLIGLVTFL,19,0.20773899999999998,0.6132934288685131
16954,YPFIEQEGPEFFDQE,19,0.123645,0.08620410846310063
16955,YRKILRQRKIDRLID,19,0.640065,0.886629799291985
16956,YTTEGGTKGEAKDVI,19,0.24865,0.07602680655869906
16957,YVLGIFLRKLTSRET,19,1.0,0.8908440743053213
16958,YVLGVFLRKLTSRET,19,1.0,0.9169829689824374
16959,YVVSSFDNIKVFLEG,19,0.334525,0.3422979378724645
16960,YWTIVKPGDILLINS,19,0.41746000000000005,0.6178003326929224
16961,AALHPFALLLVLAGWK,19,0.620059,0.7765599521070863
16962,DKGIPFMKMNISVIMK,19,0.626328,0.8964448749491698
16963,MYYVSGARSNVTFTVK,19,0.610019,0.8379526141292901
16964,PKQMLVGGVVLLGAMK,19,0.674082,0.7399774829583139
16965,QPFLGLCAFLATRIFK,19,0.676841,0.8382453396700096
16966,SLLWNGPMAVSMTGVK,19,0.441082,0.793148078833946
16967,AAHHMVKISGGPHISY,19,0.341673,0.7645206295315713
16968,AAHHYVKISGGPHISY,19,0.662805,0.7060207169667555
16969,ALWNLHGQALFLGIVL,19,0.0,0.7544293577752051
16970,CSAVPVHWVPTSRTTW,19,0.397021,0.22112422552435584
16971,CYGGHTNEDDSNFAHW,19,0.0,0.054325991346802126
16972,DKLKQQRDTLSTQKET,19,0.037244,0.21262428023644817
16973,EEDKENALSLLDKIYT,19,0.356662,0.5536032052369936
16974,EGELHGRQIRMAKLLG,19,0.5190279999999999,0.8715139674590285
16975,EPQGSTYAASSATSVD,19,0.321776,0.666324654108765
16976,FRNVLSIAPIMFSNKM,19,0.610019,0.8308162984937111
16977,GKWYLKAMTADQEVPE,19,0.5136390000000001,0.7411245548988636
16978,GVINIMYMHDSDDVLF,19,0.22657,0.43569770037069616
16979,HGRQIKMAKLLGRDPE,19,0.787187,0.7457207826095668
16980,HGRQIRMAKLLGRDPE,19,0.9153129999999999,0.7747858622221541
16981,HGRQIRMAKLLTRDPE,19,0.584113,0.8339161551311797
16982,KFDSQLAHRHMARELH,19,0.508566,0.7027775505032342
16983,KGLMNIALAISAQQVN,19,0.410141,0.7316245472998907
16984,LAAIIFLFGPPTALRS,19,0.153257,0.7843847739495583
16985,LKAMTADQEVPEKPDS,19,0.0,0.16221012063732307
16986,LNKIVRMYSPVSILDI,19,0.5963,0.9117465335214688
16987,LWWSTMYLTHHYFVDL,19,0.0,0.7793022140273612
16988,MAKLLGRDPEQSQEAL,19,0.055709,0.2669967530500733
16989,MVSRLLLNRFTMTHRR,19,0.74424,0.9132393478802053
16990,QPEWFRNVLSIAPIMF,19,0.47661000000000003,0.7562480887351016
16991,RQIRMAKLLGRDPEQS,19,0.57075,0.7420853414180664
16992,SAEVEEHRTIRVLEMV,19,0.0,0.6650347403136254
16993,SPEVIPMFSALSEGAT,19,0.625818,0.6253095475306019
16994,SSIIFGAFPSLHSGCC,19,0.233436,0.611808057602063
16995,WHTTKGAALMSGEGRL,19,0.291783,0.5248551123226847
16996,WNRQLYPEWTEAQRLD,19,0.085738,0.37705206940811825
16997,IWYMWLGARYLEFEAKK,19,0.679685,0.7357805932363559
16998,KKEGNTSLLWNGPMAVS,19,0.46716199999999997,0.4815118955235021
16999,KKGLNWITKVIMGAVLI,19,0.723124,0.8407476464455658
17000,KKITKVIMGAVLIWVGI,19,0.525332,0.8215256155243833
17001,KKLVGGVVLLGAMLVGQ,19,0.5058020000000001,0.6368768271953636
17002,KKPFALLLVLAGWLFHV,19,0.42920600000000003,0.7678947740354436
17003,KKPFMKMNISVIMLLVS,19,0.0,0.9007470644178196
17004,KKSGARSNVTFTVNQTS,19,0.0,0.6538137897987429
17005,KKTLLDLLKLTVAVGLH,19,0.620059,0.6856498705095487
17006,KKVGQVTLLDLLKLTVA,19,0.695388,0.6128475989194997
17007,NSYIAEMETESWIVDKK,19,0.30180300000000004,0.2668670749845048
17008,SGQVVTYALNTITNLKK,19,0.644157,0.7766297969252803
17009,TVFGSAFQGLFGGLNKK,19,0.8984629999999999,0.6062976606132753
17010,VLTLGAAMVEIALGGKK,19,0.478229,0.5279696075058824
17011,WLGARYLEFEALGFLKK,19,0.591596,0.5504679462431937
17012,AIQQVRSLIGNEEFLDY,19,0.44142299999999995,0.4626410663105481
17013,CVDAKMTEEDKENALSL,19,0.105555,0.1682240801838387
17014,EHREVLWKFDSQLAHRH,19,0.463674,0.8211615857783585
17015,FERQYKELQTQAEDDRR,19,0.584699,0.42020006741486376
17016,GAVSFWMCSNGSLQFRI,19,0.42023999999999995,0.43280751186613764
17017,IGNTVTPTVTFTMDGDK,19,0.067962,0.2706267359173615
17018,KIPGGAMYADDTAGWDT,19,0.525226,0.18574059663945136
17019,LTYQNKVVKVQRPTPKG,19,0.6135010000000001,0.8200531185042745
17020,MVTQMAMTDTTPFGQQR,19,0.25595500000000004,0.5777257557427948
17021,NEDDSNFAHWTEARIML,19,0.032741,0.5151017441365308
17022,PETPNMDVIGERIKRIK,19,0.43491899999999994,0.7069348528039603
17023,PTPKGTVMDIISRKDQR,19,0.569244,0.55781800193057
17024,PWDVVPMVTQMAMTDTT,19,0.553836,0.5553566890863337
17025,RLNDTWKLERAVLGEVK,19,0.36661900000000003,0.6394053419500343
17026,TESTFKNISCTFKFGEE,19,0.572259,0.5032007333259786
17027,TLSIGYHANNSTDTEDT,19,0.0,0.6872730629103091
17028,VVKVQRPTPKGTVMDII,19,0.344053,0.39640916047308977
17029,WLGARYLEFEALGFLNE,19,0.393257,0.3126108492101522
17030,YAHAAHAAHAAHAAHAA,19,0.471134,0.13730854464303585
17031,YLGKREDQWCGSLIGLT,19,0.144541,0.2532101180744384
17032,AAREAEQWRAYLEGLCVE,19,0.0,0.3683202656193027
17033,DTPYLDITYHFVMQRLPL,19,0.540979,0.4567350246131071
17034,EGRVEIDFDYCPGTTVTL,19,0.19175699999999998,0.08360884477761142
17035,GAGVMVEGVFHTLWHTTK,19,0.44330699999999995,0.3513842229420498
17036,GKLITDWCCRSCTLPPLR,19,0.090182,0.2456206944056659
17037,GWLSCLSITWTLIKNMEK,19,0.037513,0.34778081709698694
17038,IDPFQLGLLVVFLATQEV,19,0.20513,0.4308806017066141
17039,LRAEQASQEVKNWMTETL,19,0.173348,0.23307889079786354
17040,MATFKIQPVFMVASFLKA,19,0.486883,0.5651907334533287
17041,MSSFLGKWKLSESHNFDA,19,0.0,0.5852362777691422
17042,NVTENFNMWKNNMVEQMH,19,0.262665,0.2888273650302411
17043,PAEILRKSRRFAQALPVW,19,0.8334,0.8157726096618833
17044,PVGDIYKRWIILGLNKIV,19,0.632058,0.7418955599200913
17045,PVGEIYKRWIILGLNKIV,19,0.395306,0.749995495287132
17046,REDQRGSGQVVTYALNTF,19,0.130663,0.3054304504210273
17047,SCIAIGIITLYLGAVVQA,19,0.08705399999999999,0.677213886742764
17048,SELYLYKVVKIEPLGVAP,19,0.558243,0.7533684021142468
17049,SVLSVKLAGNSSLCSTSG,19,0.017712000000000002,0.4189589156859623
17050,WIILGLNKIVRMYSPISI,19,0.606811,0.7288140016465291
17051,WIILGLNKIVRMYSPTSI,19,0.727302,0.6507991227688796
17052,WIILGLNKIVRMYSPVSI,19,0.804249,0.7288140016465291
17053,WVKVVEEKGFNPEVIPMF,19,0.101516,0.38208380251152496
17054,YAQMWLLLYFHRRDLRLM,19,0.044335,0.6882593819127281
17055,YFHRRDLRLMANAICSAV,19,0.340592,0.5787331039835673
17056,YVDRFFKTLRAEQASQDV,19,0.5584319999999999,0.8727224475058892
17057,YVDRFYKTLRAEQASQEV,19,0.586056,0.8171603436675547
17058,GEIYKRWIILGLNKIVRMY,19,0.585788,0.7415152030466585
17059,GLFNPMILAAGLIACDPNR,19,0.32266500000000004,0.4889700227615609
17060,LGVLLLIGCWYCRRRNGYR,19,0.24306399999999997,0.49835497217982344
17061,LPPWFPPMVEGAAAEGDDG,19,0.353174,0.41302434613300054
17062,VAPEEHPVLLTEAPLNPKA,19,0.0,0.6010160556526086
17063,WEALKYLWNLLQYWGQELK,19,0.094907,0.7113088793873268
17064,YEKVRSQLKNNAKEIGNGC,19,0.29796300000000003,0.6435880827679511
17065,AALLVVAVGLRVVCAKYALA,19,0.175735,0.5091724505869264
17066,AVDDYAGYLLDKNQSDLVTN,19,0.629629,0.5841920573305797
17067,CPRYVKQLTKLATGMRNVPE,19,0.144681,0.8457452414316328
17068,DIKVQFQSGGANSPALYLLD,19,0.078102,0.5102169731584807
17069,DPWFAHGTPMPKIQNVSSSD,19,0.0,0.09071829948797634
17070,DTEVHNVWATQACVPTDPNP,19,0.0,0.2591693006979364
17071,EAKYDAYVATLSEALRIIAG,19,0.5781850000000001,0.8167768320320918
17072,EIMKHIVKIEVKGEEAVKKE,19,0.8718739999999999,0.4879093910149516
17073,EQYTHQDEIYEQVHSKGLYV,19,0.671403,0.5330189694241737
17074,EYIRIDAKVVPKSKIDTKIQ,19,0.718615,0.6376419770381354
17075,EYLNKIQNSLSTEWSPCSVT,19,0.0,0.6369810033592267
17076,FEERDAVLLGGSSDNEFVKL,19,0.14735499999999999,0.4753572856088472
17077,FPQPQLPYSQPQPFRPQQPY,19,0.0,0.29598047890701795
17078,GFGMLLRKYGIAAENVIDVK,19,0.828835,0.7663440288626371
17079,GSSDNEFVKLAWRREHKDLD,19,0.6047359999999999,0.7579435470443094
17080,HAPAAPANPGLIIGALAGST,19,0.09246599999999999,0.1875998329349276
17081,HIDLLVGSATLCSALYVGDL,19,0.174663,0.4231385200913768
17082,IEPIVATNWQKLEAFWHKHM,19,0.577429,0.7297491527667522
17083,KDKWIELKESWGAIWRIDTP,19,0.48316400000000004,0.6833591829314628
17084,KELLNRIQVDSSNPLSEKEK,19,0.481216,0.5774510950774076
17085,KIIGGIGGFVKVRQYDQIPI,19,0.406074,0.5566586425494766
17086,KMIGGIGGFVKVRQYDQIPI,19,0.421612,0.2390104608545562
17087,KRWIILGLNKIVRMYSPTSI,19,0.773315,0.8701946958884076
17088,LIIGALAGSTLAALVIGGIA,19,0.0,0.746906618404247
17089,LLQELCCQHLWQIPEQSQCQ,19,0.0,0.10985090734353863
17090,LTTSQTLLFNILGGWVAAQL,19,0.129947,0.5751688836356245
17091,LYKYKVVKIEPLGVAPTKAK,19,0.667025,0.8661202232734697
17092,MYVGGVEHRLEAACNWTRGE,19,0.354905,0.3480828859703171
17093,PAEILRKSRRFAQALPVWAR,19,0.724256,0.738938104956117
17094,PEAFNYMDKFNEQEINLSLE,19,0.9359370000000001,0.3743836912737832
17095,PELVPEDPEDSALLEDPAGT,19,0.19855799999999998,0.08180222722445522
17096,PHHTALRQAILCWGELMTLA,19,0.433734,0.4357874071965101
17097,QHRDVLQLYAPEAFNYMDKF,19,0.85125,0.557935244480663
17098,QNPSQQQPQEQVPLVQQQQF,19,0.0,0.07221593462487787
17099,RNKTQEEHLKEIMKHIVKIE,19,0.9359370000000001,0.6293240713062171
17100,SEGFIHEFGHAVDDYAGYLL,19,0.376692,0.477838294396249
17101,SKKFIDIFKEEGSNLTSYGR,19,1.0,0.5036273357050834
17102,TSYVKVLHHMVKISGGPHIS,19,0.78308,0.6527464652286502
17103,VATLSEALRIIAGTLEVHAV,19,0.45601400000000003,0.6222761206288371
17104,VENTEKALNVYYEIGKILSR,19,1.0,0.7162194450078291
17105,VHFQPLPPAVVKLSDALIAT,19,0.279928,0.6201803848244434
17106,VRVPVPQLQPQNPSQQQPQE,19,0.0,0.10040674256512085
17107,WGAIWRIDTPDKLTGPFTVR,19,0.334225,0.3546596313294469
17108,YIITPTNVSHIQSAVVSGRR,19,0.454272,0.4489195020289673
17109,YYEIGKILSRDILSKINQPY,19,1.0,0.7935995068796147
17110,DKGIPFMKMNISVIMHHHHHH,19,0.85125,0.762185108800694
17111,EQEILNYMSPHHKKLHHHHHH,19,0.7381449999999999,0.8902733996000228
17112,GAGKTRRFLPQILAEHHHHHH,19,0.778379,0.8177250725477537
17113,GSRAIWYMWLGARYLHHHHHH,19,0.0,0.9384299650893027
17114,HTMWHVTRGAFLVRNHHHHHH,19,0.8984629999999999,0.8280002226235647
17115,IHLVIHRIRTLIGQEHHHHHH,19,0.0,0.6936578949516469
17116,IHRIRTLIGQEKYTDHHHHHH,19,0.8984629999999999,0.6143671078736733
17117,IWYMWLGARYLEFEAHHHHHH,19,0.0,0.8844170128157779
17118,KNPVVDGNPTVDIEEHHHHHH,19,0.249221,0.5863407426075937
17119,LTAAINKGILVTVNPHHHHHH,19,0.807811,0.8739518487361592
17120,MFFVKNPTDTGHGTVHHHHHH,19,0.743748,0.7415129436320034
17121,MYMWLGARYLEFEALHHHHHH,19,0.0,0.9338036510486212
17122,CPKYVRSAKLRMVTGLRNIPS,19,0.397206,0.7640329913965646
17123,LENGKLILQRNIGLEIKDVQI,19,0.8984629999999999,0.711465482352321
17124,STRLRMVTGLRNVPSIQSKGL,19,0.319872,0.6159062601550789
17125,VLVMLVLLILAYRRRWRRLTV,19,0.550126,0.7983029465904724
17126,AAILRRHIDLLVGSATLCSALY,19,0.0,0.30531987216164985
17127,WARMILMTHFFSVLIARDQLEQ,19,0.0,0.5108425841180393
17128,KNLYEKVKSQLKNNAKEEIGNGC,19,0.425625,0.7273032208030447
17129,AARVTQILSSLTITQLLKRLHQWI,19,0.0,0.7708414701201718
17130,LPKPPKPVSKMRMATPLLMQALPM,19,0.436604,0.7551693161525628
17131,PQCRLTPLSRLPFGMAPGPGPQPG,19,0.9359370000000001,0.4437095651065169
17132,KTSLYNLRRGTALAIPQCRLTPLSRL,19,1.0,0.7862901893670258
17133,IGLEIKDVQIIKQSEKEYIRIDAKVVP,19,0.6034609999999999,0.7107616855225789
17134,ITQFILEHRAKGSCKYALPLRIPPSACLSPQ,19,0.85125,0.8545386427768877
17135,EDNLGFLMHAPAFETAGTYLRLVKINDWTEITQF,19,0.5226529999999999,0.9953492420754363
17136,DPWFAHGTPMPKIQNVSSSD,20,0.0,0.043908140063458986
17137,SPEVIPMFSALSE,21,0.475869,0.21341659149479586
17138,EYRSTVNPWASQLG,21,0.0,0.073114677241264
17139,KPLLIIAEDVEGEY,21,0.14768,0.2986568144406164
17140,MLFRILSLNLIKIK,21,0.8727389999999999,0.6164597151499444
17141,NTSYRLISCNTSVI,21,0.315269,0.2605485055042018
17142,AAAAPAAVGAAVGGT,21,0.0,0.017782095716782104
17143,AAAGLAAAAPLESRQ,21,0.098743,0.2760715434601814
17144,AAGAQLLWQLPLLSI,21,0.46361499999999994,0.5618894185443432
17145,AAGVAAWSLIALMIP,21,0.409876,0.5753287339368222
17146,AALPLLFFALAGQRI,21,0.422785,0.6194894589495955
17147,AAPEAARSLASSLPG,21,0.081881,0.37390996701981777
17148,AAPLSWSKDIYNYME,21,0.291742,0.3265669848846132
17149,AASGADGTYDITKLG,21,0.140435,0.09451124525288845
17150,AAVELARALVRAVAE,21,0.190526,0.7091118555310136
17151,ADNSLDYAANFSHML,21,0.264439,0.3415618496276078
17152,AELMILIATNLLGQN,21,0.167939,0.7078688890953648
17153,AFMLAWNYGVPRVMS,21,0.371035,0.5906744595935614
17154,AGALEVHAVKPVTEE,21,0.143008,0.17413933412773505
17155,AGAWRTAAVELARAL,21,0.33588,0.5413980140400425
17156,AGILARNLVPMVATV,21,0.312678,0.8963243195272416
17157,AGLLGNVSTVLLGGV,21,0.0,0.5841075921607027
17158,AGRFEVHAQTVEDEA,21,0.196713,0.07038749787977149
17159,AGWDTVLQSITTILA,21,0.439604,0.3827296710857271
17160,AHARSYQTLSTQAAA,21,0.03934,0.3273609137709848
17161,AINIFNVEKYGAVGD,21,0.48667200000000005,0.6084489244605551
17162,AKPDGKTDCTKEVEE,21,0.22893400000000003,0.03158744857142887
17163,ALKESWGAIWRIDTP,21,0.192691,0.4902494029790163
17164,ALLPRAGAAAAAALP,21,0.0,0.33484801402128667
17165,ALQSHDDVALVSVMW,21,0.435047,0.3658565593640533
17166,ALRVIAGALEVHAVK,21,0.544858,0.7361095377906428
17167,ALSDPYLSFAAALNG,21,0.177562,0.39658935007041457
17168,ALTKAITAMSEVQKV,21,0.51299,0.4792729151114152
17169,APGAAAAPLSWSKDI,21,0.0,0.1850618950491222
17170,APNGGFRRIPRGALH,21,0.48372600000000004,0.4009549915767682
17171,AQAVYDFRSIVDYLR,21,0.39426100000000003,0.38201069836215856
17172,AQIYQAVSAQAAAIH,21,0.42127200000000004,0.24235454389401803
17173,ASAAILGHDGTVWAQ,21,0.224235,0.13535655377361103
17174,ASNPNYLAILVKYVD,21,0.776049,0.7643608096753397
17175,ATPPPPPPPQLGASP,21,0.0,0.01292392824516951
17176,ATSPTAEGGKATTEE,21,0.06428500000000001,0.017959261554494864
17177,ATTANVPPADKYKTF,21,0.0,0.10633193078373834
17178,AVFEAALTKAITAMS,21,0.260656,0.33846729414152804
17179,AVFEAALTKAITAMT,21,0.41152799999999995,0.46124641596157473
17180,AVHVWLRLPAGRVEI,21,0.42763999999999996,0.55142506430543
17181,AVIRGKKGAGGITIK,21,0.316405,0.13419725931968726
17182,AVMLTFDNAGMWNVR,21,0.196654,0.5373791587627879
17183,AWASACGGTGKNTIV,21,0.067584,0.05654655851171248
17184,AWMSAAATQAEQAAT,21,0.0,0.05576075902491775
17185,AYGSFVRTVSLPVGA,21,0.193894,0.741040930064405
17186,AYSDDKSMKVTVAFN,21,0.068104,0.2857946966784985
17187,AYVATVSEALRIIAG,21,0.494978,0.5443699682237771
17188,CADILAIASRVLVTM,21,0.419117,0.76686018176536
17189,CDASILIDPLSNQSA,21,0.32679899999999995,0.3403265912683583
17190,CGGTGKNTIVIPKGD,21,0.06945599999999999,0.2637609531434755
17191,CGYKDVDKPPFDGMT,21,0.057945,0.07705253702799425
17192,CIEYVTLNASQYANC,21,0.5301319999999999,0.5197404653347215
17193,DALTLRTATNIWIDH,21,0.374915,0.3806140185161102
17194,DCSEYPKPDCTAEDR,21,0.0,0.012895911234186184
17195,DEARRMWASAQNISG,21,0.035698,0.24957441504713002
17196,DEPMVQVEAGKVNHS,21,0.065857,0.19064036219884445
17197,DESWQQFRQELIPLL,21,0.29707,0.46858905581090843
17198,DGQGKAVWGKNSCAK,21,0.139177,0.0639008218139795
17199,DHTNFKYNYSVIEGG,21,0.284877,0.3380497293997264
17200,DIDLGRNEVVNDVST,21,0.163931,0.2334937203016805
17201,DIFTNSRGKRASKGN,21,0.0,0.3197919494989173
17202,DIKVQFQSGGNNSPA,21,0.0,0.21412245182765755
17203,DINASFRAAMATTAN,21,0.37117,0.23813151829941998
17204,DITVKNCVLKKSTNG,21,0.34722600000000003,0.5869398706258396
17205,DKKCIEWEKAQHGAC,21,0.24991300000000002,0.23447047234324245
17206,DKLTGPFTVRYTTEG,21,0.048112,0.12932337037956165
17207,DKVYEILKINSVKYY,21,0.894911,0.8023742687178799
17208,DLVANQPNLKALREK,21,0.187967,0.5118446690756802
17209,DVDIIVDARLDLSST,21,0.0,0.31104088503919936
17210,DVFYNGAYFVSSGKY,21,0.455805,0.22550585140839766
17211,DVLSQPMLPHTWDGS,21,0.182758,0.20582143855032997
17212,EAAFNKAIKESTGGA,21,0.038345,0.24034522095556118
17213,EAYRMRFAAVITRVI,21,0.14288499999999998,0.5357149352251261
17214,EDPLFQLVSKLYEVV,21,0.7678659999999999,0.6714505371103887
17215,EEFVSLASRFLVEED,21,0.6097020000000001,0.556360262186802
17216,EFIPMKSSWGAIWRI,21,0.29311,0.34941947963095243
17217,EFVTLAAKFIIEEDS,21,0.376299,0.5157383731173859
17218,EGHHLASAAIFGHDG,21,0.36342800000000003,0.4622765224346268
17219,EGHHLASAAILGHDG,21,0.393486,0.5373297032694524
17220,EHELYVAVLSNALHR,21,0.5583279999999999,0.7204862159264211
17221,EITGIMKDFDEPGHL,21,0.23936,0.11617780823449002
17222,ELAAVSVDCSEYPKP,21,0.078483,0.16818067964050967
17223,ELKESWGAIWRIDTP,21,0.208148,0.43209274922149477
17224,ELYKYKVVKIEPLGV,21,0.741162,0.7051978678331345
17225,EPAYFATAESVRDHL,21,0.187886,0.29470402538165863
17226,EQCGRQAGGKLCPNN,21,0.185086,0.08810685315957208
17227,ESLHNPYPDYHWLRT,21,0.0,0.08897875579813508
17228,ESTGGAYDTYKSIPS,21,0.0,0.07873928787104384
17229,ESWGAVWRIDTPDKL,21,0.367527,0.16211719232926006
17230,EVLGFRMVQDERVGR,21,0.30844099999999997,0.35853072782196965
17231,EVVKANGGYLAAGKL,21,0.185571,0.48023513034905096
17232,EVYEARLTKFKYLAG,21,0.610888,0.432169066694061
17233,EYIEAAKWLLPPPKV,21,0.313297,0.5692950067106319
17234,FARIETAFANLYPGE,21,0.677049,0.2707527195412208
17235,FAVATITHAAELQRV,21,0.21242399999999997,0.4858626142914841
17236,FDELELDPPEIEPGV,21,0.053112,0.05578567231951358
17237,FDHEFTFGWDELLSK,21,0.0,0.15868676685174377
17238,FDPYGATISATPESA,21,0.13736199999999998,0.07877403611512673
17239,FDREFTFGWDELLSK,21,0.13126600000000002,0.15868676685174377
17240,FEAAFNDAIKASTGG,21,0.12302300000000001,0.298969164914794
17241,FGPASFARIETAFAN,21,0.389716,0.16092717152568173
17242,FLAVAVVLGLATSPT,21,0.542944,0.4775095758695138
17243,FLFQRAVAREAIIAL,21,0.308688,0.4053748800846594
17244,FPPNGTHSWEYWGAQ,21,0.0,0.06668457737617205
17245,FRKYTAFTIPSINNE,21,0.0,0.41470449316986113
17246,FTSLEYIEAAKWLLP,21,0.192387,0.4103305074599108
17247,FVNQHLCGSHLVEAL,21,0.29520100000000005,0.47667146821653505
17248,FVVTGRVYCDPCRAG,21,0.063515,0.08709031286129525
17249,GAVDIINKWQVVAPQ,21,0.356425,0.7125870422529175
17250,GAYFVSSGKYEGGNI,21,0.289555,0.13004312141525345
17251,GEIYKRWIILGLNKI,21,0.314943,0.8701117550438767
17252,GELEFEEFVSLASRF,21,0.263342,0.22609083523576273
17253,GELQIVDDIDAAFKI,21,0.429329,0.7910824848658746
17254,GELQIVDIIDAAFKI,21,0.424671,0.9489387227179924
17255,GELQIVDKFDAAFKI,21,0.513416,0.6002011765003159
17256,GELQIVDKLDAAFKI,21,0.675934,0.8563911377053788
17257,GELQIVDKRDAAFKI,21,0.319137,0.621604788885248
17258,GELQIVDKYDAAFKI,21,0.48047700000000004,0.6668106613586199
17259,GELQIVDQIDAAFKI,21,0.545385,0.9348560547441893
17260,GELQIVDWIDAAFKI,21,0.542112,0.9404325858270064
17261,GELQIVHKIDAAFKI,21,0.646864,0.9808385211708227
17262,GELQIVNKIDAAFKI,21,0.6611670000000001,0.9625372350124871
17263,GELQIVTKIDAAFKI,21,0.549824,0.9352970027810436
17264,GEVEIQFRRVKCKYP,21,0.291985,0.3874073970213443
17265,GEVLNALAYDVPIPG,21,0.714622,0.4823489625442186
17266,GGACGYKDVDKPPFS,21,0.062798,0.058168786399914726
17267,GGGFGMLLRKYGIAA,21,0.411214,0.805202835986563
17268,GGSILKISNKFHTKG,21,0.339352,0.7905441208146774
17269,GGSILKISNKYHTKG,21,0.433407,0.7782187082058181
17270,GIKVGYTAHIRKATE,21,0.051765,0.6273197480491425
17271,GKGTLDGQGKAVWGK,21,0.24684499999999998,0.22625985255867836
17272,GKIDFLNNYALFLSP,21,0.49237700000000006,0.7367442894949728
17273,GLAYKFVVPGAATPY,21,0.376474,0.3221269921438407
17274,GLSGEPKGGAESSSK,21,0.0,0.019100753493246636
17275,GLVPKLDAAYSVAYK,21,0.558066,0.5313818613254561
17276,GMTGMLWETSLLDPE,21,0.13378800000000002,0.4027929756663388
17277,GNIVAVDIKPKDSDE,21,0.35179099999999996,0.380926664447075
17278,GPPVEASAAALAGDA,21,0.049014,0.09007446720996473
17279,GRKRPIVRILRRVHH,21,0.7859970000000001,0.6936253446745912
17280,GTKGEAKDVIPEGWK,21,0.158621,0.04153400755072683
17281,GVLKNEFMSLAFDYW,21,0.7202149999999999,0.48662784954005156
17282,GWIISNIFGAIPVLA,21,0.867775,0.48721284060121123
17283,GWIISNIFGAIPVLG,21,0.915874,0.4923537902392358
17284,HAYYLQYKNVRPDYL,21,0.100608,0.5561573217963999
17285,HDYEGLSYRSLQPET,21,0.285174,0.2418705853089776
17286,HFSNVFRSVMAPFTM,21,0.194551,0.504465194069162
17287,HGRQIRMAKLLGRDP,21,0.312392,0.8696206105930722
17288,HMAKEDLVANQPNLK,21,0.0,0.2873285521504938
17289,HSLLRTQRLHKFLVC,21,0.6374449999999999,0.8497035229563316
17290,HSRNLINELSERMAG,21,0.14197,0.3710530911319545
17291,IAAMMTSPLSVASMT,21,0.612829,0.638980430370258
17292,IAIAFLSVSNNYEYI,21,0.6426569999999999,0.5395564918373795
17293,IASLFAAAGLAAAAP,21,0.139983,0.3929066944826399
17294,IEFRFYKEITNVFRG,21,0.143175,0.5328895884974806
17295,IGPEAAEAAAAAPAA,21,0.0,0.027540035141899705
17296,IGRIAETILGYNPSA,21,0.34788600000000003,0.4945637423919721
17297,IHKASTVLAFPAGVC,21,0.411029,0.41524024588181324
17298,IIELFTAKGFTVQEM,21,0.768703,0.318493868065784
17299,IITPTNVSHIQSAVV,21,0.617733,0.3382221725015148
17300,IMRIKKLTITGKGTL,21,0.629379,0.685136522206989
17301,INLIIHYVDRPGALG,21,0.47627299999999995,0.652900240618302
17302,IPKGDFLTGPLNFTG,21,0.120538,0.21258002819836155
17303,IPVMAYLVGLFAWVL,21,0.010284999999999999,0.8014333738024687
17304,ISATPEWATPFPHRK,21,0.148355,0.0635907599425756
17305,ISDFRAAIANYHYDA,21,0.595553,0.46031193410735244
17306,ISGLKPGVDYTITVY,21,0.396768,0.23904299383600483
17307,ITAMSEVQKVSQPAT,21,0.317267,0.25990019238659984
17308,IVLNHMTGAQSGKGT,21,0.20923000000000003,0.6466293746573321
17309,KAIKESTGGAYDTYK,21,0.451529,0.06687642798716226
17310,KASNPNYLAILVKYV,21,0.528169,0.7400547340887699
17311,KCKYPEGTKVTFHVE,21,0.010163,0.15682199436746544
17312,KDKWIELKESWGAIW,21,0.293748,0.32520251454896704
17313,KEVEEAWASACGGTG,21,0.06111799999999999,0.04332061797266413
17314,KEYTFPITLSSTSNP,21,0.0,0.45643265231823715
17315,KFTQFAGKDLESIKG,21,0.21609499999999998,0.19737248571799582
17316,KFVDSTVVASVTIID,21,0.17915799999999998,0.2187375733236491
17317,KGKDKWIELKESWGA,21,0.22665,0.212874954844033
17318,KGSNDHYLALLVKYA,21,0.413134,0.6992838894678269
17319,KHLAVLVKYEGDTMA,21,0.357695,0.5583309533759673
17320,KIEIDQDHQEEICEV,21,0.162168,0.1184987493360852
17321,KILEPFRKYTAFTIP,21,0.38976700000000003,0.45056372641041653
17322,KKGAGGITIKKTGQA,21,0.160103,0.13825766675216428
17323,KLCPNNLCCSQWGWC,21,0.051038,0.2368978530332192
17324,KLKIQNVIIDECYGA,21,0.074015,0.6957581201991963
17325,KLPWKNESSIKVIKQ,21,0.24251399999999998,0.40757454948892785
17326,KLTITGKGTLDGQGK,21,0.412181,0.33055465294513836
17327,KMPMYIAGYKTFDGR,21,0.28775500000000004,0.5532917474500358
17328,KNTIVIPKGDFLTGP,21,0.358634,0.3787724639698887
17329,KPPFSGMTGCGNTPI,21,0.20355,0.04877380780928051
17330,KRWIILGLNKIVRMY,21,0.554493,0.8741163423705414
17331,KSIIKARVVWKAIIE,21,0.560485,0.7349626779431578
17332,KSMKVTVAFNQFGPN,21,0.512209,0.3739543460006026
17333,KSTNGLRIKSYEDAK,21,0.533406,0.4529112971540115
17334,KTDCTKEVEEAWASA,21,0.205668,0.05561939291575585
17335,KTVSEGAVDIINKWQ,21,0.0,0.5372335937312207
17336,KYDAYVATLSEALRI,21,0.440935,0.6034455407029059
17337,KYKTFEAAFTVSSKR,21,0.26040399999999997,0.1614444208017716
17338,LDGNLLSSNDLAKYK,21,0.568729,0.6386763616425007
17339,LEAKATFYGSNPRGA,21,0.155274,0.11498159216840204
17340,LEKISNEIKIVATPD,21,0.3097,0.5136441117613959
17341,LFFNHHKVMLLGHDD,21,0.255851,0.8199944795063995
17342,LGAVYRYKKLKEMSA,21,0.21334,0.5526067827571831
17343,LGIVPLLLLDMWEHA,21,0.093713,0.6593968141502593
17344,LHFSEALRIIAGTPE,21,0.746731,0.7835058146275957
17345,LHLYSHPIILGFRKI,21,0.153861,0.7895566334366969
17346,LKLATGMRNVPEKQT,21,0.0,0.6143907838498978
17347,LKNCVDAKMTEEDKE,21,0.0,0.2703431417351913
17348,LLTWIKMLAAKNLPI,21,0.8202290000000001,0.8069437780669351
17349,LNIKLNMPLYIAGNK,21,0.731395,0.9069001193701944
17350,LQFAKLTGFTLMGKG,21,0.541257,0.45940595365402936
17351,LQSLWANFYELLADA,21,0.414034,0.3943343330527049
17352,LRIAAKIYSEADEAW,21,0.318308,0.7005444137243984
17353,LRYRYGLFKQRIAKE,21,0.264941,0.6638261044601631
17354,LSFAAALNGLAGPLH,21,0.21377800000000002,0.4489530232011089
17355,LSSNDLAKYKANWIE,21,0.755325,0.3639082766312583
17356,LSYRSLQPETFAVVD,21,0.44513500000000006,0.26391116172160434
17357,LVKFVAGDGDVVAVD,21,0.173837,0.1865673511597143
17358,LVKYEGDTMAEVELR,21,0.09210499999999999,0.26438445250320597
17359,LVPFVQWFVGLSPTV,21,0.534003,0.2516741310146693
17360,LVSKLYEVVPGILTE,21,0.401995,0.6254892423758133
17361,MAFLRSVSRLAAAVF,21,0.621374,0.7425496417458096
17362,MASSSSVLLVVALFA,21,0.325936,0.45921429337912106
17363,MASSSSVLLVVVLFA,21,0.07836900000000001,0.5039369893651617
17364,MGEAVQNTVEDLKLN,21,0.153461,0.17786569573396208
17365,MGRDIKVQFQSGGAN,21,0.112501,0.3381504270906632
17366,MLLRKYGIAAENVID,21,0.5493899999999999,0.7305152216332452
17367,MPFVTTQPEALAAAA,21,0.081397,0.2576028564798233
17368,MSFVTTQPEALAAAA,21,0.014661000000000002,0.28863170410631167
17369,MSQIMYNYPAMMAHA,21,0.370327,0.5330053380382679
17370,MSQIMYNYPAMRAHA,21,0.453823,0.5281059018173286
17371,MVVERLGDYLVEQGM,21,0.186048,0.2749843662890026
17372,MWEHAFYLQYKNVKV,21,0.426378,0.5860841746378186
17373,NCVLKKSTNGLRIKS,21,0.465869,0.7071556383933917
17374,NDAIKASTGGAYESY,21,0.5987979999999999,0.10325395616393025
17375,NDFLKTGHYTQMVWA,21,0.37156300000000003,0.39515561010928124
17376,NFTVGRIIELFTAKG,21,0.33415900000000004,0.42915860367734165
17377,NHFFNHHKVMLLGHD,21,0.26214699999999996,0.7923131426553148
17378,NHFFNHHKVMLLGHS,21,0.26619499999999996,0.8382658980096136
17379,NIWADDLAASLSTLE,21,0.28459,0.3344869982272199
17380,NLNIKLNMPLYIAGN,21,0.197881,0.8573283547331211
17381,NMVVERLGDYLVEQG,21,0.365266,0.2721535281143221
17382,NNRIWLQFAKLTGFT,21,0.515893,0.5203431742133449
17383,NPRQAYANYRDIDLG,21,0.108786,0.2153779327724537
17384,NRIMADGGSIQNTNL,21,0.176371,0.15912088499969207
17385,NVSHIQSAVVCGRRH,21,0.404493,0.27106292817122446
17386,NYLALLVKFVAGDGD,21,0.42024300000000003,0.6532145699936097
17387,PAAAYATATPAAATA,21,0.0,0.014947560216725152
17388,PAGVCPTIGVGGNFA,21,0.013653,0.042618763085249506
17389,PALLALLALPALLLL,21,0.378556,0.24124751069210654
17390,PASWKNNRIWLQFAK,21,0.269471,0.4092502577865125
17391,PCKGDSVTIKLDGNL,21,0.165184,0.13969940353597318
17392,PCRAGFETNVSHNVQ,21,0.30375,0.15582823206754282
17393,PDLPYDYGALEPAIS,21,0.0,0.20647145219268997
17394,PEGLLWLLLTGKVPT,21,0.4045,0.74553761478245
17395,PEQIQLLKKAFDAFD,21,0.656154,0.5275229411326452
17396,PEVKYAVFEAALTKA,21,0.232262,0.5698019965811523
17397,PIIIDQKYCPNKICT,21,0.611065,0.39037955110563605
17398,PIYIVTPTNASHIQS,21,0.375421,0.5133165964928061
17399,PKDSDEFIPMKSSWG,21,0.21912600000000002,0.11225371083553541
17400,PKGGAESSSKAALTS,21,0.0,0.14226464818818554
17401,PLYKLVHVFINTQYA,21,0.588746,0.7399625397440008
17402,PPPPQLGASPYKLGP,21,0.06866799999999999,0.40033621529352237
17403,PQVKYAVFEAALTKA,21,0.256805,0.521681973104749
17404,PSMGRDIKVQFQSGG,21,0.047896,0.2993022084188552
17405,PSPSMGRDIKVQFQS,21,0.186332,0.2701857223217837
17406,PTLAFPAGVCPTIGV,21,0.209723,0.1513167358095443
17407,PYGATISATPEWATP,21,0.091696,0.0771715388131581
17408,QAGGKLCPNNLCCSQ,21,0.173301,0.3146618156831911
17409,QDHQEEICEVVLAKS,21,0.148482,0.20873702313587544
17410,QDVLLFTPASTEPQS,21,0.057161000000000003,0.32673343728647986
17411,QEVFKAIQSLKTTEV,21,0.41547399999999995,0.5542551479007535
17412,QFRRVKCKYPEGTKV,21,0.06378099999999999,0.2605831735759718
17413,QGEPGAVIRGKKGAG,21,0.046560000000000004,0.21369995362730768
17414,QGEPGRVIRGKKGAG,21,0.060523,0.18300567636142465
17415,QIHQYIMALREEYFD,21,0.5906279999999999,0.7488051621116261
17416,QIRMAKLLGRDPEQS,21,0.22981999999999997,0.7444078950692078
17417,QKLIEDINASFRAAM,21,0.583388,0.4732295804028647
17418,QKYCPNKICTSKGDS,21,0.231817,0.25048651800609345
17419,QLSALWARFPLPVIP,21,0.38761599999999996,0.616678451655347
17420,QLYSKFLLKAEPLAF,21,0.458541,0.6058312165807623
17421,QPCNGVTMNDVKIEY,21,0.312195,0.2541817629815266
17422,QPNLKALREKVLGLP,21,0.399993,0.6844591045104199
17423,QVPSASMGRDIKVQF,21,0.08111900000000001,0.3910275480281949
17424,RCALHWFPGSHLLAC,21,0.363221,0.4272666534042484
17425,RCALHWFPGSHLLHV,21,0.521795,0.6910010106134712
17426,RDCLIAHGAANTITE,21,0.454428,0.3229559221221761
17427,RGLLRRARGGPHHRR,21,0.037644,0.5371866375117443
17428,RIDTPDKLTGPFTVR,21,0.184005,0.05059468909772954
17429,RIIAGTLEVHAVKPA,21,0.406539,0.57108319039899
17430,RKELLVTFKNAHAKK,21,0.49794399999999994,0.6053675584990112
17431,RKHIEWNCDVCRHGD,21,0.0,0.157316523842761
17432,RLEFDEFVTLAAKFI,21,0.575793,0.2572657536875073
17433,RMFSSTLRAAVPWYA,21,0.397966,0.724772004267996
17434,RSRPRRTTRRMDRRT,21,0.352026,0.16685200315902554
17435,RTATNIWIDHNSFSN,21,0.244469,0.26080376439117137
17436,RVIRGKKGAGGITIK,21,0.107233,0.13874427599154673
17437,RVWEQIFSTWLLKPG,21,0.393723,0.321969059127874
17438,RVYCDPCRAGFETNV,21,0.274744,0.07726628124739013
17439,SADEVQRMMAEIDTD,21,0.350562,0.2288728839186544
17440,SAIRAAPEAARSLAS,21,0.372424,0.22874518976309707
17441,SFGIVVAWQVKLLPV,21,0.702015,0.7460792612683277
17442,SGKLFMHVTLGSDVE,21,0.0,0.5632899517697965
17443,SGRVTRDSRRLRRIC,21,0.113193,0.17191849324398795
17444,SGTVDFDEFMEMMTG,21,0.0,0.06752988462689083
17445,SHIQSAVVCGRRHGV,21,0.399618,0.20261828111310717
17446,SRAEVSYVHVNGAKF,21,0.4628,0.36542570140062136
17447,SRSFLKHSLLRTQRL,21,0.341517,0.7348475703213492
17448,SSKAATAKAPGLVPK,21,0.032092,0.2492882163205893
17449,SSYAATEVANAAAAS,21,0.033030000000000004,0.0755882643199728
17450,SSYAATEVANAAAGQ,21,0.0,0.06695954933811556
17451,STVVASVTIIDRSLP,21,0.180013,0.3709175493216823
17452,STWLLKPGAGIMIFD,21,0.47371899999999995,0.49322905365888714
17453,SVLLVVALFAVFLGS,21,0.299576,0.11698965408818604
17454,SVRIRVRSGGHDYEG,21,0.44403000000000004,0.22581026913344548
17455,SVTIKLDGNLLSSND,21,0.46612700000000007,0.5432353075285216
17456,SYVHVNGAKFIDTQN,21,0.45495,0.31918098887717417
17457,TAAVELARALVRAVA,21,0.42051000000000005,0.5935894426630054
17458,TAKAPGLVPKLDAAY,21,0.393859,0.3081348378710531
17459,TANVPPADKYKTLEA,21,0.085015,0.11832721664566365
17460,TATSASAGWDTVLQS,21,0.20976399999999998,0.12127658410026657
17461,TDALRTLGSTSADEV,21,0.577741,0.2679860907231822
17462,TFYGSNPRGAAPDDH,21,0.0,0.061680698144581034
17463,TIAAMMTSPLSVASM,21,0.445208,0.5594230805582593
17464,TISNNLFFNHHKVML,21,0.45835299999999995,0.7599109433344121
17465,TKKFDEVVKANGGYL,21,0.093315,0.23286102294504185
17466,TKVTFHVVGVGPLLH,21,0.148777,0.34576197295021627
17467,TLELLYADTVAFCFR,21,0.18821,0.44936790121570225
17468,TLGSTSADEVQRMMA,21,0.26755500000000004,0.11365089961541092
17469,TNFKYNYSVIEGGPI,21,0.228437,0.3496745070417551
17470,TPTNASHIQSAVVCG,21,0.072895,0.22719593247896042
17471,TVAAAPQVKYAVFEA,21,0.616304,0.39101338876181685
17472,TVLAFPAGVCPTIGV,21,0.22058699999999998,0.15656984360037904
17473,TWQGGSGMASHIIYE,21,0.251819,0.3347515113241509
17474,VATLSEALRIIAGTL,21,0.67092,0.6881405872466262
17475,VDIKPKDSDEFIPMK,21,0.283556,0.09677152181749404
17476,VDLAKSLRIAAKIYS,21,0.481126,0.8123963436505718
17477,VEDEARRMWASAQNI,21,0.21065100000000003,0.15252878444026724
17478,VFGNCEGVKIIGISI,21,0.38648499999999997,0.1611081837902486
17479,VGNVAWMHVLAAKYI,21,0.775307,0.6914013764915927
17480,VHAQTVEDEARRMWA,21,0.017976,0.09448554915118734
17481,VIPANWKPDTVYTSK,21,0.0,0.10205651108500344
17482,VKGDPVGILYAVFKA,21,0.6483899999999999,0.31994814794029136
17483,VKIEYSGTNNKTMAV,21,0.276303,0.263245191836824
17484,VKPLYIITPTNVSHI,21,0.643372,0.5701677526455944
17485,VKQNTLKLATGMRNV,21,0.11833699999999998,0.5256886669231177
17486,VNYWFAPGAAAAPLS,21,0.0,0.16634856411740026
17487,VPPADKYKTFEAAFT,21,0.061952,0.11537860371182648
17488,VPSPSMGRDIKVQFQ,21,0.0,0.2846197045887082
17489,VQNTVEDLKLNTLGR,21,0.199021,0.2831965743578869
17490,VRILRRVHHRKYLTD,21,0.771816,0.8113202206859064
17491,VRSGGHDYEGLSYRS,21,0.237538,0.050126983151760215
17492,VSEALRIIAGTLEVH,21,0.464776,0.6070649908700652
17493,VSVDCSEYPKPDCTA,21,0.055011000000000004,0.027381743786546325
17494,VTMNDVKIEYSGTNN,21,0.156021,0.18955373343784893
17495,VTVDAAVLAAIDADA,21,0.361188,0.16025614310555938
17496,VVLGLATSPTAEGGK,21,0.540161,0.3661732962847262
17497,VVSRLLIPVPFDPPA,21,0.47370100000000004,0.423127028702808
17498,VWRIDTPDKLTGPFT,21,0.37603200000000003,0.180734011661439
17499,WEQIFSTWLLKPGAG,21,0.182354,0.45283077554830103
17500,WGAIWRIDTPDKLTG,21,0.404449,0.4175535672523521
17501,WGAIWRIDTPEVLKG,21,0.509127,0.3490472917592827
17502,WIELKESWGAVWRID,21,0.354976,0.3463279417153146
17503,WKPDTVYTSKLQFGA,21,0.262702,0.30619609592092983
17504,YANYRDIDLGRNEVV,21,0.15821400000000002,0.2710621694815257
17505,YGIAAENVIDVKLVD,21,0.305148,0.21239857838550388
17506,YKDVDKPPFSGMTGC,21,0.15028699999999998,0.0689889873113504
17507,YKKLRTSSFALNLPT,21,0.639432,0.6084431329949965
17508,YLAILVKYVDGDGDV,21,0.649734,0.6186340286627174
17509,YPFIEQEGPEFFDQE,21,0.149887,0.05236716188859635
17510,YRKILRQRKIDRLID,21,0.340348,0.8157006865829316
17511,YTTEGGTKGEAKDVI,21,0.012714,0.04982989113686618
17512,EEDKENALSLLDKIYT,21,0.406418,0.5012844571647843
17513,EPQGSTYAASSATSVD,21,0.0,0.2629248661327914
17514,GKWYLKAMTADQEVPE,21,0.527832,0.28075383399284964
17515,LAAIIFLFGPPTALRS,21,0.223003,0.477606679153976
17516,LNKIVRMYSPVSILDI,21,0.639721,0.8447111363785298
17517,LWWSTMYLTHHYFVDL,21,0.0,0.5732064334379691
17518,SPEVIPMFSALSEGAT,21,0.524172,0.4499772558551423
17519,SSIIFGAFPSLHSGCC,21,0.0,0.4280189366527775
17520,CVDAKMTEEDKENALSL,21,0.20408900000000002,0.14344136377247715
17521,YAHAAHAAHAAHAAHAA,21,0.0,0.022600474192978566
17522,NVTENFNMWKNNMVEQMH,21,0.175421,0.14469968728590582
17523,SELYLYKVVKIEPLGVAP,21,0.606793,0.6617315015779779
17524,YVDRFYKTLRAEQASQEV,21,0.275733,0.513569959649155
17525,GEIYKRWIILGLNKIVRMY,21,0.5253359999999999,0.5312835170013815
17526,WEALKYLWNLLQYWGQELK,21,0.166581,0.5217376079046179
17527,DIKVQFQSGGANSPALYLLD,21,0.37203400000000003,0.392473584042646
17528,EAKYDAYVATLSEALRIIAG,21,0.612939,0.36094506214896876
17529,GFGMLLRKYGIAAENVIDVK,21,0.48808900000000005,0.5159457295616481
17530,IEPIVATNWQKLEAFWHKHM,21,0.327884,0.31599145768153275
17531,KDKWIELKESWGAIWRIDTP,21,0.317299,0.32746586077103046
17532,KIIGGIGGFVKVRQYDQIPI,21,0.23310100000000003,0.3212463205927917
17533,KMIGGIGGFVKVRQYDQIPI,21,0.206573,0.15112185440993536
17534,KRWIILGLNKIVRMYSPTSI,21,0.702148,0.7784190217805423
17535,LYKYKVVKIEPLGVAPTKAK,21,0.61859,0.556714238181792
17536,PHHTALRQAILCWGELMTLA,21,0.48500299999999996,0.2823639092660415
17537,VATLSEALRIIAGTLEVHAV,21,0.49687700000000007,0.3991820094881814
17538,WGAIWRIDTPDKLTGPFTVR,21,0.237808,0.19673681447819724
17539,YIITPTNVSHIQSAVVSGRR,21,0.593155,0.25324339501155185
17540,LPKPPKPVSKMRMATPLLMGALPM,21,0.43723,0.2872554898738698
17541,LPKPPKPVSKMRMATPLLMQALPM,21,0.44811599999999996,0.3411114179421151
17542,YLPKPPKPVSKLRLATPLLLQALPL,21,0.334997,0.2869655648756219
17543,LLVSGWNSITV,22,0.492313,0.12498750019824438
17544,SLAEGIVLASA,22,0.0,0.1684077262665379
17545,KCIEWEKAQHGA,22,0.466297,0.5091008991074505
17546,AEMETESWIVDRQWA,22,0.0,0.5030489149475499
17547,AEMVIHHQHVQDCDE,22,0.57719,0.8192625493972018
17548,AGWLFHVRGARRSGD,22,0.9359370000000001,0.9200772286692095
17549,AMTDTTPFGQQRVFK,22,0.44329300000000005,0.5014813587284351
17550,ATPPGTSDEFPHSNG,22,0.0,0.04576322052808203
17551,CEHLEDGIYGIFQST,22,0.0,0.4747342423719413
17552,CGSYVTKTSGSAASM,22,0.438709,0.8445504117764329
17553,CTDKMFFVKNPTDTG,22,0.23649,0.4558997340428788
17554,DCRTAFKPVLVDEGR,22,0.44173999999999997,0.7118234994014271
17555,DGGGFYADDTAGWDT,22,0.310796,0.09823570768952371
17556,DLDDEQEILNYMSPH,22,0.0,0.23412954593384416
17557,DQGCSSALGSGPYGA,22,0.0,0.14393313149822967
17558,DQRGSGQVVTYALNT,22,0.311546,0.6824408794924035
17559,EEPDDIDCWCYGVEN,22,0.180313,0.17983332014963432
17560,EERVERIKSEYMTSW,22,0.563079,0.755038416727277
17561,EHEILNDSGETVKCR,22,0.0,0.28014897899672636
17562,EQEILNYMSPHHKKL,22,0.698876,0.9277502302444658
17563,ERIKSEYMTSWFYDN,22,0.0,0.7734459455627942
17564,ERKLHQQGRCRTCVY,22,0.796925,0.6295174383241959
17565,FEALGFLNEDHWASR,22,0.155437,0.2988069550003462
17566,FHVRGARRSGDVLWD,22,0.506687,0.8709521087055528
17567,FSSAGGFFTSVGKGI,22,0.327285,0.6347487706789101
17568,FTQTMKGVERLAVMG,22,0.787187,0.7917072601000651
17569,FYADDTAGWDTRITE,22,0.24990900000000002,0.12463153439527402
17570,GAGKTRRFLPQILAE,22,0.778379,0.9197206908377924
17571,GCSSALGSGPYGALG,22,0.151899,0.475914513181768
17572,GDSYYYSEPTSENNA,22,0.0,0.2833195606586988
17573,GETVKCRAPGGAKKP,22,0.40066799999999997,0.22136977179754797
17574,GGVFHTMWHVTRGAF,22,0.8718739999999999,0.881299792763702
17575,GKCDSAGRSRRSRRA,22,0.85125,0.5751826596931409
17576,GKEFIRCLALPFRGY,22,0.698876,0.8292732934749983
17577,GKGEWMTTEDMLEVW,22,0.0,0.24599509692756244
17578,GKNLVFSPGRKNGSF,22,0.807811,0.7654399232633265
17579,GKTFSVGTGNCTTNI,22,0.33403099999999997,0.2785500821296124
17580,GLALSHLNAMSKVRK,22,0.9359370000000001,0.9410518660973883
17581,GLCAFLATRIFGRRS,22,0.85125,0.9472195538900836
17582,GLFGGLNWITKVIMG,22,0.6279640000000001,0.8659511289076652
17583,GLRTLWSPRERLVLT,22,0.7560899999999999,0.9565930858621511
17584,GPLDKEAIEERVERI,22,0.0,0.17732453549400673
17585,GPLIEGNTSLLWNGP,22,0.32961,0.679871061055819
17586,GPLRISASSAAQRRG,22,0.8718739999999999,0.8382952060226408
17587,GRTTWSIHGKGEWMT,22,0.470405,0.4884471652933121
17588,GRWDGEEEVQLIAAV,22,0.0,0.251572849227766
17589,GSRAIWYMWLGARYL,22,0.7703369999999999,0.9128184386598787
17590,GTSDEFPHSNGEIED,22,0.0,0.05821361646841957
17591,HGVAKNPVVDGNPTV,22,0.37038000000000004,0.32708417826201913
17592,HTMWHVTRGAFLVRN,22,0.85125,0.8930032363593495
17593,HVTRGAFLVRNGKKL,22,0.8984629999999999,0.8531491645520505
17594,IEEAPEMPALYEKKL,22,0.0,0.4936730072158898
17595,IGKLFTQTMKGVERL,22,0.706274,0.7438529400469512
17596,IHHQHVQDCDESVLT,22,0.389142,0.31770361187122254
17597,IHLVIHRIRTLIGQE,22,0.8718739999999999,0.9568641325068559
17598,IHRIRTLIGQEKYTD,22,0.778379,0.841698222623959
17599,INKGILVTVNPIAST,22,0.590489,0.8596997173393939
17600,ISGSSARYDVALSEQ,22,0.289154,0.4199768631477348
17601,ISRRDQRGSGQVVTY,22,0.511709,0.42994911048999346
17602,KEFIRCLALPFRGYL,22,0.820152,0.893428836618321
17603,KGIHTVFGSAFQGLF,22,0.42433999999999994,0.7282154742852429
17604,KNPTDTGHGTVVMQV,22,0.0,0.4531605173959361
17605,KNPVVDGNPTVDIEE,22,0.0,0.11933004650213318
17606,KRVPMALQHFGWEVM,22,0.6086699999999999,0.8427132298006792
17607,KTKNKTNWKQTWTFK,22,0.644157,0.4230139560447467
17608,KYSYYPEDPVKLASI,22,0.0,0.525729922827567
17609,LAEGIVLASAALGPL,22,0.495407,0.7891180852759138
17610,LDKRQFELYKRTDIV,22,0.540673,0.8349700784578494
17611,LGLTQPFLGLCAFLA,22,0.44717799999999996,0.7989608736770034
17612,LLVLAGWLFHVRGAR,22,0.807811,0.8660185676693393
17613,LNDSGETVKCRAPGG,22,0.0,0.1733953596171493
17614,LNYMSPHHKKLAQAV,22,0.8718739999999999,0.8955296275930451
17615,LPQILAECARRRLRT,22,0.8984629999999999,0.921139554652316
17616,LQEIPTMLKKGMTTV,22,0.7102069999999999,0.8663180674510293
17617,LQYGWKTWGKNLVFS,22,0.8344,0.6470289321440793
17618,LRLGKEFIRCLALPF,22,0.762939,0.7350378891638815
17619,LRTLVLAPTRVVLSE,22,0.8344,0.9669736171281572
17620,LSEEKVPWDQVVMTS,22,0.332264,0.5433331216336903
17621,LSFMDKGIPFMKMNI,22,0.482918,0.7258453930945588
17622,LTAAINKGILVTVNP,22,0.644157,0.8234858809420551
17623,LVDEERKLHQQGRCR,22,0.676841,0.5367780053133093
17624,LWSPRERLVLTLGAA,22,0.679685,0.8815876057558035
17625,MFFVKNPTDTGHGTV,22,0.252826,0.380413518592
17626,MKGVERLAVMGDTAW,22,0.688783,0.5771481537625033
17627,MLGARYLEFEALGFL,22,0.32378,0.6728970782025121
17628,MSIHGKGEWMTTEDM,22,0.19547,0.506891719343899
17629,NLWKMKTGRRGSANG,22,0.8984629999999999,0.8894196459404234
17630,NSYIAEMETESWIVD,22,0.0,0.40274119119611207
17631,NVYQRGTHPFSRIRD,22,0.820152,0.8018479955988632
17632,PSWASVKEDLVAYGG,22,0.33555300000000005,0.5374758212042864
17633,PTMLKKGMTTVLDFH,22,0.7381449999999999,0.8548442544117216
17634,PTSENNAHHVCWLEA,22,0.195088,0.6556805888636033
17635,PTVDIEEAPEMPALY,22,0.0,0.18763617462545717
17636,QRMFTREELIHFPEF,22,0.523716,0.6302782197969211
17637,RERLVLTLGAAMVEI,22,0.598531,0.9121476630602449
17638,RGTHPFSRIRDGLQY,22,0.42844,0.8022735849686975
17639,RLGKEFIRCLALPFR,22,0.7381449999999999,0.7564089058507486
17640,RMLEPTRVVNWEVII,22,0.430172,0.7915515671855633
17641,RTLIGQEKYTDYLTV,22,0.48677700000000007,0.468201674493507
17642,RVAYGKCDSAGRSRR,22,0.39802600000000005,0.4049246775292948
17643,SARYDVALSEQGEFK,22,0.301032,0.36277899754508586
17644,SEYMTSWFYDNDNPY,22,0.25950300000000004,0.287683201087536
17645,SGARSNVTFTVNQTS,22,0.355482,0.6097767912593235
17646,SHLNAMSKVRKDISE,22,0.820152,0.8517217985795028
17647,SNVTFTVNQTSRLLM,22,0.723124,0.9477545570398196
17648,SVGTGNCTTNILEAK,22,0.21227800000000002,0.22919855018255342
17649,SVKEDLVAYGGSWKL,22,0.442402,0.7387330078331813
17650,TARRHLAEGKVDTGV,22,0.357848,0.5280301809924468
17651,TESWIVDRQWAQDLT,22,0.260736,0.4645642344150944
17652,TLTYRMLEPTRVVNW,22,0.615622,0.9512001243888045
17653,TRRFLPQILAECARR,22,0.668799,0.6085787013995743
17654,TRVVLSEMKEAFHGL,22,0.57075,0.6655227594292072
17655,VADDLTAAINKGILV,22,0.0,0.6997456497561424
17656,VAIKGPLRISASSAA,22,0.6086699999999999,0.8528441763153308
17657,VDFGNSYIAEMETES,22,0.0,0.27308296412624394
17658,VDGNPTVDIEEAPEM,22,0.15659700000000001,0.08414209632829642
17659,VDRDTARRHLAEGKV,22,0.423073,0.5611665806769036
17660,VEIALGGVMGGLWKY,22,0.392568,0.7978439895268689
17661,VLAPTRVVLSEMKEA,22,0.631325,0.8548363824671896
17662,VLAPYMPDVLEKLEL,22,0.26723,0.5214693610972683
17663,VLEKLELLQRRFGGT,22,0.85125,0.9135903540539889
17664,VPTSWVPQGRTTWSI,22,0.663802,0.6402835758059189
17665,VTKTSGSAASMVNGV,22,0.0,0.6110504404242135
17666,VTRMAMTDTTPFGQQ,22,0.491933,0.46354495648299665
17667,WKTWGKNLVFSPGRK,22,0.8984629999999999,0.8688625113078208
17668,WSIHGKGEWMTTEDM,22,0.357141,0.4522699154399308
17669,WVPQGRTTWSIHGKG,22,0.438072,0.5413386065874313
17670,YMPDVLEKLELLQRR,22,0.644157,0.6960247180145602
17671,YYSEPTSENNAHHVC,22,0.255515,0.40007343203908097
17672,AALHPFALLLVLAGWK,22,0.7381449999999999,0.6009351715505604
17673,DKGIPFMKMNISVIMK,22,0.631325,0.8989127260377573
17674,MYYVSGARSNVTFTVK,22,0.44419200000000003,0.8204059117615963
17675,PKQMLVGGVVLLGAMK,22,0.6231399999999999,0.7353833078247233
17676,QPFLGLCAFLATRIFK,22,0.60734,0.6937201096238681
17677,SLLWNGPMAVSMTGVK,22,0.481554,0.7920324527932505
17678,APRFKHLRKYTYNYEA,22,0.0,0.7231368438079459
17679,EGELHGRQIRMAKLLG,22,0.293431,0.83081739999803
17680,GKWYLKAMTADQEVPE,22,0.0,0.6525347236697394
17681,HGRQIKMAKLLGRDPE,22,0.5393979999999999,0.6510171455284753
17682,HGRQIRMAKLLGRDPE,22,0.6034609999999999,0.7292536219989404
17683,HGRQIRMAKLLTRDPE,22,0.667524,0.837873504173207
17684,LKAMTADQEVPEKPDS,22,0.0,0.14519799228430316
17685,MAKLLGRDPEQSQEAL,22,0.0,0.26250408497088956
17686,RQIRMAKLLGRDPEQS,22,0.293431,0.6967261048586672
17687,IWYMWLGARYLEFEAKK,22,0.7381449999999999,0.4491346170093211
17688,KKEGNTSLLWNGPMAVS,22,0.0,0.5413438544607442
17689,KKGLNWITKVIMGAVLI,22,0.671403,0.83069181881965
17690,KKLVGGVVLLGAMLVGQ,22,0.611388,0.5256395318603577
17691,KKPFALLLVLAGWLFHV,22,0.0,0.4277057110374324
17692,KKSGARSNVTFTVNQTS,22,0.0,0.5582628295951534
17693,KKTLLDLLKLTVAVGLH,22,0.640305,0.474344038574386
17694,KKVGQVTLLDLLKLTVA,22,0.732862,0.4072565987850987
17695,NSYIAEMETESWIVDKK,22,0.21894499999999997,0.27760694317652795
17696,SGQVVTYALNTITNLKK,22,0.611388,0.8280103990424565
17697,TVFGSAFQGLFGGLNKK,22,0.454459,0.31560681048089684
17698,VLTLGAAMVEIALGGKK,22,0.349209,0.43368756408863357
17699,WLGARYLEFEALGFLKK,22,0.563079,0.2644119512811254
17700,LPPWFPPMVEGAAAEGDDG,22,0.0,0.18277475276708782
17701,AVDDYAGYLLDKNQSDLVTN,22,0.0,0.44587610735934674
17702,EIMKHIVKIEVKGEEAVKKE,22,0.727865,0.27241693632988767
17703,EQYTHQDEIYEQVHSKGLYV,22,0.749713,0.378893331206144
17704,ESWGAVWRIDTPDKLTGPFT,22,0.0,0.3348744689433134
17705,EYIRIDAKVVPKSKIDTKIQ,22,0.706274,0.504620104391595
17706,FEERDAVLLGGSSDNEFVKL,22,0.0,0.30346868785551495
17707,GSSDNEFVKLAWRREHKDLD,22,0.466297,0.5664934781265575
17708,KELLNRIQVDSSNPLSEKEK,22,0.311762,0.6121212208838415
17709,LPKPPKPVSKMRMATPLLMQ,22,0.0,0.6178297889437607
17710,QHRDVLQLYAPEAFNYMDKF,22,0.483608,0.44909452909526504
17711,RNKTQEEHLKEIMKHIVKIE,22,0.807811,0.4199761676261085
17712,SEGFIHEFGHAVDDYAGYLL,22,0.0,0.2194166274436225
17713,SKKFIDIFKEEGSNLTSYGR,22,0.342806,0.283601066198845
17714,VENTEKALNVYYEIGKILSR,22,0.606029,0.6491216770083172
17715,YYEIGKILSRDILSKINQPY,22,0.85125,0.6015830510555218
17716,DKGIPFMKMNISVIMHHHHHH,22,0.702501,0.8193053098331146
17717,GSRAIWYMWLGARYLHHHHHH,22,0.0,0.88159875931511
17718,IHRIRTLIGQEKYTDHHHHHH,22,0.807811,0.5363840285955658
17719,LPQILAECARRRLRTHHHHHH,22,0.796925,0.8296047000869619
17720,LTAAINKGILVTVNPHHHHHH,22,0.7560899999999999,0.8882347208228653
17721,LENGKLILQRNIGLEIKDVQI,22,0.796925,0.7838037155282082
17722,VLVMLVLLILAYRRRWRRLTV,22,0.53036,0.6564067363502726
17723,PQCRLTPLSRLPFGMAPGPGPQPG,22,0.38511999999999996,0.1576760969355659
17724,KTSLYNLRRGTALAIPQCRLTPLSRL,22,0.29526199999999997,0.29467521645383615
17725,IGLEIKDVQIIKQSEKEYIRIDAKVVP,22,0.706274,0.3821873098543819
17726,ITQFILEHRAKGSCKYALPLRIPPSACLSPQ,22,0.510312,0.30237040942035637
17727,EDNLGFLMHAPAFETAGTYLRLVKINDWTEITQF,22,0.0,0.9088356572864633
17728,EIYKRWIILG,23,0.293512,0.028718955774792478
17729,ILGLNKIVRMY,23,0.844137,0.24608492029549428
17730,AALLVVAVGLRV,23,0.754614,0.2745657635921945
17731,ALLVVAVGLRVV,23,0.686307,0.40116568021845195
17732,AVGLRVVCAKYA,23,0.295794,0.2526070007812716
17733,DPEDSALLEDPA,23,0.033638999999999995,0.02330019373718222
17734,EDPEDSALLEDP,23,0.0,0.016213040423937466
17735,EDSALLEDPAGT,23,0.0,0.09096427920558628
17736,ELVPEDPEDSAL,23,0.0,0.04954110417105704
17737,FYKTLRAEQASQ,23,0.0,0.16009106170939355
17738,GLRVVCAKYALA,23,0.24973800000000002,0.23117842164668087
17739,LLVVAVGLRVVC,23,0.419422,0.24360587173633264
17740,LVPEDPEDSALL,23,0.0,0.0495832477945673
17741,LVVAVGLRVVCA,23,0.14568599999999998,0.23386584863660237
17742,NKIVRMYSPISI,23,0.377105,0.31908571841996713
17743,NKIVRMYSPTSI,23,0.533413,0.29061419152322193
17744,NPGLIIGALAGS,23,0.331065,0.14876551572120372
17745,PEDPEDSALLED,23,0.0,0.017375296301065126
17746,PEDSALLEDPAG,23,0.0,0.08629681684097966
17747,PELVPEDPEDSA,23,0.0,0.030525414127641835
17748,PGLIIGALAGST,23,0.358252,0.1234119691359434
17749,RFYKTLRAEQAS,23,0.0,0.2795465154077231
17750,VAVGLRVVCAKY,23,0.274567,0.260511575426484
17751,VGLRVVCAKYAL,23,0.279667,0.25587511175628186
17752,VPEDPEDSALLE,23,0.0,0.032725356074415034
17753,VVAVGLRVVCAK,23,0.22797800000000001,0.27032751968102836
17754,WIILGLNKIVRM,23,1.0,0.26370469554556625
17755,EEYVEIRQVGDFH,23,0.0,0.15784433932565056
17756,FYKTLRAEQASQE,23,0.014616999999999998,0.2080184326681198
17757,PRFLEQVKHECHF,23,0.056489,0.0870258253038925
17758,RFYKTLRAEQASQ,23,0.124419,0.22468206078024758
17759,SPEVIPMFSALSE,23,0.12126500000000001,0.278002099461092
17760,VCGERGFFYTPKT,23,0.120351,0.055386582165599545
17761,EAMSQANSAILMQR,23,0.726055,0.6579867191930884
17762,EYRSTVNPWASQLG,23,0.44175299999999995,0.28689435661583407
17763,KPLLIIAEDVEGEY,23,0.48907399999999995,0.30117832286587926
17764,MLFRILSLNLIKIK,23,0.840562,0.695796983189355
17765,NTSYRLISCNTSVI,23,0.64847,0.4216025639930765
17766,RETQISKTNTQTYR,23,0.651012,0.2927659817433181
17767,TDRESLRNLRGYYN,23,0.03876,0.5898152164368471
17768,VLAGWLFHVRGARR,23,0.243785,0.49744695901045427
17769,AAAAPAAVGAAVGGT,23,0.0,0.029694500068410748
17770,AAAGLAAAAPLESRQ,23,0.201712,0.4392732294395696
17771,AAGAQLLWQLPLLSI,23,0.41434799999999994,0.5512408171079834
17772,AAGVAAWSLIALMIP,23,0.331847,0.5929557204913015
17773,AALPLLFFALAGQRI,23,0.822197,0.5362047854646337
17774,AAPEAARSLASSLPG,23,0.21036300000000002,0.3926915193174975
17775,AAPLSWSKDIYNYME,23,0.210549,0.6086028359308904
17776,AASGADGTYDITKLG,23,0.0,0.11150585511881662
17777,AAVELARALVRAVAE,23,0.890415,0.47425391440391934
17778,ADDLTAAINKGILVT,23,0.9800840000000001,0.8982638010152352
17779,ADNSLDYAANFSHML,23,0.702962,0.7692110399380785
17780,ADSVKGRFTISRDNS,23,0.0,0.4939562398793405
17781,AELMILIATNLLGQN,23,0.233719,0.9466135999668258
17782,AENVKPPKVDPATYG,23,0.0,0.24183578397734543
17783,AFMLAWNYGVPRVMS,23,0.8762690000000001,0.8471964335976634
17784,AFQGLFGGLNWITKV,23,0.375734,0.6950067020753349
17785,AGALEVHAVKPVTEE,23,0.349149,0.2214101150436824
17786,AGAWRTAAVELARAL,23,0.09006900000000001,0.4986862244801593
17787,AGLLGNVSTVLLGGV,23,1.0,0.8874103301987823
17788,AGLLGVVSTVLLGGV,23,1.0,0.5518336227982983
17789,AGLTHMMIWHSNLND,23,0.172559,0.8239522194797707
17790,AGRFEVHAQTVEDEA,23,0.23557600000000004,0.18012275224612256
17791,AGWDTVLQSITTILA,23,0.536921,0.4634402640199445
17792,AGYLVGRKPLAFFSW,23,0.168363,0.5442310677962479
17793,AHARSYQTLSTQAAA,23,0.19758900000000001,0.4030891678239234
17794,AIAGAWENGVCGIRS,23,0.263966,0.34313765162875504
17795,AINIFNVEKYGAVGD,23,0.437162,0.8796681720063775
17796,AKPDGKTDCTKEVEE,23,0.0,0.03540834600241585
17797,ALIFEIKFKYKYLRD,23,0.401934,0.5944137039581467
17798,ALKESWGAIWRIDTP,23,0.38410700000000003,0.5062913741468903
17799,ALLPRAGAAAAAALP,23,0.19422899999999998,0.17955528039797325
17800,ALQSHDDVALVSVMW,23,0.7127680000000001,0.5445962551223267
17801,ALRVIAGALEVHAVK,23,0.511167,0.8107275300571188
17802,ALSDPYLSFAAALNG,23,0.445571,0.6125536074130196
17803,ALSLTFIRSTMPLVM,23,0.830102,0.9147668186446379
17804,ALTKAITAMSEVQKV,23,0.646428,0.6235727365596803
17805,AMFVEDIAMGYVVSS,23,0.646613,0.6321876370066362
17806,APGAAAAPLSWSKDI,23,0.222473,0.2477688355068199
17807,APNGGFRRIPRGALH,23,0.844459,0.6211143084896441
17808,APSVVPNTTLGMHCG,23,0.750218,0.7846672296590345
17809,AQAVYDFRSIVDYLR,23,0.48262,0.5463854842126572
17810,AQIYQAVSAQAAAIH,23,0.654663,0.6804902915896998
17811,ARGYISTRVGMGEAA,23,0.28469,0.5301417426695407
17812,ARNLVPMVATVQGQN,23,0.47288,0.8414749265766319
17813,ARVYEIKCRYKYLRK,23,0.303963,0.44135880932739485
17814,ASAAILGHDGTVWAQ,23,0.40828000000000003,0.22187828314610486
17815,ASIAARGYISTRVGM,23,0.45603599999999994,0.6507739387005866
17816,ASLIYRRRLMKQDFS,23,0.03188,0.6954076417341388
17817,ASNPNYLAILVKYVD,23,0.45641099999999996,0.851728282572397
17818,ASPLTGIADASQSSM,23,0.0,0.5347472340091296
17819,ASVGKMIDGIGRFYI,23,0.21815700000000002,0.47065876116461464
17820,ATPPPPPPPQLGASP,23,0.0,0.011231233615124842
17821,ATSPTAEGGKATTEE,23,0.006377000000000001,0.026557915693090448
17822,ATTANVPPADKYKTF,23,0.42961800000000006,0.2698129251678867
17823,AVFEAALTKAITAMS,23,0.439827,0.4226650400885931
17824,AVFEAALTKAITAMT,23,0.40777199999999997,0.5769890464161661
17825,AVGLFIRLLGGESDA,23,0.0,0.47739195153001335
17826,AVHVWLRLPAGRVEI,23,0.620793,0.6445424078012096
17827,AVIRGKKGAGGITIK,23,0.499821,0.24417504380128965
17828,AVMLTFDNAGMWNVR,23,0.728859,0.7584767641514204
17829,AWASACGGTGKNTIV,23,0.0,0.1482129490904494
17830,AWMSAAATQAEQAAT,23,0.17022,0.2150375056074303
17831,AYGSFVRTVSLPVGA,23,0.9076110000000001,0.9399576059124725
17832,AYSDDKSMKVTVAFN,23,0.387309,0.6234903936203608
17833,AYTSSDDQISLFDQS,23,0.0,0.23589380597637652
17834,AYVATVSEALRIIAG,23,0.645421,0.7332361730682598
17835,CADILAIASRVLVTM,23,0.767526,0.8414697502619338
17836,CDASILIDPLSNQSA,23,0.504595,0.6519058508227676
17837,CGGTGKNTIVIPKGD,23,0.0,0.6377551152976516
17838,CGYKDVDKPPFDGMT,23,0.063703,0.1466197652510805
17839,CIEYVTLNASQYANC,23,0.733895,0.689629177694913
17840,CMTVQGGETMNSVIQ,23,0.435932,0.5451598065946822
17841,CPLDHVNTLHFLTRG,23,0.453346,0.7030135856106131
17842,CQFLKVEKSQLLNEF,23,0.6961609999999999,0.6770408624105937
17843,CRSCTLPPLRYMGED,23,0.10299200000000001,0.37866616169514217
17844,CSNLSTCVLGKLSQE,23,0.10330999999999999,0.6200092840561142
17845,CTGMLKRRLGLMSLS,23,0.11521700000000001,0.7554913762476131
17846,DALTLRTATNIWIDH,23,0.7927609999999999,0.71922115576363
17847,DCSEYPKPDCTAEDR,23,0.0,0.03424281979114642
17848,DEARRMWASAQNISG,23,0.5724239999999999,0.6718367781314631
17849,DEPMVQVEAGKVNHS,23,0.163026,0.6013192852314121
17850,DESWQQFRQELIPLL,23,0.596198,0.580357904563374
17851,DFGNSYIAEMETESW,23,0.0,0.2762036854266568
17852,DGQGKAVWGKNSCAK,23,0.14272200000000002,0.3207218412523418
17853,DHTNFKYNYSVIEGG,23,0.620978,0.6389094827129508
17854,DIDLGRNEVVNDVST,23,0.801466,0.685991186066351
17855,DIFTNSRGKRASKGN,23,0.193414,0.6899778188611314
17856,DIKVQFQSGGNNSPA,23,0.057576999999999996,0.4777679293186683
17857,DINASFRAAMATTAN,23,0.488896,0.769917065773434
17858,DITVKNCVLKKSTNG,23,0.26195799999999997,0.7185453256070596
17859,DKKCIEWEKAQHGAC,23,0.20139400000000002,0.16241104607038342
17860,DKLTGPFTVRYTTEG,23,0.290565,0.38057674220743165
17861,DKPFQNVNRITYGAC,23,0.293451,0.5910014566614796
17862,DKVYEILKINSVKYY,23,0.9495680000000001,0.9106282091524289
17863,DLVANQPNLKALREK,23,0.8352459999999999,0.6937529219643584
17864,DMDKVETFLRIVQCR,23,0.342279,0.4149761032579835
17865,DMLKLFEFNKKAIET,23,0.173577,0.6924823373488133
17866,DRTELLEMVCFHEFL,23,0.060992,0.1600740450248171
17867,DTFRKDFRVYDNFLR,23,0.339148,0.48665539791195883
17868,DTFRKLFRRYSNFLR,23,0.545956,0.8096194324620432
17869,DVDIIVDARLDLSST,23,0.7679739999999999,0.6226960336693146
17870,DVFYNGAYFVSSGKY,23,0.755033,0.646209738690636
17871,DVLSQPMLPHTWDGS,23,0.134935,0.21018708061726776
17872,EAAFNKAIKESTGGA,23,0.151502,0.6877524414743637
17873,EAVLEDPYILLVSSK,23,0.0,0.618583708293618
17874,EAYRMRFAAVITRVI,23,0.587546,0.7969875928653808
17875,EDPLFQLVSKLYEVV,23,0.6262409999999999,0.5988222529179786
17876,EEFVSLASRFLVEED,23,0.757061,0.5698201585636388
17877,EEIITLNSYGSFQEF,23,0.932401,0.7645513250860363
17878,EFIPMKSSWGAIWRI,23,0.440217,0.509278596813259
17879,EFVTLAAKFIIEEDS,23,0.422775,0.4630588403681156
17880,EGHHLASAAIFGHDG,23,0.136318,0.5652727010326162
17881,EGHHLASAAILGHDG,23,0.17816600000000002,0.6944279504397851
17882,EGKVVQYENLKYTVI,23,0.325067,0.7061215418996287
17883,EHELYVAVLSNALHR,23,0.743259,0.8538131331288618
17884,EIESCRKNSCECNFE,23,0.0,0.14385446296582213
17885,EITGIMKDFDEPGHL,23,0.375246,0.2093467564447474
17886,EKMFVSPTPGQRNPY,23,0.209294,0.33172376381653457
17887,ELAAVSVDCSEYPKP,23,0.147264,0.3782209726972061
17888,ELKESWGAIWRIDTP,23,0.30535999999999996,0.5062913741468903
17889,ELLDQSDVKEPGVSR,23,0.0,0.3027476149054228
17890,ELYKYKVVKIEPLGV,23,0.897015,0.6590393951491944
17891,EMETESWIVDRQWAQ,23,0.074963,0.4074778448782515
17892,ENEYATGAVRPFQAA,23,0.155437,0.35896412329556987
17893,ENLLWKQIANELNYI,23,0.949213,0.9106302534952428
17894,EPAYFATAESVRDHL,23,0.467591,0.5487949983252172
17895,EQCCTSICSLYQLEN,23,0.153783,0.31875474548487964
17896,EQCGRQAGGKLCPNN,23,0.196805,0.27682639900301453
17897,EQFLGALDLAKKRVH,23,0.0,0.5523634915575343
17898,ERRNKYLEEHPSAGK,23,0.066037,0.2620477243884725
17899,ESLHNPYPDYHWLRT,23,0.13476300000000002,0.1806757270745602
17900,ESTGGAYDTYKSIPS,23,0.380458,0.12207108763806139
17901,ESWGAVWRIDTPDKL,23,0.493288,0.44068368630875693
17902,ESWIVDRQWAQDLTL,23,0.427227,0.38125376687745555
17903,EVFCQTIKLDSEEYH,23,0.086412,0.21883384718323717
17904,EVLGFRMVQDERVGR,23,0.274823,0.3770643621211566
17905,EVVKANGGYLAAGKL,23,0.9317979999999999,0.5842576871665868
17906,EVYEARLTKFKYLAG,23,0.316188,0.3023617432016635
17907,EYIEAAKWLLPPPKV,23,0.511085,0.48024150575704416
17908,FARIETAFANLYPGE,23,0.9847790000000001,0.6450290613621793
17909,FAVATITHAAELQRV,23,0.621038,0.454578339621073
17910,FDELELDPPEIEPGV,23,0.527223,0.1218190165773846
17911,FDHEFTFGWDELLSK,23,0.0,0.25851349593412365
17912,FDPYGATISATPESA,23,0.066295,0.2023392793109216
17913,FDREFTFGWDELLSK,23,0.075761,0.21203800590295674
17914,FEAAFNDAIKASTGG,23,0.308305,0.7002023398493512
17915,FEFNKKAIETLNDNT,23,0.072252,0.5770803464753483
17916,FENLVAENVKPPKVD,23,0.25913600000000003,0.7445577319703598
17917,FEQITFMQALQLLLE,23,0.354193,0.6890553277325312
17918,FFVKNPTDTGHGTVV,23,0.09350599999999999,0.35559936087144284
17919,FGPASFARIETAFAN,23,0.29670799999999997,0.5938554960647431
17920,FGTMPSLTLACLTKQ,23,0.11373,0.6261828010448419
17921,FIMAYVNQAHHIDLM,23,0.170791,0.864305276801022
17922,FIVFLLLAGRSCSYK,23,0.282613,0.43247611784380474
17923,FKKLKNHVLFLQMMN,23,0.723124,0.7453776140947532
17924,FLAVAVVLGLATSPT,23,0.05025,0.6040174001892086
17925,FLFQRAVAREAIIAL,23,0.524165,0.6052692890737275
17926,FLLMYEMHRESLLKS,23,0.6165069999999999,0.552302301813093
17927,FNSLISIAQHLVSDR,23,0.565299,0.8398258508333386
17928,FPPNGTHSWEYWGAQ,23,0.0,0.22742503906921074
17929,FQTMPGTFQTTTGEI,23,0.18120799999999998,0.2155823735372191
17930,FQTVGSGLDHILSLA,23,0.238984,0.45231302181145944
17931,FRKYTAFTIPSINNE,23,0.0,0.821705974633394
17932,FTSLEYIEAAKWLLP,23,0.6182880000000001,0.3520816771647879
17933,FVNQHLCGSHLVEAL,23,0.25866999999999996,0.4317811250200541
17934,FVVTGRVYCDPCRAG,23,0.085883,0.14042927544785608
17935,FWYVNHTGFNVHSLP,23,0.083006,0.8460577202436999
17936,GARYLEFEALGFLNE,23,0.143564,0.6303150348301148
17937,GAVDIINKWQVVAPQ,23,0.220036,0.8535159605052651
17938,GAYFVSSGKYEGGNI,23,0.341526,0.2997215894893175
17939,GEGIPLYDAIKCMRT,23,0.184356,0.5744970859843177
17940,GEIYKRWIILGLNKI,23,0.576242,0.8832309115212935
17941,GELEFEEFVSLASRF,23,0.794927,0.26224687022594156
17942,GELQIVDDIDAAFKI,23,0.485141,0.8842508592736995
17943,GELQIVDIIDAAFKI,23,0.5968220000000001,0.944308353589109
17944,GELQIVDKFDAAFKI,23,0.7454729999999999,0.8935054023234629
17945,GELQIVDKLDAAFKI,23,0.735749,0.9538770798730449
17946,GELQIVDKRDAAFKI,23,0.63643,0.895094552908935
17947,GELQIVDKYDAAFKI,23,0.696561,0.8616445120551709
17948,GELQIVDQIDAAFKI,23,0.735684,0.9300280192354717
17949,GELQIVDWIDAAFKI,23,0.68924,0.9526309700621011
17950,GELQIVHKIDAAFKI,23,0.688945,0.9747152677078675
17951,GELQIVNKIDAAFKI,23,0.708224,0.981643443965251
17952,GELQIVTKIDAAFKI,23,0.571133,0.9501197424824622
17953,GENGRKTRSAYERMC,23,0.0,0.20911181347455143
17954,GEVEIQFRRVKCKYP,23,0.301794,0.3857705816059287
17955,GEVLNALAYDVPIPG,23,0.660991,0.6449784594752644
17956,GFTRRFKFLLNISYL,23,0.192106,0.7209608760916211
17957,GGACGYKDVDKPPFS,23,0.0,0.1600524441825609
17958,GGGFGMLLRKYGIAA,23,0.06741699999999999,0.5890426633052499
17959,GGSILKISNKFHTKG,23,0.407816,0.829588957827399
17960,GGSILKISNKYHTKG,23,0.532409,0.8714585053495607
17961,GIHTVFGSAFQGLFG,23,0.339622,0.49659856677471087
17962,GIKVGYTAHIRKATE,23,0.832109,0.6873689265401248
17963,GIRHLFGNYITNDSY,23,0.8175899999999999,0.8047192266172832
17964,GIVEQCCTSICSLYQ,23,0.49384700000000004,0.16780503566595475
17965,GKGTLDGQGKAVWGK,23,0.22244499999999998,0.2221958236776455
17966,GKIDFLNNYALFLSP,23,1.0,0.853835139085023
17967,GKIVHISPLSGSAQH,23,0.4716,0.6067891845063808
17968,GKLFTQTMKGVERLA,23,0.216214,0.46023836227559733
17969,GKLIHEWCCRSCTLP,23,0.25427,0.15872986649501283
17970,GKSSFCDICGEELPT,23,0.041759,0.09956199367558642
17971,GKTVWFVPSIKAGND,23,0.413033,0.7271470642731336
17972,GLAYKFVVPGAATPY,23,0.818842,0.448499788957256
17973,GLEWNDNTVRVSETL,23,0.537574,0.6423162789144145
17974,GLLVISGVFPVSIPI,23,0.8565530000000001,0.7196687951260018
17975,GLSGEPKGGAESSSK,23,0.11678,0.026624773198672083
17976,GLTHMMIWHSNLNDT,23,0.186554,0.7642335665805547
17977,GLVPKLDAAYSVAYK,23,0.685723,0.6742933679434462
17978,GMTGMLWETSLLDPE,23,0.22497199999999998,0.3761400824092603
17979,GNIVAVDIKPKDSDE,23,0.418418,0.6814894648468106
17980,GPPVEASAAALAGDA,23,0.418987,0.17766909885811089
17981,GRKRPIVRILRRVHH,23,0.36972,0.7847559169701968
17982,GRKTRSAYERMCNIL,23,0.046833,0.5356058722820913
17983,GSHLVEALYLVCGER,23,0.169027,0.3230598688065559
17984,GTKGEAKDVIPEGWK,23,0.132829,0.2016631507338765
17985,GVLKNEFMSLAFDYW,23,0.790725,0.5902488191146948
17986,GVSWMIRILIGFLVL,23,0.708457,0.6389271532754504
17987,GWIISNIFGAIPVLA,23,0.8438969999999999,0.8923513862200221
17988,GWIISNIFGAIPVLG,23,0.96906,0.8860540323137727
17989,GYKDWILWISFAISC,23,0.11523699999999999,0.626460500850167
17990,HAYYLQYKNVRPDYL,23,0.653191,0.7941784354688891
17991,HDYEGLSYRSLQPET,23,0.121723,0.23865927503536866
17992,HEMYWVSNATGNIVS,23,0.88441,0.9190313994360425
17993,HEWCCRSCTLPPLRY,23,0.23838,0.28481069579276536
17994,HFSNVFRSVMAPFTM,23,0.79666,0.8207310469750425
17995,HGRQIRMAKLLGRDP,23,0.336758,0.702211350427846
17996,HMAKEDLVANQPNLK,23,0.8578790000000001,0.6149407645815562
17997,HSLLRTQRLHKFLVC,23,0.622972,0.7094378523626985
17998,HSRNLINELSERMAG,23,0.5572,0.761411897975072
17999,HTLWSNGVLESDMII,23,0.361435,0.5871044179116873
18000,HTQTAGPWHLGKLEL,23,0.23088499999999998,0.2148336371366559
18001,IAAMMTSPLSVASMT,23,0.6127640000000001,0.7290266584917947
18002,IAIAFLSVSNNYEYI,23,0.9116799999999999,0.8298664751937148
18003,IAPIMFSNKMARLGK,23,0.598531,0.8581614758668328
18004,IASLFAAAGLAAAAP,23,0.25261100000000003,0.505358459249507
18005,IEFRFYKEITNVFRG,23,0.596659,0.6552907300046531
18006,IGGWLLLEPWISPSV,23,0.018869,0.5926393405470883
18007,IGPEAAEAAAAAPAA,23,0.02805,0.07798798999032708
18008,IGRIAETILGYNPSA,23,0.522664,0.6322718199795605
18009,IHKASTVLAFPAGVC,23,0.450466,0.5920226693626376
18010,IIELFTAKGFTVQEM,23,0.616575,0.33847885211865497
18011,IISTFHLSIPNFNQY,23,0.573674,0.8294150562236409
18012,IITPTNVSHIQSAVV,23,0.677963,0.7204618055175991
18013,IKDVLKYRWLNLSAN,23,0.666528,0.9258301260944586
18014,ILDLCYQLSMRIANQ,23,0.588463,0.6312598038502716
18015,ILFLVKMNALRRLPV,23,1.0,0.8783503066727021
18016,ILKGLYNFATCGLIG,23,0.6274489999999999,0.7073760158693086
18017,ILKGVINIWGSGLLQ,23,0.49781400000000003,0.835812354864473
18018,IMRIKKLTITGKGTL,23,0.39886900000000003,0.6544660759944378
18019,INLIIHYVDRPGALG,23,0.7495569999999999,0.7970576949674533
18020,IPKEQKYSFLQNPQT,23,0.11968699999999999,0.44780802560817856
18021,IPKGDFLTGPLNFTG,23,0.229227,0.4238554799742938
18022,IPSIIHEALNIALIA,23,0.67787,0.9012280157476067
18023,IPVMAYLVGLFAWVL,23,0.268396,0.702729472921608
18024,ISATPEWATPFPHRK,23,0.18779400000000002,0.13941075870254624
18025,ISDFRAAIANYHYDA,23,0.792339,0.7397341291259781
18026,ISGLKPGVDYTITVY,23,0.7190949999999999,0.4784365479180419
18027,ISNMLSIINKRKKTS,23,0.602881,0.9390906640282739
18028,ITAMSEVQKVSQPAT,23,0.264761,0.351860622523352
18029,ITDAVGNDMPGGYCL,23,0.124386,0.21946294305132347
18030,ITFMQALQLLLEVEQ,23,0.49269399999999997,0.6048640612344981
18031,IVLNHMTGAQSGKGT,23,0.503534,0.7975125721661422
18032,IVQNAYKQMIKSRTL,23,0.360333,0.8643588215319339
18033,IYEPEDLGNCLNKSD,23,0.0,0.5337198039341423
18034,IYWTIVKPGDILLIN,23,0.5438970000000001,0.7799411666955642
18035,KAIKESTGGAYDTYK,23,0.61738,0.07302486301292578
18036,KASNPNYLAILVKYV,23,0.837047,0.8314810829001161
18037,KCKYPEGTKVTFHVE,23,0.05844,0.11591422640495515
18038,KDKWIELKESWGAIW,23,0.40113000000000004,0.2681901385740752
18039,KEVEEAWASACGGTG,23,0.0,0.13006975581935393
18040,KEYTFPITLSSTSNP,23,0.0,0.6814560646378973
18041,KFTQFAGKDLESIKG,23,0.35179,0.31195449405231757
18042,KFVDSTVVASVTIID,23,0.6195,0.43502220898464644
18043,KGKDKWIELKESWGA,23,0.151982,0.1929038758649498
18044,KGLHHLQIILSGKMA,23,0.765994,0.7756618264482739
18045,KGSNDHYLALLVKYA,23,0.257209,0.7488765802276165
18046,KGVERLAVMGDVAWD,23,0.101744,0.4832796550562873
18047,KHLAVLVKYEGDTMA,23,0.149355,0.6122538200386014
18048,KIEIDQDHQEEICEV,23,0.449175,0.23089602770169343
18049,KILEPFRKYTAFTIP,23,0.0,0.47261860732150485
18050,KKGAGGITIKKTGQA,23,0.129371,0.1773703446217827
18051,KLCLMKAQPTSWPLQ,23,0.44370299999999996,0.6223947001942534
18052,KLCPNNLCCSQWGWC,23,0.21381799999999998,0.48090178523599464
18053,KLKIQNVIIDECYGA,23,0.38532,0.7939660092244685
18054,KLPWKNESSIKVIKQ,23,0.434687,0.6369110301470501
18055,KLTITGKGTLDGQGK,23,0.291463,0.2893552124642153
18056,KMDKLELKGMSYAMC,23,0.15006,0.3657949057637828
18057,KMPMYIAGYKTFDGR,23,0.199579,0.5894844338423889
18058,KNTIVIPKGDFLTGP,23,0.093443,0.780820247741666
18059,KPPFSGMTGCGNTPI,23,0.088263,0.17798662257777753
18060,KQCFRKLPVNRPIDW,23,0.379791,0.6342298916678033
18061,KQIANELNYILWENN,23,0.443349,0.8668121637809838
18062,KRFFLPVFSDEVLAG,23,0.261962,0.6756536503581374
18063,KRWIILGLNKIVRMY,23,1.0,0.9299548925968635
18064,KSIIKARVVWKAIIE,23,0.46091099999999996,0.8469674130449594
18065,KSMKVTVAFNQFGPN,23,0.480391,0.7755689533228459
18066,KSRTLKSFFAWSLSD,23,0.329363,0.5412828307245028
18067,KSTNGLRIKSYEDAK,23,0.35791,0.674073632633984
18068,KTDCTKEVEEAWASA,23,0.067344,0.05741830566245126
18069,KTLILLETFVRVNPD,23,0.164178,0.8179670234013833
18070,KTLILLETFVRVNPE,23,0.702592,0.8125138522256753
18071,KTRRFLPQILAECAR,23,0.346465,0.3277687547203407
18072,KTVSEGAVDIINKWQ,23,0.22362100000000001,0.6765222604670134
18073,KVGEVCSFYADPKRY,23,0.033539,0.1760875614016216
18074,KVTFLSQVHPSPLLT,23,0.809365,0.5290716364260475
18075,KYDAYVATLSEALRI,23,0.7272489999999999,0.6291626633008385
18076,KYKTFEAAFTVSSKR,23,0.270081,0.6317032804181913
18077,LAQILMDNDLAATND,23,0.267304,0.6942322253007457
18078,LDGNLLSSNDLAKYK,23,0.611011,0.7838910617271662
18079,LDMIITAVNSLISDN,23,0.659497,0.8487625313665308
18080,LEAKATFYGSNPRGA,23,0.0,0.3859060666793254
18081,LEKISNEIKIVATPD,23,0.491123,0.7585877314587414
18082,LFFNHHKVMLLGHDD,23,0.767265,0.7623301380498476
18083,LFGGLNWITKVIMGA,23,0.181702,0.8976628033903846
18084,LFSIMKNTTNTRRGT,23,0.674705,0.9334562112514193
18085,LGAVYRYKKLKEMSA,23,0.377623,0.37534172893667833
18086,LGMNHVLQSIRRNYP,23,0.180628,0.8381443427777509
18087,LGSQEGAMHTALTGA,23,0.18706,0.11000078083240536
18088,LHFSEALRIIAGTPE,23,0.737792,0.7379957162891445
18089,LIKTLQSKLSRNFTK,23,0.553458,0.7516454646822063
18090,LKCRLKMDKLELKGM,23,0.369812,0.28692907746776014
18091,LKLATGMRNVPEKQT,23,0.400446,0.821352782682549
18092,LKNCVDAKMTEEDKE,23,0.124724,0.44723316012843567
18093,LLKIWKNYMKIMNHL,23,0.87908,0.93042891410376
18094,LLNEFNNLYADKVSV,23,0.38056,0.7669037955062874
18095,LLTWIKMLAAKNLPI,23,0.894056,0.8888933510983605
18096,LLWDYMCISLSTAIE,23,0.0,0.7081128698493396
18097,LNIKLNMPLYIAGNK,23,0.917472,0.9530288398904295
18098,LNWITKVIMGAVLIW,23,0.41978000000000004,0.8574229166186231
18099,LQFAKLTGFTLMGKG,23,0.318213,0.38686480568245857
18100,LQFNQMMNPSHVKFL,23,0.543335,0.7595889225471849
18101,LQMVGMRRPQQGASG,23,0.0,0.5307489450372624
18102,LQSLWANFYELLADA,23,0.713508,0.6932287412536005
18103,LRAHRLHQLAFDTYQ,23,0.174236,0.5871279410208631
18104,LRIAAKIYSEADEAW,23,0.358085,0.6643010728820418
18105,LRKDYIKRQGSTPLA,23,0.0,0.4860852322076675
18106,LRTKLMTSRRVLEKE,23,0.324237,0.5881141546662834
18107,LRYRYGLFKQRIAKE,23,0.169757,0.6668331445775108
18108,LSFAAALNGLAGPLH,23,0.29275100000000004,0.6564880596231591
18109,LSKDGCTSAKGPDYK,23,0.076764,0.05965805716004598
18110,LSLTFIRSTMSLVMA,23,0.8835,0.857228068765939
18111,LSPLTKGILGFVFTL,23,0.154257,0.5352340212576866
18112,LSSNDLAKYKANWIE,23,0.517196,0.6645847011241784
18113,LSYRSLQPETFAVVD,23,0.192503,0.4146929597480703
18114,LTHMMIWHSNLNDAT,23,0.312815,0.8138746645627744
18115,LVKFVAGDGDVVAVD,23,0.396369,0.311044145005636
18116,LVKYEGDTMAEVELR,23,0.0,0.3070202204713942
18117,LVPFVQWFVGLSPTV,23,0.291754,0.4444977269132789
18118,LVSKLYEVVPGILTE,23,0.865258,0.5264014713532643
18119,LWNGPMAVSMTGVMR,23,0.618422,0.8661454508856891
18120,LWTQSLRRELSGYCS,23,0.0,0.4416916160493092
18121,MAFLRSVSRLAAAVF,23,0.716674,0.6685711736753981
18122,MASSSSVLLVVALFA,23,0.057179999999999995,0.4740899607530437
18123,MASSSSVLLVVVLFA,23,0.118301,0.5337676482346151
18124,MDCIIFESASKARLP,23,0.454875,0.5415985258462297
18125,MGAVLIWVGINTRNM,23,0.11523800000000001,0.9454426033270599
18126,MGEAVQNTVEDLKLN,23,0.589629,0.4853508313929794
18127,MGNSKSKSNPSSSSE,23,0.46903900000000004,0.42730353828232576
18128,MGQLISFFGEIPSII,23,0.174304,0.6029994648026514
18129,MGRDIKVQFQSGGAN,23,0.20930900000000002,0.5322560234268643
18130,MHWVRQAPGKGLEWV,23,0.0,0.4909711758850316
18131,MILVGVIMMFLSLGV,23,0.132413,0.3009988710581659
18132,MLLRKYGIAAENVID,23,0.20809499999999997,0.7509928065011836
18133,MLRHTIENTSANLSL,23,0.750814,0.86387254371002
18134,MNALRRLPVICSFLV,23,0.749713,0.8522801846043465
18135,MNMSRQGIFQTVGSG,23,0.163699,0.6688858811106015
18136,MPFVTTQPEALAAAA,23,0.22899699999999998,0.37462724207707365
18137,MSFVTTQPEALAAAA,23,0.24321900000000002,0.3996687920386415
18138,MSLLTEVETYVLSII,23,0.358034,0.37592153079682983
18139,MSLLTEVETYVLSIV,23,0.357823,0.42392877441995386
18140,MSQIMYNYPAMMAHA,23,0.846908,0.8191716991906051
18141,MSQIMYNYPAMRAHA,23,0.9371799999999999,0.8284702702834278
18142,MVVERLGDYLVEQGM,23,0.076285,0.2921725773780914
18143,MWKQITNELNYVLWE,23,0.596491,0.8071257349567172
18144,MYFHRRDLRLASNAI,23,0.8526600000000001,0.8804850538162764
18145,MYWISNGTGNIVASV,23,0.8419110000000001,0.8619056939045384
18146,NCEALSLVSHIVKWK,23,0.17282,0.6175625517141191
18147,NCVLKKSTNGLRIKS,23,0.6567189999999999,0.9006079986945046
18148,NDAIKASTGGAYESY,23,0.8339030000000001,0.30854964346852765
18149,NDFLKTGHYTQMVWA,23,0.517781,0.4600510239706086
18150,NDKPFQNVNRITYGA,23,0.207285,0.6570427919856917
18151,NFTVGRIIELFTAKG,23,0.21778699999999998,0.5805054492367577
18152,NHFFNHHKVMLLGHD,23,0.510171,0.742503485232282
18153,NHFFNHHKVMLLGHS,23,0.6215649999999999,0.7485368396838877
18154,NHLINTPKIMPHHII,23,0.679685,0.881513962736667
18155,NHVIQSVRRLYPKIF,23,0.18773900000000002,0.6858944526394615
18156,NIMWKQITNELNYVL,23,0.686999,0.8601843708380451
18157,NIWADDLAASLSTLE,23,0.7277100000000001,0.6862571479798478
18158,NKGILVTVNPIASTN,23,0.6963159999999999,0.9427280581549833
18159,NKNFFWAVKPKAVRQ,23,0.19737000000000002,0.7477296108955286
18160,NKYLEEHPSAGKDPK,23,0.0,0.2061704324895339
18161,NLLWKQIANELNYIL,23,0.47633000000000003,0.9168177800040782
18162,NLMGKTLILLETFVR,23,0.247313,0.7115386550469099
18163,NLNIKLNMPLYIAGN,23,0.9834940000000001,0.9389624088147102
18164,NMVVERLGDYLVEQG,23,0.059898,0.4487659732817534
18165,NNRIWLQFAKLTGFT,23,0.5202479999999999,0.8047629399954586
18166,NNVVQALTSLGLLYT,23,0.5371020000000001,0.8214235089169799
18167,NPLIRHENRMVLAST,23,0.8344,0.913745036689008
18168,NPRQAYANYRDIDLG,23,0.09629700000000001,0.6511018390741423
18169,NPTDTGHGTVVMQVK,23,0.0,0.26236970904933093
18170,NRIMADGGSIQNTNL,23,0.398177,0.6070848891393867
18171,NSFYYMKGGVNTFLI,23,0.10858,0.7993901709364268
18172,NSLVYGASDSNVYDL,23,0.117401,0.6396133089787099
18173,NSVIQALTSLGLLYT,23,0.59768,0.8078422964122234
18174,NSVVQALTSLGLLYT,23,0.10739100000000001,0.7949305912700744
18175,NTTIAVSTANIFRGS,23,0.937384,0.8053473547188651
18176,NVMWKQITNELNYVL,23,0.62169,0.8167198699482824
18177,NVNLQKQLLTNHLIN,23,0.6920270000000001,0.8731698057060371
18178,NVSHIQSAVVCGRRH,23,0.385389,0.59348670757079
18179,NYLALLVKFVAGDGD,23,0.11830399999999999,0.5894949348676041
18180,PAAAYATATPAAATA,23,0.254129,0.038548914219689256
18181,PAGVCPTIGVGGNFA,23,0.189718,0.18691896787310192
18182,PALFFTFLANLNLTE,23,0.200215,0.780773305236584
18183,PALLALLALPALLLL,23,0.663713,0.12004511084585535
18184,PASWKNNRIWLQFAK,23,0.460697,0.8281359284334818
18185,PCKGDSVTIKLDGNL,23,0.223004,0.5187516660163861
18186,PCRAGFETNVSHNVQ,23,0.83936,0.7185504329478528
18187,PDLPYDYGALEPAIS,23,0.402026,0.256272162150211
18188,PEGLLWLLLTGKVPT,23,0.625926,0.6515529268382182
18189,PEQIQLLKKAFDAFD,23,0.6225310000000001,0.6021351908238012
18190,PEVKYAVFEAALTKA,23,0.21018,0.6316514973794222
18191,PFTIPSMHQVLDEAI,23,0.43913599999999997,0.5938375783566644
18192,PGTFQTTTGEIGAIA,23,0.174561,0.2916765650547168
18193,PIEHIASMRRNYFTA,23,0.239348,0.8138990741431326
18194,PIIIDQKYCPNKICT,23,0.8351120000000001,0.37927970185788107
18195,PIYIVTPTNASHIQS,23,0.685855,0.8454995934365418
18196,PKDSDEFIPMKSSWG,23,0.0,0.2805124119450626
18197,PKGGAESSSKAALTS,23,0.062626,0.23250033282091379
18198,PLYKLVHVFINTQYA,23,0.594338,0.8783253826788731
18199,PPDAASAAPLRTITA,23,0.146874,0.5306894551292315
18200,PPPPQLGASPYKLGP,23,0.083828,0.3029307902011457
18201,PQVKYAVFEAALTKA,23,0.168665,0.6495902903096247
18202,PSMGRDIKVQFQSGG,23,0.086641,0.5041550681852502
18203,PSPSMGRDIKVQFQS,23,0.511714,0.4451299987673584
18204,PTHRHLKGEACPLPH,23,0.23219099999999998,0.09172568090799364
18205,PTLAFPAGVCPTIGV,23,0.375664,0.19181894957701864
18206,PVGEIYKRWIILGLN,23,0.06010700000000001,0.7794098574163753
18207,PVGEIYKRWIIMGLN,23,0.14928,0.8244940689762796
18208,PVRVPNYNMIIMDEA,23,0.7178899999999999,0.9031078111584729
18209,PYGATISATPEWATP,23,0.20777199999999998,0.13447804826746787
18210,QAGGKLCPNNLCCSQ,23,0.129873,0.5438553746918047
18211,QDHQEEICEVVLAKS,23,0.504166,0.2625351474480678
18212,QDVLLFTPASTEPQS,23,0.31473,0.5562180872506853
18213,QEVFKAIQSLKTTEV,23,0.726037,0.6183820042484014
18214,QFKRASPILRFLYAN,23,0.472807,0.7281495899909494
18215,QFRRVKCKYPEGTKV,23,0.18462,0.2200721318427169
18216,QGEPGAVIRGKKGAG,23,0.40085,0.29456809859511063
18217,QGEPGRVIRGKKGAG,23,0.46483100000000005,0.4875097353876151
18218,QHLCGSHLVEALYLV,23,0.173823,0.3367604501166629
18219,QHNHRPGYHTQTAGP,23,0.0,0.39012846637446197
18220,QIHQYIMALREEYFD,23,0.6258520000000001,0.7137219633800462
18221,QIRMAKLLGRDPEQS,23,0.076093,0.5776160147282385
18222,QKLIEDINASFRAAM,23,0.9799620000000001,0.7911896068841353
18223,QKQLLTNHLINTPKI,23,0.9565610000000001,0.9463697753834048
18224,QKRTLSLLQYARYPI,23,0.6241439999999999,0.6429199539663945
18225,QKYCPNKICTSKGDS,23,0.56029,0.4042555923073622
18226,QLSALWARFPLPVIP,23,0.375242,0.739345423263781
18227,QLYSKFLLKAEPLAF,23,1.0,0.4072594505557442
18228,QPCNGVTMNDVKIEY,23,0.565763,0.5431999741194016
18229,QPNLKALREKVLGLP,23,0.6146149999999999,0.6832477604271551
18230,QVHFQPLPPAVVKLS,23,0.176993,0.4899008838365285
18231,QVPSASMGRDIKVQF,23,0.22714,0.4856481879049856
18232,RAMFVEDIAMGYVVS,23,0.735153,0.7228124716110133
18233,RCALHWFPGSHLLAC,23,0.333016,0.43086356964063394
18234,RCALHWFPGSHLLHV,23,0.45018,0.47519396913879863
18235,RDCLIAHGAANTITE,23,1.0,0.682104515581898
18236,REQFLGALDLAKKRV,23,0.0,0.5894491185973053
18237,RFFVWGDEVPLLTKF,23,0.41309700000000005,0.5892077445219481
18238,RFTISRDNSKNTLYL,23,0.579597,0.3922225236466861
18239,RGLLRRARGGPHHRR,23,0.47948199999999996,0.4031779825122488
18240,RIDTPDKLTGPFTVR,23,0.279082,0.1516606442664543
18241,RIIAGTLEVHAVKPA,23,0.235492,0.6434233715765245
18242,RKELLVTFKNAHAKK,23,0.098635,0.8107040655890181
18243,RKHIEWNCDVCRHGD,23,0.476475,0.32003087060531527
18244,RLATAIAGAWENGVC,23,0.0,0.43584230841142924
18245,RLEFDEFVTLAAKFI,23,0.35220300000000004,0.46432293272358754
18246,RLKGESRKTFVELMR,23,0.0,0.2746366023437954
18247,RLMSMKSVQNNTVLK,23,0.663092,0.8789581811199111
18248,RMAMTDTTPFGQQRV,23,0.28578899999999996,0.1467724983094415
18249,RMFSSTLRAAVPWYA,23,0.8723420000000001,0.7708182105068146
18250,RMVLASTTAKAMEQM,23,0.423191,0.5943906319633171
18251,RNFQKVNPEGLIKEF,23,0.480246,0.7397745653646416
18252,RNTLLFLDLIILNFV,23,0.047422000000000006,0.6851314809394574
18253,RPGVSKKFLSLLTSS,23,0.088399,0.7395171318555567
18254,RPMFLYVRTNGTSKI,23,1.0,0.8531414459456685
18255,RQGIFQTVGSGLDHI,23,0.381302,0.36645822237486353
18256,RQKIIYSGAVNLDDE,23,0.9253020000000001,0.8552926282207217
18257,RREVHIYYLEKANKI,23,0.5369,0.7445014801653211
18258,RRRVMIQSSGGKLRL,23,0.597491,0.616589322197624
18259,RSRPRRTTRRMDRRT,23,0.35779299999999997,0.20079744408521175
18260,RTATNIWIDHNSFSN,23,0.522767,0.7684307916675425
18261,RTITADTFRKLFRVY,23,0.579116,0.3671983653165973
18262,RVIRGKKGAGGITIK,23,0.532878,0.289971982725402
18263,RVWEQIFSTWLLKPG,23,0.177806,0.5122089204360019
18264,RVYCDPCRAGFETNV,23,0.12333599999999999,0.10684688376626032
18265,SAAPLRTITADTFRK,23,0.381152,0.37805598332746954
18266,SADEVQRMMAEIDTD,23,0.203597,0.505444866959804
18267,SAIRAAPEAARSLAS,23,0.5918359999999999,0.3311725602228133
18268,SCLDGKLCLMKAQPT,23,0.364361,0.37080972499386117
18269,SDDQISIMKLPLSTK,23,0.055907000000000005,0.725505346634306
18270,SFGIVVAWQVKLLPV,23,0.10466700000000001,0.6151453896290096
18271,SFLQNPQTSLCFSES,23,0.515053,0.2841118726068137
18272,SGKLFMHVTLGSDVE,23,0.274377,0.5337162490228308
18273,SGRVTRDSRRLRRIC,23,0.41243100000000005,0.18541434088887698
18274,SGTVDFDEFMEMMTG,23,0.13702999999999999,0.18587274149391436
18275,SHIQSAVVCGRRHGV,23,0.287433,0.38683722423956385
18276,SIAQHLVSDRPIMRY,23,0.034038,0.7588923807733579
18277,SLIYRRRLMKQDFSV,23,0.133787,0.6797446212143815
18278,SLKLYRDSLGEAVMR,23,0.382186,0.42658226635561675
18279,SPILRFLYANVGEEA,23,0.8441200000000001,0.7152647943281417
18280,SRAEVSYVHVNGAKF,23,0.688391,0.7741270870733312
18281,SRCYSIYLSINGVLE,23,0.797442,0.8451409881680393
18282,SRFFVMGEETPLLTK,23,0.19700399999999998,0.43453166508951113
18283,SRSFLKHSLLRTQRL,23,0.492688,0.634657448670269
18284,SSAGGFFTSVGKGIH,23,0.162804,0.357925657643752
18285,SSILTDSQTATKRIR,23,0.566997,0.45731583054367814
18286,SSKAATAKAPGLVPK,23,0.22454000000000002,0.32009371673287706
18287,SSTVKLRQNEFGPAR,23,0.189021,0.5655856813458949
18288,SSYAATEVANAAAAS,23,0.230992,0.4802493012126615
18289,SSYAATEVANAAAGQ,23,0.1561,0.3981909829136645
18290,STRVPNYNLIVMDEA,23,0.592549,0.8222828362148965
18291,STVVASVTIIDRSLP,23,0.540596,0.5472160254093288
18292,STWLLKPGAGIMIFD,23,0.277359,0.6354197180942429
18293,SVLLVVALFAVFLGS,23,0.199554,0.083437120298977
18294,SVRIRVRSGGHDYEG,23,0.392546,0.40913671654968975
18295,SVTIKLDGNLLSSND,23,0.753029,0.7947553547048863
18296,SVYLSDNGVMSEQGS,23,0.182174,0.5699219268357573
18297,SWKLEKASLIEVKTC,23,0.238748,0.39080720215914755
18298,SYIAEMETESWIVDR,23,0.15793900000000002,0.350216871357151
18299,SYVHVNGAKFIDTQN,23,0.850577,0.5200542499940385
18300,TAAINKGILVTVNPI,23,0.808879,0.888778651636251
18301,TAAVELARALVRAVA,23,0.564154,0.39549658785752884
18302,TAKAPGLVPKLDAAY,23,0.20695300000000003,0.4207784855932874
18303,TANVPPADKYKTLEA,23,0.15797,0.2583683170969428
18304,TATSASAGWDTVLQS,23,0.27559,0.21184719924732265
18305,TDALRTLGSTSADEV,23,0.051917,0.3471300550230499
18306,TDFAGKTVWFVPSIK,23,0.0,0.3140249398298157
18307,TDKMFFVKNPTDTGH,23,0.146463,0.5528443536799208
18308,TDTTPFGQQRVFKEK,23,0.0,0.23755742104529748
18309,TFYGSNPRGAAPDDH,23,0.057038,0.2420264040367002
18310,THMMIWHSNLNDATY,23,0.22787600000000002,0.8656037216615087
18311,THMMIWHSNLNDTTY,23,0.340903,0.8387498146971594
18312,TIAAMMTSPLSVASM,23,0.6456069999999999,0.6852991529089473
18313,TISNNLFFNHHKVML,23,0.718178,0.8222367491803833
18314,TKKFDEVVKANGGYL,23,0.7295119999999999,0.538237214734129
18315,TKVIMGAVLIWVGIN,23,0.0,0.7395316682801736
18316,TKVTFHVVGVGPLLH,23,0.47952100000000003,0.36289058746703523
18317,TLELLYADTVAFCFR,23,0.620674,0.5697701952944066
18318,TLGSTSADEVQRMMA,23,0.132651,0.2909336871689465
18319,TNFKYNYSVIEGGPI,23,0.547139,0.7075268867381378
18320,TPLTLVDICFWSTLF,23,0.191984,0.5185621930567512
18321,TPTNASHIQSAVVCG,23,0.202307,0.6296082946945747
18322,TQTMKGVERLAVMGD,23,0.08778999999999999,0.5649853277341635
18323,TRKYLPAIVREAIKR,23,0.11375199999999999,0.7660025684659195
18324,TRSAYERMCNILKGK,23,0.052564,0.5641031502830737
18325,TSSDDQITLIKTPSL,23,0.520688,0.44171287310928903
18326,TVAAAPQVKYAVFEA,23,0.16734300000000002,0.4719807014670531
18327,TVLAFPAGVCPTIGV,23,0.45304399999999995,0.2377140888967011
18328,TWQGGSGMASHIIYE,23,0.23518899999999998,0.4296789554781936
18329,TYSQLMTLKDAKMLQ,23,0.18311,0.7359742201820871
18330,VAPIEHIASMRRNYF,23,0.501084,0.831356080589124
18331,VATLSEALRIIAGTL,23,0.38761999999999996,0.7100608926983178
18332,VDGRGNYNTDLLPDW,23,0.030026999999999998,0.3216840142613607
18333,VDIKPKDSDEFIPMK,23,0.299311,0.2984969393420272
18334,VDLAKSLRIAAKIYS,23,0.764934,0.8409674937113347
18335,VEALYLVCGERGFFY,23,0.22456399999999999,0.26666266319552884
18336,VEDEARRMWASAQNI,23,0.420432,0.48905745762993813
18337,VEKSQLLNEFNNLYA,23,0.5660310000000001,0.775607816941021
18338,VFGNCEGVKIIGISI,23,0.627252,0.2906211346180592
18339,VFGSAFQGLFGGLNW,23,0.054284000000000006,0.3845252257684743
18340,VGNVAWMHVLAAKYI,23,0.44576099999999996,0.8010388112670375
18341,VGQQAVEVWQGLALL,23,0.336394,0.233933129864167
18342,VHAQTVEDEARRMWA,23,0.13891099999999998,0.1304501808598283
18343,VIPANWKPDTVYTSK,23,0.48193800000000003,0.37468434177390675
18344,VKGDPVGILYAVFKA,23,0.339307,0.6084582913285934
18345,VKIEYSGTNNKTMAV,23,0.5544899999999999,0.7589009692758562
18346,VKPLYIITPTNVSHI,23,0.908683,0.8285080816555176
18347,VKQNTLKLATGMRNV,23,0.580149,0.7026058670694418
18348,VLDILTANKLIRQKL,23,0.6857479999999999,0.8873851153470095
18349,VLRTKLMTSRRVLER,23,0.44697700000000007,0.5334227184698659
18350,VNFYAWKRMEVGQQA,23,0.112528,0.5721518381343086
18351,VNYWFAPGAAAAPLS,23,0.141504,0.3032478432626222
18352,VPFVQWFVGLSPTVW,23,0.11765199999999999,0.4531793033154785
18353,VPKKKKDKDIPQSSE,23,0.0,0.31119073022807026
18354,VPPADKYKTFEAAFT,23,0.177315,0.1902924677274471
18355,VQNTVEDLKLNTLGR,23,0.40471399999999996,0.5937928491529334
18356,VRILRRVHHRKYLTD,23,0.47828699999999996,0.7402036823861615
18357,VRSGGHDYEGLSYRS,23,0.0,0.06908611503365905
18358,VSEALRIIAGTLEVH,23,0.509282,0.7922106915810103
18359,VSIISILKGVINIWG,23,0.13011199999999998,0.8149025770423283
18360,VSVDCSEYPKPDCTA,23,0.107803,0.06998364064437793
18361,VTMNDVKIEYSGTNN,23,0.563092,0.5608593251074346
18362,VTVDAAVLAAIDADA,23,0.642736,0.3233325160903069
18363,VVIFELKFRYKYLRE,23,0.43752299999999994,0.524727631737881
18364,VVLGLATSPTAEGGK,23,0.073201,0.5197054980633786
18365,VVSRLLIPVPFDPPA,23,0.6510600000000001,0.5232747509548314
18366,VWRIDTPDKLTGPFT,23,0.351405,0.5178457765660425
18367,WAVKPKAVRQIEDQL,23,0.357887,0.4343120615535926
18368,WEQIFSTWLLKPGAG,23,0.27334899999999995,0.5144525574917124
18369,WGAIWRIDTPDKLTG,23,0.6380560000000001,0.549401094667158
18370,WGAIWRIDTPEVLKG,23,0.797955,0.6129490777758743
18371,WIELKESWGAVWRID,23,0.6269779999999999,0.49411485149684203
18372,WKPDTVYTSKLQFGA,23,0.398866,0.46238407771434736
18373,WKRMEVGQQAVEVWQ,23,0.531515,0.19209505511121996
18374,WPKSHTLWSNGVLES,23,0.623321,0.7260423740223936
18375,WQKGEEVQVIAVEPG,23,0.096731,0.23180259243333423
18376,YANYRDIDLGRNEVV,23,0.5520930000000001,0.6742924124591465
18377,YDKFLAFVSTVLTGK,23,0.56902,0.9507031774696136
18378,YDKFLALVSTVLTGK,23,0.559948,0.9627297670411978
18379,YDKFLANESTVLTGK,23,0.7798069999999999,0.9727083608706444
18380,YDKFLANKSTVLTGK,23,0.8772040000000001,0.988460536253865
18381,YDKFLANQSTVLTGK,23,0.84951,0.9879638226050177
18382,YDKFLANVCTVLTGK,23,0.5712189999999999,0.9829215664723019
18383,YDKFLANVHTVLTGK,23,0.683009,0.9885375672112231
18384,YDKFLANVNTVLTGK,23,0.864469,0.99429251218159
18385,YDKFLANVTTVLTGK,23,0.771365,0.9895579789973116
18386,YDKFLANYSTVLTGK,23,0.826557,0.990890512151301
18387,YDKFLATVSTVLTGK,23,0.43630699999999994,0.9720093691080384
18388,YEALIKLLPFSKRIR,23,0.497395,0.6968310496713443
18389,YEYKVQQAMSNLVLG,23,0.779933,0.8630602180866239
18390,YGFVANFSMELPSFG,23,1.0,0.7678500602943489
18391,YGIAAENVIDVKLVD,23,0.164838,0.7180550647270943
18392,YKDVDKPPFSGMTGC,23,0.0,0.198701692729369
18393,YKKLRTSSFALNLPT,23,1.0,0.8185545632467706
18394,YLAILVKYVDGDGDV,23,0.3936,0.6824039662278035
18395,YLEEHPSAGKDPKKT,23,0.0,0.05908602971011906
18396,YLVCGERGFFYTPKT,23,0.15573599999999999,0.12075912733818898
18397,YNFATCGLIGLVTFL,23,0.070254,0.6706801415247703
18398,YPFIEQEGPEFFDQE,23,0.17765699999999998,0.08639264893111331
18399,YRKILRQRKIDRLID,23,0.282646,0.8457353987175267
18400,YTTEGGTKGEAKDVI,23,0.07798,0.07393054591376416
18401,YVVSSFDNIKVFLEG,23,0.518262,0.5396651204848418
18402,YWTIVKPGDILLINS,23,0.598748,0.7885102074145028
18403,APRFKHLRKYTYNYEA,23,0.0,0.43483973308600044
18404,CSAVPVHWVPTSRTTW,23,0.349977,0.2463877722623969
18405,DKLKQQRDTLSTQKET,23,0.16828800000000002,0.16202314605307597
18406,EEDKENALSLLDKIYT,23,0.28407,0.8395277166967667
18407,EPQGSTYAASSATSVD,23,0.0,0.7167661583194663
18408,FRNVLSIAPIMFSNKM,23,0.598531,0.8680431131752837
18409,GKWYLKAMTADQEVPE,23,0.668964,0.295639861091766
18410,GVINIMYMHDSDDVLF,23,0.45078599999999996,0.7217080663285966
18411,KFDSQLAHRHMARELH,23,0.0,0.3353353237674248
18412,KGLMNIALAISAQQVN,23,0.791339,0.8416241878145065
18413,LAAIIFLFGPPTALRS,23,0.254581,0.5383761868637089
18414,LNKIVRMYSPVSILDI,23,0.533483,0.9323371541715086
18415,LWWSTMYLTHHYFVDL,23,0.0,0.42821802372013157
18416,MVSRLLLNRFTMTHRR,23,0.674203,0.8215967493139463
18417,QPEWFRNVLSIAPIMF,23,0.576242,0.8639724369928424
18418,SPEVIPMFSALSEGAT,23,0.071359,0.5647434894112247
18419,SQDLELSANLNGLQAY,23,0.646555,0.9580686521925229
18420,SQDLELSGNLNGLQAY,23,0.495834,0.9354630530985384
18421,SQDLELSMNLNGLQAY,23,0.756375,0.9393395361624942
18422,SQDLELSSNLNGLQAY,23,0.448383,0.9418661020513561
18423,SQDLELSWDLNGLQAY,23,0.39321,0.929100340055785
18424,SQDLELSWILNGLQAY,23,0.646263,0.9730837083848354
18425,SQDLELSWQLNGLQAY,23,0.635706,0.9689438844390225
18426,SQDLELSWWLNGLQAY,23,0.45030299999999995,0.8935615283425713
18427,SSIIFGAFPSLHSGCC,23,0.305105,0.6386523494181674
18428,AIQQVRSLIGNEEFLDY,23,0.41797799999999996,0.42388775053150557
18429,CVDAKMTEEDKENALSL,23,0.363296,0.15434710196934143
18430,EHREVLWKFDSQLAHRH,23,0.24376,0.38811028013030885
18431,FERQYKELQTQAEDDRR,23,0.0,0.13397601811428989
18432,IGNTVTPTVTFTMDGDK,23,0.18884700000000001,0.3842963056030792
18433,KIPGGAMYADDTAGWDT,23,0.32879400000000003,0.09718576738709321
18434,LTYQNKVVKVQRPTPKG,23,0.764234,0.8222721938868149
18435,MVTQMAMTDTTPFGQQR,23,0.450189,0.4688493986373325
18436,PETPNMDVIGERIKRIK,23,0.46175200000000005,0.500753926054704
18437,PTPKGTVMDIISRKDQR,23,0.315688,0.4179623855310992
18438,PWDVVPMVTQMAMTDTT,23,0.377112,0.4874054883262763
18439,TESTFKNISCTFKFGEE,23,0.236652,0.5474596545186293
18440,VVKVQRPTPKGTVMDII,23,0.47370500000000004,0.1861729027753672
18441,WLGARYLEFEALGFLNE,23,0.151053,0.5299886531325109
18442,YAHAAHAAHAAHAAHAA,23,0.256098,0.056280996246787174
18443,YLGKREDQWCGSLIGLT,23,0.131723,0.2531006380678191
18444,DTPYLDITYHFVMQRLPL,23,0.069437,0.24331484047687021
18445,LRAEQASQEVKNWMTETL,23,0.183435,0.14364951579851842
18446,MSSFLGKWKLSESHNFDA,23,0.23874499999999999,0.42853706672738234
18447,NVTENFNMWKNNMVEQMH,23,0.503746,0.48259666752887026
18448,PAEILRKSRRFAQALPVW,23,0.387922,0.4725536983075288
18449,PVGDIYKRWIILGLNKIV,23,0.8186899999999999,0.5757055817786557
18450,PVGEIYKRWIILGLNKIV,23,0.833534,0.5757055817786557
18451,SCIAIGIITLYLGAVVQA,23,0.335569,0.569387502915885
18452,SELYLYKVVKIEPLGVAP,23,0.689632,0.5644840036924142
18453,WIILGLNKIVRMYSPISI,23,0.767129,0.7683981879580541
18454,WIILGLNKIVRMYSPTSI,23,0.944475,0.7062680442527002
18455,WIILGLNKIVRMYSPVSI,23,0.828556,0.7809266783699367
18456,WVKVVEEKGFNPEVIPMF,23,0.087004,0.36339429666081235
18457,YVDRFFKTLRAEQASQDV,23,0.057145,0.3694455689572628
18458,YVDRFYKTLRAEQASQEV,23,0.5111,0.39676179136692313
18459,GEIYKRWIILGLNKIVRMY,23,0.6132850000000001,0.802000602166426
18460,LGVLLLIGCWYCRRRNGYR,23,0.0,0.3182854778119705
18461,WEALKYLWNLLQYWGQELK,23,0.219004,0.6815101829147041
18462,AALLVVAVGLRVVCAKYALA,23,0.491654,0.3697835587755361
18463,DTEVHNVWATQACVPTDPNP,23,0.198571,0.4584080849434759
18464,EAKYDAYVATLSEALRIIAG,23,0.815033,0.4613038897634937
18465,GFGMLLRKYGIAAENVIDVK,23,0.45851400000000003,0.8020929629772122
18466,HAPAAPANPGLIIGALAGST,23,0.45522799999999997,0.6863379512318082
18467,IEPIVATNWQKLEAFWHKHM,23,0.790341,0.7928627669540658
18468,KDKWIELKESWGAIWRIDTP,23,0.393468,0.3066157372284223
18469,KIIGGIGGFVKVRQYDQIPI,23,0.343764,0.49617736332322193
18470,KMIGGIGGFVKVRQYDQIPI,23,0.24076,0.22614592091111538
18471,KRWIILGLNKIVRMYSPTSI,23,0.901608,0.9151847477858494
18472,LIIGALAGSTLAALVIGGIA,23,0.36212300000000003,0.5723920811987329
18473,LPKPPKPVSKMRMATPLLMQ,23,0.0,0.5835585109161953
18474,LTTSQTLLFNILGGWVAAQL,23,0.573882,0.8090523171968113
18475,LYKYKVVKIEPLGVAPTKAK,23,0.652626,0.6825380813907159
18476,MYVGGVEHRLEAACNWTRGE,23,0.22397399999999998,0.261040108119496
18477,PELVPEDPEDSALLEDPAGT,23,0.14169,0.12518889855800983
18478,PHHTALRQAILCWGELMTLA,23,0.0,0.30501540499821894
18479,VATLSEALRIIAGTLEVHAV,23,0.565199,0.72045186133126
18480,VHFQPLPPAVVKLSDALIAT,23,0.367911,0.579005223438858
18481,WGAIWRIDTPDKLTGPFTVR,23,0.463135,0.3308716167813149
18482,YIITPTNVSHIQSAVVSGRR,23,0.60844,0.590488992602196
18483,LPKPPKPVSKMRMATPLLMQALPM,23,1.0,0.45271237194866043
18484,EIYKRWIILG,25,0.26726,0.058866901687362694
18485,ILGLNKIVRMY,25,0.8270120000000001,0.16089004437387233
18486,AALLVVAVGLRV,25,0.253712,0.28513443032972074
18487,ALLVVAVGLRVV,25,0.374517,0.3974432966805898
18488,AVGLRVVCAKYA,25,0.48943000000000003,0.37729245431677794
18489,DPEDSALLEDPA,25,0.108626,0.01660114324921798
18490,EDPEDSALLEDP,25,0.0,0.01040547234647165
18491,EDSALLEDPAGT,25,0.0,0.08134826158411138
18492,ELVPEDPEDSAL,25,0.176811,0.033088573097426306
18493,FSQPEQEFPQPQ,25,0.0,0.012854432690960819
18494,FYKTLRAEQASQ,25,0.33365700000000004,0.28412228037323106
18495,GLRVVCAKYALA,25,0.554221,0.3719552983793165
18496,KCIEWEKAQHGA,25,0.698876,0.47314248926508823
18497,LLVVAVGLRVVC,25,0.492569,0.3543644871385659
18498,LVPEDPEDSALL,25,0.023413999999999997,0.03211772796575621
18499,LVVAVGLRVVCA,25,0.21699000000000002,0.22252085624643972
18500,NKIVRMYSPISI,25,0.832633,0.31526934060342093
18501,NKIVRMYSPTSI,25,1.0,0.27123758933302117
18502,NPGLIIGALAGS,25,0.199738,0.09347947928142447
18503,PEDPEDSALLED,25,0.0,0.012037214673714235
18504,PEDSALLEDPAG,25,0.0,0.06511220947502848
18505,PELVPEDPEDSA,25,0.257311,0.017669516300995957
18506,PGLIIGALAGST,25,0.139998,0.10507122313733154
18507,RFYKTLRAEQAS,25,0.5026189999999999,0.3150161505668807
18508,VAVGLRVVCAKY,25,0.426493,0.4438136359486697
18509,VGLRVVCAKYAL,25,0.5378430000000001,0.4085129046778285
18510,VPEDPEDSALLE,25,0.0,0.02231193427426799
18511,VVAVGLRVVCAK,25,0.330923,0.3225984102745436
18512,WIILGLNKIVRM,25,0.739004,0.2101407601123638
18513,AGWLADRSVRYPI,25,0.473987,0.4439277818791278
18514,ASTEYTPIGDNKA,25,0.102546,0.14939705209482484
18515,AVFEAALTKAITA,25,0.169373,0.28669877322157133
18516,DKFKIFEAAFSES,25,0.44624899999999995,0.34251050836622976
18517,DPIELNATLSAVA,25,0.111275,0.295888320414988
18518,DYIDAYVSRLLDD,25,0.213457,0.38654344168194654
18519,DYVVMSAWYKEPN,25,0.089434,0.4777832442956584
18520,EEYVEIRQVGDFH,25,0.294767,0.13997866775375442
18521,FHYRAISTRYTLD,25,0.706537,0.5360872518020025
18522,FYKTLRAEQASQE,25,0.40128400000000003,0.3015414413322351
18523,GINYLIDTTSREL,25,0.07171699999999999,0.21421394396297042
18524,IIVILSPLLNAQN,25,1.0,0.2973663147273689
18525,KPLLIIAEDVEGE,25,0.44464499999999996,0.14725181473271412
18526,MEALTFKACDHIM,25,0.08788,0.06980621025463754
18527,PRFLEQVKHECHF,25,0.431407,0.13921874893134017
18528,QDEKDYIDAYVSR,25,0.312419,0.12387487834599581
18529,RFYKTLRAEQASQ,25,0.460375,0.3280945159899573
18530,SAMVYSSDDIPPR,25,0.055545000000000004,0.10614975021059955
18531,SPEVIPMFSALSE,25,0.5762390000000001,0.27334467811353663
18532,SQTTANPACPEGT,25,0.0,0.005721024590663326
18533,SSVDRYRNRVLLL,25,0.373452,0.3005321822602946
18534,SYDGVSEDTDDDD,25,0.020652,0.04597073950009745
18535,VCGERGFFYTPKT,25,0.092333,0.1419086426223125
18536,VILLNYVLKSLTR,25,0.5015029999999999,0.6601639224038589
18537,VKYAVFEAALTKA,25,0.318123,0.44883025978798663
18538,YTPIGDNKALISK,25,0.023801,0.1854882974003565
18539,EAMSQANSAILMQR,25,0.576217,0.5812416362257683
18540,EYRSTVNPWASQLG,25,0.450772,0.35300016180703286
18541,KPLLIIAEDVEGEY,25,0.3226,0.25642562214368947
18542,MLFRILSLNLIKIK,25,0.794078,0.6520430462085626
18543,NTSYRLISCNTSVI,25,0.388257,0.3736906656399412
18544,RETQISKTNTQTYR,25,0.47147,0.2517481563529338
18545,TDRESLRNLRGYYN,25,0.679054,0.6914425192543527
18546,TSICSLYQLENYCN,25,0.37800700000000004,0.42808656542373436
18547,VLAGWLFHVRGARR,25,0.41183500000000006,0.7823672446165659
18548,AAAAPAAVGAAVGGT,25,0.092516,0.05360691222100531
18549,AAAGLAAAAPLESRQ,25,0.5382319999999999,0.43604600199866467
18550,AAGAQLLWQLPLLSI,25,0.513397,0.7857905335941023
18551,AAGVAAWSLIALMIP,25,0.436032,0.7307123562129918
18552,AALPLLFFALAGQRI,25,0.616644,0.7395681034127574
18553,AAPEAARSLASSLPG,25,0.127577,0.5189462823815713
18554,AAPLSWSKDIYNYME,25,0.422311,0.7184793135823662
18555,AASGADGTYDITKLG,25,0.164192,0.12687869179101974
18556,AAVELARALVRAVAE,25,0.5544479999999999,0.5265777567315565
18557,ADDLTAAINKGILVT,25,0.453505,0.6941978875423224
18558,ADNSLDYAANFSHML,25,0.409123,0.8117527444484643
18559,ADSVKGRFTISRDNS,25,0.10355199999999999,0.549462064872467
18560,AELMILIATNLLGQN,25,0.6586350000000001,0.7189940557913279
18561,AENVKPPKVDPATYG,25,0.0,0.14718565926678473
18562,AFMLAWNYGVPRVMS,25,0.827247,0.8970585939260614
18563,AFQGLFGGLNWITKV,25,0.174754,0.7030674879392032
18564,AGALEVHAVKPVTEE,25,0.11525099999999999,0.2990071977297316
18565,AGAWRTAAVELARAL,25,0.300029,0.5954584088542431
18566,AGILARNLVPMVATV,25,0.422944,0.9057875619041258
18567,AGLLGNVSTVLLGGV,25,0.450504,0.7967083448802805
18568,AGLLGVVSTVLLGGV,25,0.451233,0.5987157446643834
18569,AGLTHMMIWHSNLND,25,0.573946,0.8248428030661815
18570,AGRFEVHAQTVEDEA,25,0.101546,0.23001417499381105
18571,AGWDTVLQSITTILA,25,0.178606,0.48299776880148
18572,AGYLVGRKPLAFFSW,25,0.402223,0.7863581858680405
18573,AHARSYQTLSTQAAA,25,0.43445900000000004,0.6050325710625568
18574,AHWTEARIMLDNINM,25,0.072632,0.5779302848631938
18575,AIAGAWENGVCGIRS,25,0.16863699999999998,0.21312027877764744
18576,AIGIITLYLGAVVQA,25,0.776353,0.875294542852704
18577,AINIFNVEKYGAVGD,25,0.466193,0.8636005598771788
18578,AKEKPQEGTVVAVGP,25,0.0,0.07612449537574431
18579,AKPDGKTDCTKEVEE,25,0.025743000000000002,0.028750571388446607
18580,ALFSGVSWVMKIGIG,25,0.505709,0.7417791471106969
18581,ALKESWGAIWRIDTP,25,0.391586,0.8174814153519504
18582,ALLPRAGAAAAAALP,25,0.30441399999999996,0.36532753307274274
18583,ALQSHDDVALVSVMW,25,0.453288,0.46139526539579434
18584,ALRVIAGALEVHAVK,25,0.279814,0.76104686901583
18585,ALSDADWHFIADPAS,25,0.110196,0.4523293574410132
18586,ALSDPYLSFAAALNG,25,0.90325,0.7939745305934155
18587,ALSLTFIRSTMSLVM,25,1.0,0.9327025175509357
18588,ALTKAITAMSEVQKV,25,0.302153,0.5309768529951191
18589,AMFVEDIAMGYVVSS,25,0.176869,0.6856029841668027
18590,ANQFNKAISQIQESL,25,0.575716,0.6158388702389158
18591,APGAAAAPLSWSKDI,25,0.0,0.4214203965976997
18592,APNGGFRRIPRGALH,25,0.754262,0.7187251081635989
18593,APSVVPNTTLGMHCG,25,0.033122000000000006,0.5142002501740373
18594,APYMVGDVITSGDIT,25,0.6072420000000001,0.5167743387455281
18595,AQAVYDFRSIVDYLR,25,0.5685180000000001,0.7297840776565602
18596,AQIYQAVSAQAAAIH,25,0.768798,0.7656265960465998
18597,AQVRADRILALDADP,25,0.374288,0.34488586302540125
18598,ARGYISTRVGMGEAA,25,0.453276,0.7144906560319053
18599,ARNLVPMVATVQGQN,25,0.33098,0.7546737484219135
18600,ASAAILGHDGTVWAQ,25,0.378873,0.15854841377670756
18601,ASIAARGYISTRVGM,25,0.650794,0.7553801944483187
18602,ASLIYRRRLMKQDFS,25,0.0,0.8727316685430841
18603,ASNPNYLAILVKYVD,25,0.7607649999999999,0.7857173444458555
18604,ASPLTGIADASQSSM,25,0.0,0.430977220643594
18605,ASVGKMIDGIGRFYI,25,0.204131,0.602194347950519
18606,ATPPPPPPPQLGASP,25,0.0,0.02596004813238393
18607,ATSPTAEGGKATTEE,25,0.061937,0.04224756123585934
18608,ATTANVPPADKYKTF,25,0.062327,0.25070648272731433
18609,AVFEAALTKAITAMS,25,0.337492,0.6048872257200689
18610,AVFEAALTKAITAMT,25,0.353092,0.587986966535636
18611,AVGLFIRLLGGESDA,25,0.251002,0.662528378188247
18612,AVHVWLRLPAGRVEI,25,0.455157,0.7720968488319697
18613,AVIRGKKGAGGITIK,25,0.396515,0.39723536723836517
18614,AVMLTFDNAGMWNVR,25,0.623346,0.6293165108564014
18615,AWASACGGTGKNTIV,25,0.0,0.07618312434891794
18616,AWMSAAATQAEQAAT,25,0.078368,0.2569454454986381
18617,AYGSFVRTVSLPVGA,25,0.595026,0.9314947941284413
18618,AYSDDKSMKVTVAFN,25,0.24688000000000002,0.5687892288669376
18619,AYTSSDDQISLFDQS,25,0.144455,0.17628567116773308
18620,AYVATVSEALRIIAG,25,0.27562,0.7130549903868179
18621,CADILAIASRVLVTM,25,0.869981,0.8725011754979712
18622,CDASILIDPLSNQSA,25,0.396748,0.5295299723359617
18623,CGGTGKNTIVIPKGD,25,0.04605,0.34307095776210095
18624,CGYKDVDKPPFDGMT,25,0.264964,0.14096802821940282
18625,CIEYVTLNASQYANC,25,0.376612,0.5720373103270449
18626,CMTVQGGETMNSVIQ,25,0.31495,0.28329585167620225
18627,CPLDHVNTLHFLTRG,25,0.358162,0.6559496704046566
18628,CQFLKVEKSQLLNEF,25,0.145675,0.5860522092875284
18629,CRSCTLPPLRYMGED,25,0.303651,0.5738065887847675
18630,CSNLSTCVLGKLSQE,25,0.17330299999999998,0.5308548197782782
18631,CTGMLKRRLGLMSLS,25,0.539617,0.9049746435507849
18632,DALTLRTATNIWIDH,25,0.537935,0.6074916336143894
18633,DAPYMVGDVITSGDI,25,0.584968,0.5460838074465726
18634,DCSEYPKPDCTAEDR,25,0.0,0.038574570647820335
18635,DEARRMWASAQNISG,25,0.35920799999999997,0.5804759228513022
18636,DEPMVQVEAGKVNHS,25,0.32919699999999996,0.4686313436917233
18637,DESWQQFRQELIPLL,25,0.24163099999999998,0.7356612260007248
18638,DFGNSYIAEMETESW,25,0.032322000000000004,0.34316520106460346
18639,DGQGKAVWGKNSCAK,25,0.169854,0.2870340194061633
18640,DHTNFKYNYSVIEGG,25,0.401995,0.7124206282545604
18641,DIDLGRNEVVNDVST,25,0.234704,0.3931895300556933
18642,DIFTNSRGKRASKGN,25,0.054847,0.6775400415714508
18643,DIKVQFQSGGNNSPA,25,0.344806,0.3691742784722281
18644,DINASFRAAMATTAN,25,0.468513,0.7443561015587611
18645,DITVKNCVLKKSTNG,25,0.24679,0.632899106712822
18646,DIVIYSKYGGTEIKY,25,0.373062,0.7045331314184308
18647,DKKCIEWEKAQHGAC,25,0.41336000000000006,0.24664627379000476
18648,DKLTGPFTVRYTTEG,25,0.10928900000000001,0.4678798713086868
18649,DKPFQNVNRITYGAC,25,0.232275,0.5871103155985993
18650,DKVYEILKINSVKYY,25,0.534748,0.8907410400683206
18651,DLTILGLAAEWVLAY,25,0.62334,0.8086123485872944
18652,DLVANQPNLKALREK,25,0.521537,0.4211489656267366
18653,DMDKVETFLRIVQCR,25,0.509851,0.4156939303437026
18654,DMLKLFEFNKKAIET,25,0.201948,0.7576979159029146
18655,DNLFPKVAPQAISSV,25,0.084687,0.6409764448494597
18656,DRTELLEMVCFHEFL,25,0.324577,0.3032753098419019
18657,DTFRKDFRVYDNFLR,25,0.630384,0.7755559909094161
18658,DTFRKLFRRYSNFLR,25,0.9359370000000001,0.9610732119969602
18659,DVDIIVDARLDLSST,25,0.318853,0.44919542168119175
18660,DVFYNGAYFVSSGKY,25,0.599069,0.8294240071337089
18661,DVLSQPMLPHTWDGS,25,0.21334099999999998,0.3305906557244577
18662,EAAFNKAIKESTGGA,25,0.031497000000000004,0.665929769892998
18663,EAEQLRAYLDGTGVE,25,0.706685,0.4724263556320365
18664,EAVLEDPYILLVSSK,25,0.0,0.7523754935273104
18665,EAYRMRFAAVITRVI,25,0.587763,0.8635280374811392
18666,EDPLFQLVSKLYEVV,25,0.467534,0.8532636616044985
18667,EEFVSLASRFLVEED,25,0.7618590000000001,0.7270828236101187
18668,EEIITLNSYGSFQEF,25,0.40041,0.7811335292530255
18669,EFIPMKSSWGAIWRI,25,0.48958100000000004,0.84576036621305
18670,EFVTLAAKFIIEEDS,25,0.363078,0.5908686382078397
18671,EGHHLASAAIFGHDG,25,0.334721,0.6251393886979448
18672,EGHHLASAAILGHDG,25,0.344,0.5952323966287721
18673,EGKVVQYENLKYTVI,25,0.716585,0.7784138503648474
18674,EHELYVAVLSNALHR,25,0.639662,0.8954328327482921
18675,EIESCRKNSCECNFE,25,0.0,0.0760450651156767
18676,EITGIMKDFDEPGHL,25,0.082826,0.12045668460905973
18677,EKMFVSPTPGQRNPY,25,0.072784,0.36072860185386413
18678,ELAAVSVDCSEYPKP,25,0.0697,0.2484006132429886
18679,ELKESWGAIWRIDTP,25,0.466603,0.7911676757125452
18680,ELLDQSDVKEPGVSR,25,0.41653900000000005,0.12738791081123294
18681,ELLVTFKNAHAKKQE,25,0.8860950000000001,0.8061843996408575
18682,ELYKYKVVKIEPLGV,25,0.416154,0.8752603334500372
18683,EMETESWIVDRQWAQ,25,0.001258,0.5792495941336993
18684,ENEYATGAVRPFQAA,25,0.259809,0.5048324144415643
18685,ENPVVHDFKNIVTPR,25,0.441082,0.6538625518022426
18686,ENPVVHFFLNIVTPR,25,0.904839,0.8924004074440101
18687,ENPVVHLFRNIVTPR,25,0.842441,0.894223137209907
18688,ENPVVHYFLNIVTPR,25,0.732862,0.931794850092811
18689,EPAYFATAESVRDHL,25,0.303185,0.5857611060852993
18690,EQCCTSICSLYQLEN,25,0.25432,0.3545385756829726
18691,EQCGRQAGGKLCPNN,25,0.226448,0.1607066282334648
18692,EQFLGALDLAKKRVH,25,0.044588,0.5577395958514816
18693,ERRNKYLEEHPSAGK,25,0.0,0.27383933104669667
18694,ESLHNPYPDYHWLRT,25,0.513549,0.30260187608368005
18695,ESSFVMMSAPPAEYK,25,0.7288439999999999,0.5506942479104863
18696,ESTGGAYDTYKSIPS,25,0.41298100000000004,0.31871963775419315
18697,ESWGAVWRIDTPDKL,25,0.29246700000000003,0.6841915077371123
18698,ESWIVDRQWAQDLTL,25,0.082824,0.6065871492278638
18699,ETLYRIDGAHLTKMS,25,0.553321,0.6925726441938551
18700,EVFCQTIKLDSEEYH,25,0.160455,0.30593947219715684
18701,EVLGFRMVQDERVGR,25,0.49556000000000006,0.41240134265886
18702,EVVKANGGYLAAGKL,25,0.734057,0.6522380942492167
18703,EVYEARLTKFKYLAG,25,0.482889,0.7452749233744657
18704,EYIEAAKWLLPPPKV,25,0.5866600000000001,0.785049405236716
18705,FARIETAFANLYPGE,25,0.69614,0.6124536357013496
18706,FAVATITHAAELQRV,25,0.580732,0.52580997516889
18707,FDELELDPPEIEPGV,25,0.225544,0.08366657440962477
18708,FDHEFTFGWDELLSK,25,0.39632399999999995,0.48974929209792445
18709,FDPYGATISATPESA,25,0.068178,0.3663638149337274
18710,FDREFTFGWDELLSK,25,0.300358,0.4388566433224501
18711,FEAAFNDAIKASTGG,25,0.015300999999999999,0.5291207273854763
18712,FEFNKKAIETLNDNT,25,0.0,0.6905112917705566
18713,FENLVAENVKPPKVD,25,0.0,0.6131424597432995
18714,FEQITFMQALQLLLE,25,0.787187,0.7241955902558023
18715,FFVKNPTDTGHGTVV,25,0.0,0.5296038715342705
18716,FGPASFARIETAFAN,25,0.455873,0.6951211499418574
18717,FGTMPSLTLACLTKQ,25,0.32852800000000004,0.7936512406796449
18718,FIMAYVNQAHHIDLM,25,0.6243989999999999,0.8252161554690064
18719,FIVFLLLAGRSCSYK,25,0.34081,0.6967517977070314
18720,FKKLKNHVLFLQMMN,25,0.688783,0.8390426450953709
18721,FLAVAVVLGLATSPT,25,0.054590999999999994,0.6280344438296367
18722,FLFQRAVAREAIIAL,25,0.5086729999999999,0.7460306380916597
18723,FLLMYEMHRESLLKS,25,0.14523699999999998,0.8214116386557607
18724,FNSLISIAQHLVSDR,25,0.162802,0.7441379615955556
18725,FPPNGTHSWEYWGAQ,25,0.033848,0.5422967644007758
18726,FQTMPGTFQTTTGEI,25,0.289448,0.46170890851475826
18727,FQTVGSGLDHILSLA,25,0.2481,0.4894715937575256
18728,FRKYTAFTIPSINNE,25,0.60734,0.8181724859894238
18729,FTSLEYIEAAKWLLP,25,0.417796,0.7384645757751721
18730,FVMMSAPPAEYKLQQ,25,0.424183,0.5824834183875636
18731,FVNQHLCGSHLVEAL,25,0.275783,0.4274036517906522
18732,FVRIQPGQTFSVLAC,25,0.550979,0.6036056447408249
18733,FVVTGRVYCDPCRAG,25,0.395712,0.228070433260052
18734,FWYVNHTGFNVHSLP,25,0.07814600000000001,0.8360614470425994
18735,GAKRIPVDVSEGDIV,25,0.0,0.2002595377022799
18736,GARYLEFEALGFLNE,25,0.473249,0.660949737580844
18737,GAVDIINKWQVVAPQ,25,0.337439,0.8063322938649997
18738,GAYFVSSGKYEGGNI,25,0.373938,0.8029753660390758
18739,GEGIPLYDAIKCMRT,25,0.119308,0.6288581121778445
18740,GEIYKRWIILGLNKI,25,0.544607,0.9483079898647274
18741,GELEFEEFVSLASRF,25,0.39408699999999997,0.5661779356065606
18742,GELQIVDDIDAAFKI,25,0.397663,0.7227947621948668
18743,GELQIVDIIDAAFKI,25,0.46541000000000005,0.8687794193660898
18744,GELQIVDKFDAAFKI,25,0.564955,0.7140876762164129
18745,GELQIVDKLDAAFKI,25,0.5240279999999999,0.8355269699966935
18746,GELQIVDKRDAAFKI,25,0.30401300000000003,0.5845671931064186
18747,GELQIVDKYDAAFKI,25,0.624736,0.7879532372844734
18748,GELQIVDQIDAAFKI,25,0.523097,0.8261322320256854
18749,GELQIVDWIDAAFKI,25,0.605788,0.950739963330165
18750,GELQIVHKIDAAFKI,25,0.589389,0.963112793215204
18751,GELQIVNKIDAAFKI,25,0.5844689999999999,0.9604410450641154
18752,GELQIVTKIDAAFKI,25,0.383975,0.9082760480835993
18753,GENGRKTRSAYERMC,25,0.034263999999999996,0.37778243387638705
18754,GEVEIQFRRVKCKYP,25,0.472833,0.3782863852606646
18755,GEVLNALAYDVPIPG,25,0.72278,0.6733778428079487
18756,GFTRRFKFLLNISYL,25,0.591477,0.9180897051759844
18757,GGACGYKDVDKPPFS,25,0.023587999999999998,0.14242804873583179
18758,GGGFGMLLRKYGIAA,25,0.803846,0.8981907348213539
18759,GGSILKISNKFHTKG,25,0.937514,0.8303777771509776
18760,GGSILKISNKYHTKG,25,0.830415,0.8670458736239034
18761,GGVSWMIRILIGILV,25,0.392685,0.7435757759565337
18762,GHMLDMYSVMLTNDN,25,0.5431779999999999,0.6335577299108013
18763,GIHTVFGSAFQGLFG,25,0.080075,0.7325788396942547
18764,GIKVGYTAHIRKATE,25,0.608047,0.8274290559681883
18765,GIRHLFGNYITNDSY,25,0.382207,0.8882292978253897
18766,GIVEQCCTSICSLYQ,25,0.33874699999999996,0.14870189973179118
18767,GKGTLDGQGKAVWGK,25,0.2529,0.23060432805237877
18768,GKIDFLNNYALFLSP,25,1.0,0.8752802137372054
18769,GKIVHISPLSGSAQH,25,0.436093,0.7781906899388897
18770,GKLFTQTMKGVERLA,25,0.137418,0.4767492836422013
18771,GKLIHEWCCRSCTLP,25,0.49865,0.22162857506576283
18772,GKSSFCDICGEELPT,25,0.0,0.08525572175910234
18773,GKTVWFVPSIKAGND,25,0.7452479999999999,0.7000944911999306
18774,GLAYKFVVPGAATPY,25,0.0,0.7776053659014321
18775,GLEWNDNTVRVSETL,25,0.20571399999999998,0.3843952751498537
18776,GLSGEPKGGAESSSK,25,0.31035,0.07897892449251966
18777,GLTHMMIWHSNLNDT,25,0.262388,0.8133950920881079
18778,GLVPKLDAAYSVAYK,25,0.357373,0.6581217117547427
18779,GMTGMLWETSLLDPE,25,0.311208,0.5163059657359425
18780,GNIVAVDIKPKDSDE,25,0.31812199999999996,0.41795301731480144
18781,GPPVEASAAALAGDA,25,0.0,0.16329283862148583
18782,GRKRPIVRILRRVHH,25,0.604273,0.766420467385325
18783,GRKTRSAYERMCNIL,25,0.177347,0.6463094701230667
18784,GSHLVEALYLVCGER,25,0.333826,0.6303299915231042
18785,GSILKISNKYHTKGD,25,0.47921400000000003,0.9028323916426559
18786,GTGVLTPSSKRFQPF,25,0.228807,0.8386103149592139
18787,GTKGEAKDVIPEGWK,25,0.13439,0.11274958988119137
18788,GVLKNEFMSLAFDYW,25,0.842475,0.7397514309732595
18789,GVSWMIRILIGFLVL,25,0.44850200000000007,0.7917312866133472
18790,GWIISNIFGAIPVLA,25,0.6044430000000001,0.9129386199661714
18791,GWIISNIFGAIPVLG,25,0.397934,0.8993202996606794
18792,GYKDWILWISFAISC,25,0.190085,0.8272429417468474
18793,HAYYLQYKNVRPDYL,25,0.606999,0.8361930009143234
18794,HDYEGLSYRSLQPET,25,0.20081400000000002,0.5762662107390629
18795,HEWCCRSCTLPPLRY,25,0.212342,0.3758373858276694
18796,HFSNVFRSVMAPFTM,25,0.850351,0.8807553031576898
18797,HGRQIRMAKLLGRDP,25,0.5230899999999999,0.6775735581830667
18798,HMAKEDLVANQPNLK,25,0.258608,0.23984079631282545
18799,HSLLRTQRLHKFLVC,25,0.610295,0.8545593690786205
18800,HSRNLINELSERMAG,25,0.521452,0.49095430335941576
18801,HTLWSNGVLESDMII,25,0.158854,0.4607154375044422
18802,HTQTAGPWHLGKLEL,25,0.19716199999999998,0.5250797569306151
18803,IAAMMTSPLSVASMT,25,0.437217,0.704825580032117
18804,IAIAFLSVSNNYEYI,25,0.644879,0.8213134197957793
18805,IAPIMFSNKMARLGK,25,0.702501,0.8829640444898521
18806,IASLFAAAGLAAAAP,25,0.7757350000000001,0.7003303144546448
18807,IDQVTIAGAKLRSLN,25,0.680168,0.6959081425080477
18808,IEFRFYKEITNVFRG,25,0.8737229999999999,0.8209385418713818
18809,IGGWLLLEPWISPSV,25,0.8778549999999999,0.8740309487144413
18810,IGPEAAEAAAAAPAA,25,0.275833,0.12112631033135118
18811,IGRIAETILGYNPSA,25,0.556519,0.7260794758955513
18812,IGSYVAFLSQTFAFI,25,0.346655,0.8341330699346198
18813,IHKASTVLAFPAGVC,25,0.59439,0.7718604000828161
18814,IIELFTAKGFTVQEM,25,0.7924869999999999,0.5646620550470679
18815,IISIVQMAPVSAMVR,25,0.658848,0.7224001053014674
18816,IISTFHLSIPNFNQY,25,0.647625,0.8688862084012019
18817,IITPTNVSHIQSAVV,25,0.400458,0.4802519278887991
18818,IKDVLKYRWLNLSAN,25,0.6084609999999999,0.9071332983410728
18819,ILDLCYQLSMRIANQ,25,0.8298040000000001,0.7188535876705586
18820,ILFLVKMNALRRLPV,25,0.968902,0.8975241945532907
18821,ILKGLYNFATCGLIG,25,0.680207,0.7308091264933112
18822,ILKGVINIWGSGLLQ,25,0.406486,0.825905218738797
18823,ILRHPGFTLMAAILA,25,0.602139,0.8545664586467725
18824,ILVQAGEAETMTPSG,25,0.0,0.08188338787949273
18825,IMRIKKLTITGKGTL,25,0.434985,0.6778787114015147
18826,INLIIHYVDRPGALG,25,0.41776,0.8734077483762863
18827,IPKEQKYSFLQNPQT,25,0.110008,0.7805901559529639
18828,IPKGDFLTGPLNFTG,25,0.269408,0.5867873651574385
18829,IPSIIHEALNIALIA,25,0.139707,0.7791469284591885
18830,IPVMAYLVGLFAWVL,25,0.25942,0.8486187828526873
18831,ISATPEWATPFPHRK,25,0.084164,0.2799116480440563
18832,ISDFRAAIANYHYDA,25,0.537061,0.7845313645491766
18833,ISGLKPGVDYTITVY,25,0.6010439999999999,0.39406657009763857
18834,ISIVQMAPVSAMVRM,25,0.734503,0.7251111543845413
18835,ISSYKLDLTILGLAA,25,0.591912,0.7424788470671
18836,ITAMSEVQKVSQPAT,25,0.19779000000000002,0.32418486864605817
18837,ITDAVGNDMPGGYCL,25,0.108119,0.16858983662613114
18838,ITFMQALQLLLEVEQ,25,0.57075,0.6196037099685293
18839,IVLNHMTGAQSGKGT,25,0.331396,0.6151600886253585
18840,IVQMAPVSAMVRMYI,25,0.646374,0.8936904884949999
18841,IVQNAYKQMIKSRTL,25,0.6422359999999999,0.8187008234714855
18842,IYEPEDLGNCLNKSD,25,0.178701,0.2711418676482576
18843,IYWTIVKPGDILLIN,25,0.59325,0.7570298106147292
18844,KAIKESTGGAYDTYK,25,0.304,0.1499148207507788
18845,KASNPNYLAILVKYV,25,0.8866870000000001,0.7601172533990946
18846,KCKYPEGTKVTFHVE,25,0.206352,0.3130603889125239
18847,KDKWIELKESWGAIW,25,0.457254,0.5519047564696539
18848,KEVEEAWASACGGTG,25,0.14446199999999998,0.15306500642900753
18849,KEYTFPITLSSTSNP,25,0.210333,0.7752127550408258
18850,KFFYLLGLSAIMQVF,25,0.444687,0.8932145568831976
18851,KFTQFAGKDLESIKG,25,0.314474,0.34420963538464594
18852,KFVDSTVVASVTIID,25,0.248527,0.3636473127134474
18853,KGKDKWIELKESWGA,25,0.29798,0.46662312464743266
18854,KGLHHLQIILSGKMA,25,0.939265,0.836152891321346
18855,KGPLRMVLAFITFLR,25,1.0,0.8515257971873769
18856,KGSNDHYLALLVKYA,25,0.643648,0.7367299171365881
18857,KGVERLAVMGDVAWD,25,0.145046,0.3440339868280676
18858,KHLAVLVKYEGDTMA,25,0.461996,0.7154917204788964
18859,KIEIDQDHQEEICEV,25,0.184049,0.11812809032068389
18860,KIGIGVLLTWIGLNS,25,0.725618,0.8344279787647215
18861,KILEPFRKYTAFTIP,25,0.648176,0.8828713417816964
18862,KKGAGGITIKKTGQA,25,0.22877399999999998,0.1972632556711498
18863,KLCLMKAQPTSWPLQ,25,0.657335,0.7301456590411308
18864,KLCPNNLCCSQWGWC,25,0.146385,0.303354920961499
18865,KLDLTILGLAAEWVL,25,0.478601,0.8373377276241617
18866,KLKIQNVIIDECYGA,25,0.11078800000000001,0.6388740585895626
18867,KLPWKNESSIKVIKQ,25,0.25955500000000004,0.6330576134946194
18868,KLSQELHKLQTYPRT,25,0.47693199999999997,0.5859265822634109
18869,KLTITGKGTLDGQGK,25,0.334494,0.3706440731158631
18870,KMDKLELKGMSYAMC,25,0.551254,0.6260211387755809
18871,KMPMYIAGYKTFDGR,25,0.743252,0.8791034802297696
18872,KNKAIKILIGFRKEI,25,0.744591,0.8476602578984178
18873,KNTIVIPKGDFLTGP,25,0.29740700000000003,0.5842958942104787
18874,KPHYYTWGKADIAAN,25,0.0,0.4935432567100097
18875,KPPFSGMTGCGNTPI,25,0.24315799999999999,0.1552140923372737
18876,KQCFRKLPVNRPIDW,25,0.22526,0.5391777919995969
18877,KQIANELNYILWENN,25,0.500013,0.7944084227011745
18878,KRFFLPVFSDEVLAG,25,0.583395,0.7971705879247429
18879,KRWIILGLNKIVRMY,25,0.8494200000000001,0.9200852431858771
18880,KSIIKARVVWKAIIE,25,0.558267,0.8950377306638608
18881,KSMKVTVAFNQFGPN,25,0.497184,0.7151756430464713
18882,KSRTLKSFFAWSLSD,25,1.0,0.8937006514800843
18883,KSTNGLRIKSYEDAK,25,0.5803229999999999,0.4750079876990278
18884,KTDCTKEVEEAWASA,25,0.085988,0.08171302293655792
18885,KTLILLETFVRVNPD,25,0.802153,0.765980927212853
18886,KTLILLETFVRVNPE,25,0.748132,0.791178918371003
18887,KTRRFLPQILAECAR,25,0.414674,0.5095806993537535
18888,KTVSEGAVDIINKWQ,25,0.34877199999999997,0.5782832890922122
18889,KVGEVCSFYADPKRY,25,0.795826,0.409642492407347
18890,KVTFLSQVHPSPLLT,25,0.420267,0.6741345277980059
18891,KYDAYVATLSEALRI,25,0.16656600000000002,0.6712155153731995
18892,KYKFVRIQPGQTFSV,25,0.6499010000000001,0.8337616147570324
18893,KYKTFEAAFTVSSKR,25,0.35833400000000004,0.8031782460542292
18894,KYTVIITVHTGDQHQ,25,0.5517920000000001,0.38307047611051825
18895,LAQILMDNDLAATND,25,0.368685,0.4751358038198183
18896,LCAVQLLLMRTSWAL,25,0.616862,0.8969187923208741
18897,LDGNLLSSNDLAKYK,25,0.404023,0.6854482181081364
18898,LDMIITAVNSLISDN,25,0.163997,0.6825755172894511
18899,LEAKATFYGSNPRGA,25,0.184229,0.419417431676977
18900,LEKISNEIKIVATPD,25,0.41122700000000006,0.6616396072021454
18901,LFFNHHKVMLLGHDD,25,0.459477,0.8589549671375293
18902,LFGGLNWITKVIMGA,25,0.113101,0.8788952174946348
18903,LGAVYRYKKLKEMSA,25,0.552227,0.8960966697954291
18904,LGEVFIAQSKGLYRQ,25,0.551925,0.6362689676431156
18905,LGMNHVLQSIRRNYP,25,0.534741,0.79978262483625
18906,LGSQEGAMHTALTGA,25,0.19508399999999998,0.19293896917316367
18907,LHFSEALRIIAGTPE,25,0.5403100000000001,0.8678179999357895
18908,LHLYSHPIILGFRKI,25,0.41548199999999996,0.9112875274270043
18909,LIKTLQSKLSRNFTK,25,0.7195229999999999,0.8104575280078935
18910,LKCRLKMDKLELKGM,25,0.401086,0.3583559166418798
18911,LKLATGMRNVPEKQT,25,0.115782,0.6006262594168181
18912,LKLFMAFVAFLRFLT,25,0.398468,0.5660241991852432
18913,LKNCVDAKMTEEDKE,25,0.192578,0.27813688829363226
18914,LLKIWKNYMKIMNHL,25,0.822832,0.9050082763063205
18915,LLNEFNNLYADKVSV,25,0.6068859999999999,0.6476385760658288
18916,LLTWIKMLAAKNLPI,25,0.934372,0.8750071914162182
18917,LLVTFKNAHAKKPEV,25,1.0,0.8010334438122974
18918,LLWDYMCISLSTAIE,25,0.549493,0.6984507313127282
18919,LNIKLNMPLYIAGNK,25,0.756209,0.899897338179335
18920,LNWITKVIMGAVLIW,25,0.2487,0.8042447896752822
18921,LQFAKLTGFTLMGKG,25,0.7446689999999999,0.7674111035643699
18922,LQFNQMMNPSHVKFL,25,0.5410229999999999,0.8042531848709253
18923,LQMVGMRRPQQGASG,25,0.24773299999999998,0.5749335478262801
18924,LQSLWANFYELLADA,25,0.43101300000000003,0.8092493732258976
18925,LRAHRLHQLAFDTYQ,25,0.584113,0.6816744768636563
18926,LRIAAKIYSEADEAW,25,0.28643,0.8442741304880236
18927,LRKDYIKRQGSTPLA,25,0.76641,0.5705679524059509
18928,LRTKLMTSRRVLEKE,25,0.563987,0.8136219015822345
18929,LRYRYGLFKQRIAKE,25,0.62041,0.885519144765779
18930,LSFAAALNGLAGPLH,25,0.5492229999999999,0.6526660960933566
18931,LSKDGCTSAKGPDYK,25,0.370388,0.06656380741167389
18932,LSPLTKGILGFVFTL,25,0.235821,0.7306199381596155
18933,LSSNDLAKYKANWIE,25,0.685814,0.6764503848902674
18934,LSYRSLQPETFAVVD,25,0.22480300000000003,0.5434036817900139
18935,LSYYKLGASQRVGTD,25,0.43137600000000004,0.8736733537757386
18936,LTHMMIWHSNLNDAT,25,0.295955,0.8299618605653175
18937,LVIPENAKEKPQEGT,25,0.0,0.16928663251038872
18938,LVKFVAGDGDVVAVD,25,0.180382,0.34783400833068656
18939,LVKYEGDTMAEVELR,25,0.212619,0.41167570975934537
18940,LVPFVQWFVGLSPTV,25,0.759514,0.774944834055064
18941,LVSKLYEVVPGILTE,25,0.452834,0.8306486255680646
18942,LWCGSLIGLSSRATW,25,0.614839,0.8380941105216941
18943,LWNGPMAVSMTGVMR,25,0.41264700000000004,0.8500834678890544
18944,LWTQSLRRELSGYCS,25,0.246856,0.6308949134628015
18945,MAFLRSVSRLAAAVF,25,0.638682,0.8097371583468927
18946,MASSSSVLLVVALFA,25,0.080189,0.5632611341169979
18947,MASSSSVLLVVVLFA,25,0.197217,0.5845185088721193
18948,MDCIIFESASKARLP,25,0.46664300000000003,0.6138787328245014
18949,MGAVLIWVGINTRNM,25,0.311264,0.8741654571731949
18950,MGEAVQNTVEDLKLN,25,0.168049,0.21126627015776067
18951,MGNSKSKSNPSSSSE,25,0.048941000000000005,0.2880644629001081
18952,MGQLISFFGEIPSII,25,0.179982,0.7558762121992246
18953,MGRDIKVQFQSGGAN,25,0.720542,0.46297257242421924
18954,MILVGVIMMFLSLGV,25,0.41676499999999994,0.3518505957778926
18955,MLLRKYGIAAENVID,25,0.598715,0.7929055999865338
18956,MNALRRLPVICSFLV,25,0.668799,0.8238506574149229
18957,MNMSRQGIFQTVGSG,25,0.21201199999999998,0.6260111192072824
18958,MPFVTTQPEALAAAA,25,0.475191,0.47385437418864623
18959,MSFVTTQPEALAAAA,25,0.46532399999999996,0.5071009285628307
18960,MSLLTEVETYVLSII,25,0.197746,0.5282120433349069
18961,MSLLTEVETYVLSIV,25,0.445093,0.5276431733663767
18962,MSQIMYNYPAMMAHA,25,0.741173,0.890133168737469
18963,MSQIMYNYPAMRAHA,25,0.759496,0.9135999333837498
18964,MVVERLGDYLVEQGM,25,0.43327899999999997,0.4255894356198156
18965,MYFHRRDLRLASNAI,25,0.558837,0.7959439078067531
18966,NCEALSLVSHIVKWK,25,0.716933,0.7805330115905043
18967,NCVLKKSTNGLRIKS,25,0.527029,0.7028011865816713
18968,NDAIKASTGGAYESY,25,0.358996,0.421348781004077
18969,NDFLKTGHYTQMVWA,25,0.6941229999999999,0.7945190229152386
18970,NDKPFQNVNRITYGA,25,0.172255,0.6229502724247238
18971,NFTVGRIIELFTAKG,25,0.635977,0.7318732908728206
18972,NHFFNHHKVMLLGHD,25,0.542215,0.8545775236794558
18973,NHFFNHHKVMLLGHS,25,0.554277,0.888540863560879
18974,NHLINTPKIMPHHII,25,0.41515100000000005,0.6551961602888225
18975,NHVIQSVRRLYPKIF,25,0.63675,0.8266270818772552
18976,NIWADDLAASLSTLE,25,0.377202,0.4794814331499948
18977,NKGILVTVNPIASTN,25,0.5000479999999999,0.6927662887654975
18978,NKNFFWAVKPKAVRQ,25,0.617193,0.911299168775012
18979,NKYLEEHPSAGKDPK,25,0.0,0.2425757683380608
18980,NLLWKQIANELNYIL,25,0.0,0.804786817054999
18981,NLMGKTLILLETFVR,25,0.6071489999999999,0.7801673142380414
18982,NLNIKLNMPLYIAGN,25,0.508929,0.8920115865680942
18983,NLVIEGPTTCGYLPT,25,0.188889,0.23760117804666497
18984,NMVVERLGDYLVEQG,25,0.5518310000000001,0.42709899230881326
18985,NNRIWLQFAKLTGFT,25,0.6468,0.7834196799586278
18986,NNVVQALTSLGLLYT,25,0.801978,0.7611572402763856
18987,NPLIRHENRMVLAST,25,0.8984629999999999,0.8481290608401655
18988,NPRQAYANYRDIDLG,25,0.384226,0.5617591519012858
18989,NPTDTGHGTVVMQVK,25,0.02141,0.30446261105308176
18990,NRIMADGGSIQNTNL,25,0.123607,0.24346034361292748
18991,NRKELLVTFKNAHAK,25,0.9884959999999999,0.8334496676689264
18992,NSFYYMKGGVNTFLI,25,0.49505200000000005,0.8430761028997272
18993,NSLVYGASDSNVYDL,25,0.242153,0.5994350975461907
18994,NSVIQALTSLGLLYT,25,0.9789209999999999,0.8168070823639598
18995,NSVVQALTSLGLLYT,25,0.984352,0.7611572402763856
18996,NVNLQKQLLTNHLIN,25,0.223625,0.6445997045828465
18997,NVSHIQSAVVCGRRH,25,0.321207,0.5205997743404824
18998,NYLALLVKFVAGDGD,25,0.404907,0.7168875852686892
18999,PAAAYATATPAAATA,25,0.322343,0.06822276741918762
19000,PAGVCPTIGVGGNFA,25,0.159926,0.15815667619077334
19001,PALFFTFLANLNLTE,25,0.7802,0.6671734069309837
19002,PALLALLALPALLLL,25,0.5579649999999999,0.31439632868128736
19003,PASWKNNRIWLQFAK,25,0.572616,0.7753114725721185
19004,PCKGDSVTIKLDGNL,25,0.150513,0.17447888690608815
19005,PCRAGFETNVSHNVQ,25,0.329385,0.4637110731431678
19006,PDLPYDYGALEPAIS,25,0.269483,0.3642236511641546
19007,PEGLLWLLLTGKVPT,25,0.36381199999999997,0.8533457174064938
19008,PENAKEKPQEGTVVA,25,0.0,0.06180435933046297
19009,PEQIQLLKKAFDAFD,25,0.5315479999999999,0.658426276539957
19010,PEVKYAVFEAALTKA,25,0.804235,0.8487920461117116
19011,PGFIILALFLAHYIG,25,0.496504,0.9139946480206176
19012,PGFTILALFLAHYIG,25,0.47349300000000005,0.917629189318493
19013,PGTFQTTTGEIGAIA,25,0.258789,0.23309445630822115
19014,PIEHIASMRRNYFTA,25,0.178859,0.8749687849537898
19015,PIIIDQKYCPNKICT,25,0.691322,0.43230987993870995
19016,PIYIVTPTNASHIQS,25,0.301644,0.7328636371505686
19017,PKDSDEFIPMKSSWG,25,0.39707600000000004,0.47725462965235327
19018,PKGGAESSSKAALTS,25,0.297928,0.22799133110424846
19019,PLYKLVHVFINTQYA,25,0.730514,0.8646263787837933
19020,PPDAASAAPLRTITA,25,0.33969,0.5803833300235822
19021,PPPPQLGASPYKLGP,25,0.242981,0.5120057135721003
19022,PQVKYAVFEAALTKA,25,0.193324,0.8653270240904576
19023,PSGLVIPENAKEKPQ,25,0.0,0.3017068389409669
19024,PSMGRDIKVQFQSGG,25,0.44334799999999996,0.4661274674092254
19025,PSPSMGRDIKVQFQS,25,0.418459,0.4262876838373314
19026,PTHRHLKGEACPLPH,25,0.33566799999999997,0.17589203168501302
19027,PTLAFPAGVCPTIGV,25,0.371254,0.38280317958335286
19028,PVGEIYKRWIILGLN,25,0.39423800000000003,0.8931771543948788
19029,PVGEIYKRWIIMGLN,25,0.46743599999999996,0.8656092362432287
19030,PYGATISATPEWATP,25,0.16531300000000002,0.1849706469563677
19031,QAGGKLCPNNLCCSQ,25,0.12731800000000001,0.29638624186360585
19032,QASVNGVTLIGESVK,25,0.27534899999999995,0.49188265116305885
19033,QCAMRPNHTIKGSFL,25,0.26343,0.3304662775408935
19034,QDHQEEICEVVLAKS,25,0.25293899999999997,0.2776632045636215
19035,QDVLLFTPASTEPQS,25,0.421393,0.6795429154714866
19036,QEVFKAIQSLKTTEV,25,1.0,0.6710642875180249
19037,QFKRASPILRFLYAN,25,0.690284,0.9023839343922493
19038,QFRRVKCKYPEGTKV,25,0.24489699999999998,0.4883646060811475
19039,QGEPGAVIRGKKGAG,25,0.388369,0.4604107355119191
19040,QGEPGRVIRGKKGAG,25,0.577001,0.40021601965253434
19041,QHLCGSHLVEALYLV,25,0.571643,0.7383226426234849
19042,QHNHRPGYHTQTAGP,25,0.0,0.3995374599822782
19043,QIHQYIMALREEYFD,25,0.839835,0.8232539208521819
19044,QIRMAKLLGRDPEQS,25,0.223188,0.6387730967440888
19045,QKLIEDINASFRAAM,25,0.181782,0.6676530857050351
19046,QKQLLTNHLINTPKI,25,0.423073,0.7539731492658784
19047,QKRTLSLLQYARYPI,25,0.697541,0.8901326076862055
19048,QKYCPNKICTSKGDS,25,0.368834,0.36606836497612216
19049,QLSALWARFPLPVIP,25,0.573195,0.900269692032373
19050,QLYSKFLLKAEPLAF,25,0.8168449999999999,0.7909347210827898
19051,QMWSLMYFHRRDLRL,25,0.501899,0.8884137547991092
19052,QPCNGVTMNDVKIEY,25,0.202096,0.3276754758795712
19053,QPNLKALREKVLGLP,25,0.343005,0.7305103262289165
19054,QTYVTQQLIRAAEIR,25,0.435008,0.6188100599516264
19055,QVHFQPLPPAVVKLS,25,0.222559,0.647250720555029
19056,QVPSASMGRDIKVQF,25,0.428762,0.44417199556101106
19057,QVTIAGAKLRSLNLG,25,0.780986,0.7735298860672591
19058,QYENLKYTVIITVHT,25,0.531862,0.7603012372459429
19059,RADITTVSTFIDLNI,25,0.9359370000000001,0.41898335152078364
19060,RAMFVEDIAMGYVVS,25,0.771612,0.7212443688984315
19061,RCALHWFPGSHLLAC,25,0.624121,0.7901565932800936
19062,RCALHWFPGSHLLHV,25,0.764609,0.8348842276701319
19063,RDCLIAHGAANTITE,25,0.5985050000000001,0.46193706319187006
19064,REQFLGALDLAKKRV,25,0.0,0.5831904698499653
19065,RFFVWGDEVPLLTKF,25,0.490676,0.6135693980474103
19066,RFTISRDNSKNTLYL,25,0.435796,0.3614729606696237
19067,RGLLRRARGGPHHRR,25,0.48321000000000003,0.5881344131341482
19068,RIDTPDKLTGPFTVR,25,0.161025,0.2621835762199591
19069,RIIAGTLEVHAVKPA,25,0.327625,0.6255042995942763
19070,RIPVDVSEGDIVIYS,25,0.7560899999999999,0.25824635582153066
19071,RKELLVTFKNAHAKK,25,0.846786,0.8313593876705864
19072,RKHIEWNCDVCRHGD,25,0.287194,0.2335031435315601
19073,RLATAIAGAWENGVC,25,0.157005,0.31862987958159045
19074,RLEFDEFVTLAAKFI,25,0.387678,0.59259234836698
19075,RLKGESRKTFVELMR,25,0.264544,0.45476506970229724
19076,RLMSMKSVQNNTVLK,25,0.137363,0.6804327643035194
19077,RMAMTDTTPFGQQRV,25,0.126781,0.176379423579597
19078,RMFSSTLRAAVPWYA,25,0.622363,0.8275747297682702
19079,RMVLASTTAKAMEQM,25,0.170594,0.6223976896087762
19080,RNFQKVNPEGLIKEF,25,0.24709899999999999,0.5509026873308306
19081,RNTLLFLDLIILNFV,25,0.42162299999999997,0.5476929594944835
19082,RPGVSKKFLSLLTSS,25,0.723284,0.8670331334313859
19083,RPMFLYVRTNGTSKI,25,0.591596,0.906741682826191
19084,RQGIFQTVGSGLDHI,25,0.296769,0.3946151502547231
19085,RQKIIYSGAVNLDDE,25,0.7378239999999999,0.8424862239091772
19086,RREVHIYYLEKANKI,25,0.8718739999999999,0.7933528786370703
19087,RRRVMIQSSGGKLRL,25,0.8844,0.6900006106917173
19088,RSRPRRTTRRMDRRT,25,0.489504,0.26278200912508554
19089,RTATNIWIDHNSFSN,25,0.45733,0.5970572852295434
19090,RTITADTFRKLFRVY,25,0.671403,0.7435664954529028
19091,RVIRGKKGAGGITIK,25,0.396719,0.4355635563556658
19092,RVWEQIFSTWLLKPG,25,0.544542,0.8455793191701834
19093,RVYCDPCRAGFETNV,25,0.11016500000000001,0.10602681631316009
19094,SAAPLRTITADTFRK,25,0.375717,0.41191986102164796
19095,SADEVQRMMAEIDTD,25,0.121496,0.35314006975193035
19096,SAIRAAPEAARSLAS,25,0.625388,0.3993984547254017
19097,SCLDGKLCLMKAQPT,25,0.274638,0.41618872744058055
19098,SDDQISIMKLPLSTK,25,0.5598069999999999,0.7866927590497242
19099,SDLLTNSVIIMAYVT,25,0.9014110000000001,0.8706100457740225
19100,SEGDIVIYSKYGGTE,25,0.541317,0.6926080676119066
19101,SFGIVVAWQVKLLPV,25,0.8202360000000001,0.8170223236769372
19102,SFLQNPQTSLCFSES,25,0.188379,0.32898656417086675
19103,SFSCIAIGIITLYLG,25,0.677475,0.7425590146436748
19104,SFVMMSAPPAEYKLQ,25,0.597793,0.693537003217371
19105,SGKLFMHVTLGSDVE,25,0.262334,0.7294715075585981
19106,SGRVTRDSRRLRRIC,25,0.871042,0.2367522249032057
19107,SGTVDFDEFMEMMTG,25,0.126076,0.22683933241814433
19108,SHIQSAVVCGRRHGV,25,0.19835899999999998,0.3682545587939685
19109,SIAQHLVSDRPIMRY,25,0.691102,0.7102431627019812
19110,SLIYRRRLMKQDFSV,25,0.148971,0.8245402500330304
19111,SLKLYRDSLGEAVMR,25,0.727865,0.6402754421483414
19112,SNEIKIVATPDGGSI,25,0.401377,0.2479335368199207
19113,SPILRFLYANVGEEA,25,0.8601530000000001,0.8659486148649803
19114,SQAWQPGVAMPNLYK,25,0.32907600000000004,0.5103369069272616
19115,SRAEVSYVHVNGAKF,25,0.48589099999999996,0.8232115383249718
19116,SRCYSIYLSINGVLE,25,0.81614,0.8971987683292507
19117,SRFFVMGEETPLLTK,25,0.376221,0.5013551000202623
19118,SRSFLKHSLLRTQRL,25,0.442191,0.8330255292135276
19119,SSAGGFFTSVGKGIH,25,0.04905,0.6121572858846014
19120,SSILTDSQTATKRIR,25,0.408911,0.30057502883128995
19121,SSKAATAKAPGLVPK,25,0.221239,0.3938661813258496
19122,SSTVKLRQNEFGPAR,25,0.531212,0.39396709831370813
19123,SSYAATEVANAAAAS,25,0.497384,0.4714548478392138
19124,SSYAATEVANAAAGQ,25,0.420513,0.37896766938733945
19125,STVVASVTIIDRSLP,25,0.42566800000000005,0.4126131362058921
19126,STWLLKPGAGIMIFD,25,0.425882,0.8212937538606212
19127,SVLLVVALFAVFLGS,25,0.096228,0.2186914454104165
19128,SVRIRVRSGGHDYEG,25,0.19536900000000001,0.43643482037795195
19129,SVTIKLDGNLLSSND,25,0.598113,0.6831196122196114
19130,SVYLSDNGVMSEQGS,25,0.377938,0.5802669387064734
19131,SWKLEKASLIEVKTC,25,0.24585300000000002,0.6393481686461242
19132,SYIAEMETESWIVDR,25,0.073586,0.4221691749352643
19133,SYVHVNGAKFIDTQN,25,0.402805,0.672331871827348
19134,TAAINKGILVTVNPI,25,0.25414899999999996,0.7286634767465553
19135,TAAVELARALVRAVA,25,0.575162,0.480186578978131
19136,TAKAPGLVPKLDAAY,25,0.302633,0.3288739124208818
19137,TANVPPADKYKTLEA,25,0.0,0.2906641414226923
19138,TATSASAGWDTVLQS,25,0.138188,0.26439956538881215
19139,TCVLGKLSQELHKLQ,25,0.297084,0.533065342066275
19140,TDALRTLGSTSADEV,25,0.282045,0.42178972151246286
19141,TDFAGKTVWFVPSIK,25,0.270137,0.6211300608535819
19142,TDKMFFVKNPTDTGH,25,0.184777,0.5991296892503478
19143,TDTTPFGQQRVFKEK,25,0.157754,0.39951965372466913
19144,TFYGSNPRGAAPDDH,25,0.217599,0.3918269864572461
19145,THMMIWHSNLNDATY,25,0.218935,0.7417354311346559
19146,THMMIWHSNLNDTTY,25,0.220061,0.7644975171623686
19147,TIAAMMTSPLSVASM,25,0.663077,0.6376061219174017
19148,TISNNLFFNHHKVML,25,0.47993,0.8511775393485788
19149,TKFFYLLGLSAIMQV,25,0.38412199999999996,0.8861052725136764
19150,TKKFDEVVKANGGYL,25,0.520556,0.582768012624914
19151,TKVIMGAVLIWVGIN,25,0.132766,0.6691867433334283
19152,TKVTFHVVGVGPLLH,25,0.566318,0.5547029173686135
19153,TLELLYADTVAFCFR,25,0.620323,0.6508296256003224
19154,TLGSTSADEVQRMMA,25,0.106077,0.19881513943103785
19155,TLSYYKLGASQRVGT,25,0.442213,0.8826492543527581
19156,TNFKYNYSVIEGGPI,25,0.347953,0.8042695766671677
19157,TPLTLVDICFWSTLF,25,0.038737,0.4846905577770575
19158,TPTNASHIQSAVVCG,25,0.096597,0.5016126944800566
19159,TQKVVIFVLLMLVTP,25,0.357993,0.2778848308375919
19160,TQTMKGVERLAVMGD,25,0.032535,0.5486538559747223
19161,TRKYLPAIVREAIKR,25,0.249229,0.8429010892952699
19162,TRSAYERMCNILKGK,25,0.236354,0.641448245464234
19163,TSALIWMASPPEVHS,25,0.45410200000000006,0.6793941319873118
19164,TSSDDQITLIKTPSL,25,0.760177,0.39032512946576137
19165,TTEMLSRALKKVPVD,25,0.577574,0.7401883493242852
19166,TTRLYANASIGLFGA,25,0.47921400000000003,0.8470593013335241
19167,TTRQYANASIGLFGA,25,0.133452,0.745825672852109
19168,TVAAAPQVKYAVFEA,25,0.131403,0.6100112569391721
19169,TVGTKTFLVHREWFM,25,0.546241,0.6789273230017877
19170,TVLAFPAGVCPTIGV,25,0.538308,0.3789597356609555
19171,TVSTFIDLNITMLED,25,0.820152,0.5829528584215905
19172,TWQGGSGMASHIIYE,25,0.332171,0.6440460135132522
19173,TYSQLMTLKDAKMLQ,25,0.187532,0.7769319321019598
19174,VAPIEHIASMRRNYF,25,0.538768,0.8643566450280192
19175,VATLSEALRIIAGTL,25,0.344215,0.7913485392858535
19176,VAYFNMVYMPASWVM,25,0.784011,0.8911219004600404
19177,VDGRGNYNTDLLPDW,25,0.06984800000000001,0.26556946816085786
19178,VDIKPKDSDEFIPMK,25,0.4497,0.18623457069271435
19179,VDLAKSLRIAAKIYS,25,0.422013,0.9104855033266868
19180,VDVSEGDIVIYSKYG,25,0.290087,0.5110622811066061
19181,VEALYLVCGERGFFY,25,0.519538,0.5169551113123242
19182,VEDEARRMWASAQNI,25,0.24886999999999998,0.38996039153712453
19183,VEKSQLLNEFNNLYA,25,0.34939899999999996,0.6644309351159576
19184,VFGNCEGVKIIGISI,25,0.469921,0.3199057785086905
19185,VFGSAFQGLFGGLNW,25,0.041998,0.5882249407796578
19186,VFHTLWHTTKGAALM,25,0.014753,0.7124073449044571
19187,VGNVAWMHVLAAKYI,25,0.448876,0.8442306856596441
19188,VGQQAVEVWQGLALL,25,0.7703369999999999,0.4427520836420169
19189,VHAQTVEDEARRMWA,25,0.039583999999999994,0.12081793970457423
19190,VIGVAFLAVFQSATK,25,0.531095,0.744166443570974
19191,VIPANWKPDTVYTSK,25,0.179589,0.3539662422894195
19192,VKGDPVGILYAVFKA,25,0.703939,0.5982085050859285
19193,VKIEYSGTNNKTMAV,25,0.397158,0.5352520119346813
19194,VKPLYIITPTNVSHI,25,0.546038,0.7256218486317797
19195,VKQNTLKLATGMRNV,25,0.463826,0.6020568103502547
19196,VLDILTANKLIRQKL,25,0.311996,0.8458876037055334
19197,VLRTKLMTSRRVLER,25,0.416572,0.763489855969086
19198,VNFYAWKRMEVGQQA,25,0.345175,0.7181898224951271
19199,VNMISRMLINRFTMR,25,0.679403,0.9218142112232516
19200,VNYWFAPGAAAAPLS,25,0.47900200000000004,0.5534471461970759
19201,VPFVQWFVGLSPTVW,25,0.510312,0.7456023932164563
19202,VPKKKKDKDIPQSSE,25,0.0,0.149196951705887
19203,VPPADKYKTFEAAFT,25,0.40017600000000003,0.4726650361514027
19204,VQNTVEDLKLNTLGR,25,0.262297,0.30651481440474426
19205,VRILRRVHHRKYLTD,25,0.548358,0.8126243590544152
19206,VRSGGHDYEGLSYRS,25,0.29480300000000004,0.2233955561145799
19207,VSEALRIIAGTLEVH,25,0.323126,0.8148604837790928
19208,VSIISILKGVINIWG,25,0.7660520000000001,0.7817694709120927
19209,VSSVNMISRMLINRF,25,0.778558,0.8635517026560341
19210,VSVDCSEYPKPDCTA,25,0.0,0.10461947509992381
19211,VSWVMKIGIGVLLTW,25,0.618943,0.6629138202614605
19212,VTMNDVKIEYSGTNN,25,0.37888499999999997,0.5010688924751471
19213,VTVDAAVLAAIDADA,25,0.320142,0.16467094526184234
19214,VVLGLATSPTAEGGK,25,0.165747,0.519595749846268
19215,VVSRLLIPVPFDPPA,25,0.37396,0.6315634717937916
19216,VWRIDTPDKLTGPFT,25,0.131154,0.2826439397356647
19217,WAVKPKAVRQIEDQL,25,0.20102799999999998,0.478539996074064
19218,WEQIFSTWLLKPGAG,25,0.450355,0.7976655641470508
19219,WFIISIVQMAPVSAM,25,0.58448,0.7746987190847929
19220,WGAIWRIDTPDKLTG,25,0.394054,0.5119077355773817
19221,WGAIWRIDTPEVLKG,25,0.722427,0.5801493687271841
19222,WIELKESWGAVWRID,25,0.428386,0.8430867570575962
19223,WKPDTVYTSKLQFGA,25,0.263225,0.6557977607426145
19224,WKRMEVGQQAVEVWQ,25,0.306623,0.18528618447747486
19225,WNRKELLVTFKNAHA,25,0.9713959999999999,0.8120778185470339
19226,WPKSHTLWSNGVLES,25,0.23065700000000003,0.7318360238660888
19227,WQKGEEVQVIAVEPG,25,0.22193600000000002,0.1812350577227027
19228,YANYRDIDLGRNEVV,25,0.344823,0.44623529828317704
19229,YEALIKLLPFSKRIR,25,0.668799,0.915695340103479
19230,YEYKVQQAMSNLVLG,25,0.177957,0.8200947394325567
19231,YFNMVYMPASWVMRI,25,0.861632,0.903218600614348
19232,YGFVANFSMELPSFG,25,0.7381449999999999,0.7790134569933026
19233,YGIAAENVIDVKLVD,25,0.45547,0.6437238222583151
19234,YKDVDKPPFSGMTGC,25,0.344199,0.19615639316285086
19235,YKKLRTSSFALNLPT,25,0.736783,0.8166344939373761
19236,YLAILVKYVDGDGDV,25,0.610173,0.7051551114620414
19237,YLEEHPSAGKDPKKT,25,0.0,0.10313562158835125
19238,YLVCGERGFFYTPKT,25,0.14288599999999999,0.35940502468921887
19239,YNFATCGLIGLVTFL,25,0.15129,0.6314440484820284
19240,YPFIEQEGPEFFDQE,25,0.158835,0.15877392868197304
19241,YRKILRQRKIDRLID,25,0.5478109999999999,0.8145773845198943
19242,YTTEGGTKGEAKDVI,25,0.083682,0.04086285279566239
19243,YVVSSFDNIKVFLEG,25,0.179625,0.5686103392150196
19244,YWTIVKPGDILLINS,25,0.580857,0.7106272417876685
19245,ALWNLHGQALFLGIVL,25,0.642211,0.7797845152788838
19246,CSAVPVHWVPTSRTTW,25,0.48236,0.3836311156038857
19247,CYGGHTNEDDSNFAHW,25,0.0,0.09699765995857945
19248,DKLKQQRDTLSTQKET,25,0.20138499999999998,0.09608631456541143
19249,EEDKENALSLLDKIYT,25,0.35433200000000004,0.537619910209254
19250,EGELHGRQIRMAKLLG,25,0.285025,0.7428207353583585
19251,EPQGSTYAASSATSVD,25,0.0,0.7494575834399249
19252,FRNVLSIAPIMFSNKM,25,0.618556,0.8848691286051881
19253,GKWYLKAMTADQEVPE,25,0.543255,0.5924515933174861
19254,GVINIMYMHDSDDVLF,25,0.462754,0.7481758675551994
19255,HGRQIKMAKLLGRDPE,25,0.13327999999999998,0.6203642377357262
19256,HGRQIRMAKLLGRDPE,25,0.20138599999999998,0.5576295869295385
19257,HGRQIRMAKLLTRDPE,25,0.218689,0.6191102133396625
19258,KFDSQLAHRHMARELH,25,0.357982,0.5125115214542747
19259,KGLMNIALAISAQQVN,25,0.579588,0.7859955698079
19260,LAAIIFLFGPPTALRS,25,0.9271280000000001,0.7675498789514542
19261,LKAMTADQEVPEKPDS,25,0.0,0.08633423860411543
19262,LNKIVRMYSPVSILDI,25,0.60488,0.9434765777435814
19263,LWWSTMYLTHHYFVDL,25,0.0,0.7310672993342322
19264,MAKLLGRDPEQSQEAL,25,0.0,0.2532545244861434
19265,MVSRLLLNRFTMTHRR,25,0.470825,0.8778980608183253
19266,QPEWFRNVLSIAPIMF,25,0.39153899999999997,0.8831318234335602
19267,RQIRMAKLLGRDPEQS,25,0.23448200000000002,0.592355898743866
19268,SAEVEEHRTIRVLEMV,25,0.208033,0.4139841441750296
19269,SPEVIPMFSALSEGAT,25,0.733881,0.7355626756631073
19270,SSIIFGAFPSLHSGCC,25,0.48677700000000007,0.818487887263152
19271,WHTTKGAALMSGEGRL,25,0.0,0.31062023925880783
19272,AIQQVRSLIGNEEFLDY,25,0.5380189999999999,0.4795172161577419
19273,CVDAKMTEEDKENALSL,25,0.138647,0.12196750525434906
19274,EHREVLWKFDSQLAHRH,25,0.689585,0.6749754607415454
19275,FERQYKELQTQAEDDRR,25,0.205686,0.34027592298141923
19276,GAVSFWMCSNGSLQFRI,25,0.405744,0.5020185079732976
19277,IGNTVTPTVTFTMDGDK,25,0.0,0.3746415920703629
19278,KIPGGAMYADDTAGWDT,25,0.11066500000000001,0.18841559287176796
19279,LTYQNKVVKVQRPTPKG,25,0.524629,0.8500357471512772
19280,MVTQMAMTDTTPFGQQR,25,0.288609,0.5056270963147004
19281,NEDDSNFAHWTEARIML,25,0.419278,0.6957205800501439
19282,PETPNMDVIGERIKRIK,25,0.306229,0.5344359602797693
19283,PTPKGTVMDIISRKDQR,25,0.21895100000000003,0.2894449898661489
19284,PWDVVPMVTQMAMTDTT,25,0.666664,0.4805182747823027
19285,RLNDTWKLERAVLGEVK,25,0.0,0.5622029517430751
19286,TESTFKNISCTFKFGEE,25,0.452937,0.5589357400566072
19287,TLSIGYHANNSTDTEDT,25,0.11898199999999999,0.7205526997490653
19288,VVKVQRPTPKGTVMDII,25,0.323709,0.3141273912271729
19289,WLGARYLEFEALGFLNE,25,0.461764,0.45883842055040663
19290,YAHAAHAAHAAHAAHAA,25,0.14289200000000002,0.102636530873502
19291,YLGKREDQWCGSLIGLT,25,0.263208,0.35111082997895665
19292,DTPYLDITYHFVMQRLPL,25,0.603838,0.5595641921307745
19293,EGRVEIDFDYCPGTTVTL,25,0.0,0.1935348915415761
19294,GAGVMVEGVFHTLWHTTK,25,0.164279,0.361116679886862
19295,GFYTTGAVRQIFGDYKTT,25,0.131899,0.49118650742353703
19296,GKLITDWCCRSCTLPPLR,25,0.19073199999999998,0.1869886739090642
19297,GWLSCLSITWTLIKNMEK,25,0.197831,0.524855473351847
19298,IDPFQLGLLVVFLATQEV,25,0.11119200000000001,0.5629702326599049
19299,LRAEQASQEVKNWMTETL,25,0.375748,0.14297591598390355
19300,MATFKIQPVFMVASFLKA,25,0.714407,0.550365853859856
19301,MSSFLGKWKLSESHNFDA,25,0.0,0.580312273991475
19302,NVTENFNMWKNNMVEQMH,25,0.510947,0.2806186225541853
19303,PAEILRKSRRFAQALPVW,25,0.427781,0.7347458772586982
19304,PKSGHDTVSWYQQALGQG,25,0.510312,0.31666170955385053
19305,PVGDIYKRWIILGLNKIV,25,0.485282,0.769761228357656
19306,PVGEIYKRWIILGLNKIV,25,0.542509,0.7785150896092538
19307,REDQRGSGQVVTYALNTF,25,0.45236899999999997,0.5893021455031138
19308,SCIAIGIITLYLGAVVQA,25,0.285721,0.7213171991093291
19309,SELYLYKVVKIEPLGVAP,25,0.818593,0.7601621978096729
19310,SVLSVKLAGNSSLCSTSG,25,0.386927,0.4632008907208185
19311,VPPVVRWLNEQRYYGGGY,25,0.0,0.37777205443859
19312,WIILGLNKIVRMYSPISI,25,0.8945219999999999,0.8542880102997653
19313,WIILGLNKIVRMYSPTSI,25,1.0,0.8480414052628237
19314,WIILGLNKIVRMYSPVSI,25,1.0,0.8427204130999437
19315,WVKVVEEKGFNPEVIPMF,25,0.123297,0.452028248973662
19316,YAQMWLLLYFHRRDLRLM,25,0.157659,0.6725982019353605
19317,YFHRRDLRLMANAICSAV,25,0.43378199999999995,0.5987740470775452
19318,YKTTICGKGLSATVTGGQ,25,0.0,0.16910046954388214
19319,YVDRFFKTLRAEQASQDV,25,0.478971,0.7832707062654591
19320,YVDRFYKTLRAEQASQEV,25,0.49139399999999994,0.7449115901311683
19321,GEIYKRWIILGLNKIVRMY,25,0.740185,0.9079645405450592
19322,GLFNPMILAAGLIACDPNR,25,0.34812,0.808812841513512
19323,LGVLLLIGCWYCRRRNGYR,25,0.376188,0.5659122349799587
19324,LPPWFPPMVEGAAAEGDDG,25,0.0,0.3828188710773718
19325,WEALKYLWNLLQYWGQELK,25,0.341287,0.7469511772954825
19326,YEKVRSQLKNNAKEIGNGC,25,0.0,0.5330117660914065
19327,PKPPKPVSKMRMATPLLMQA,25,0.0,0.8248280585103904
19328,AALLVVAVGLRVVCAKYALA,25,0.578376,0.5483202031591305
19329,AEFQMTFHLFIAAFVGAAAT,25,0.0,0.8548979958065659
19330,AVDDYAGYLLDKNQSDLVTN,25,1.0,0.5544150341988471
19331,AVPVYIYFNTWTTCQSIAFP,25,0.139941,0.6714782884459519
19332,CADARMYGVLPWNAFPGKVC,25,0.231154,0.658567260334102
19333,CPRYVKQLTKLATGMRNVPE,25,0.006291,0.7229087063570768
19334,EAKYDAYVATLSEALRIIAG,25,0.6827840000000001,0.7640631955216755
19335,EIMKHIVKIEVKGEEAVKKE,25,0.464309,0.539779352459667
19336,EQYTHQDEIYEQVHSKGLYV,25,0.762939,0.642024609152795
19337,EYIRIDAKVVPKSKIDTKIQ,25,0.533275,0.8043913963024415
19338,FEERDAVLLGGSSDNEFVKL,25,0.0,0.44254958689373675
19339,FFTELDGVRLHRFAPPCKPL,25,0.6040409999999999,0.6275168902821386
19340,FGDYKTTICGKGLSATVTGG,25,0.28869,0.5384985921576404
19341,GFGMLLRKYGIAAENVIDVK,25,0.625344,0.8128786124954549
19342,GSNLLSICKTAEFQMTFHLF,25,0.35275300000000004,0.6309763720995931
19343,GSSDNEFVKLAWRREHKDLD,25,0.0,0.7744670007899837
19344,HAPAAPANPGLIIGALAGST,25,0.23783400000000002,0.7231125132480738
19345,HIDLLVGSATLCSALYVGDL,25,0.46524899999999997,0.5198718403198292
19346,IAAFVGAAATLVSLLTFMIA,25,0.218531,0.53738643782786
19347,IEPIVATNWQKLEAFWHKHM,25,0.636663,0.8502573618535073
19348,ITRVESENKVVILDSFDPLV,25,0.47847,0.6024904332166287
19349,KDKWIELKESWGAIWRIDTP,25,0.649392,0.828843525647575
19350,KELLNRIQVDSSNPLSEKEK,25,1.0,0.8510872084095815
19351,KGLSATVTGGQKGRGYRGQH,25,0.263158,0.522410988986593
19352,KIIGGIGGFVKVRQYDQIPI,25,0.837442,0.9526800047020284
19353,KMIGGIGGFVKVRQYDQIPI,25,0.7621399999999999,0.861231992789955
19354,KRWIILGLNKIVRMYSPTSI,25,0.8258549999999999,0.9474500043296176
19355,LIIGALAGSTLAALVIGGIA,25,0.312446,0.823227728123413
19356,LTTSQTLLFNILGGWVAAQL,25,0.73622,0.947227944206374
19357,LVGAPFASLVATGLCFFGVA,25,0.195962,0.4996781432450924
19358,LYGALLLAEGFYTTGAVRQI,25,0.543277,0.6826142995499732
19359,LYKYKVVKIEPLGVAPTKAK,25,0.485858,0.8612328769632709
19360,MGLLECCARCLVGAPFASLV,25,0.0,0.7747353363762383
19361,MYVGGVEHRLEAACNWTRGE,25,0.381448,0.4202641316822709
19362,PAEILRKSRRFAQALPVWAR,25,0.678038,0.7625914603349655
19363,PEAFNYMDKFNEQEINLSLE,25,0.43273100000000003,0.5471761713717181
19364,PELVPEDPEDSALLEDPAGT,25,0.530782,0.05433684997273401
19365,PHHTALRQAILCWGELMTLA,25,0.8023680000000001,0.6011311643037262
19366,PWNAFPGKVCGSNLLSICKT,25,0.330464,0.5675531949345933
19367,QHRDVLQLYAPEAFNYMDKF,25,1.0,0.6141522641056543
19368,RNKTQEEHLKEIMKHIVKIE,25,0.0,0.7091593855031334
19369,SEGFIHEFGHAVDDYAGYLL,25,0.93971,0.6107985740498655
19370,SKKFIDIFKEEGSNLTSYGR,25,1.0,0.7430723115575321
19371,VATLSEALRIIAGTLEVHAV,25,0.6436189999999999,0.8594242621962256
19372,VENTEKALNVYYEIGKILSR,25,1.0,0.8357234513244951
19373,VHFQPLPPAVVKLSDALIAT,25,0.295813,0.6441668470155488
19374,WGAIWRIDTPDKLTGPFTVR,25,0.550524,0.6341427295209159
19375,YIITPTNVSHIQSAVVSGRR,25,0.217401,0.6390779644517485
19376,YYEIGKILSRDILSKINQPY,25,0.6523770000000001,0.8235259495328336
19377,CPKYVRSAKLRMVTGLRNIPS,25,0.0,0.7095086831569041
19378,FYYTTGAVRQIFGDYKTTICG,25,0.714316,0.7818949286073299
19379,GYTIPTCRKLDELGSKGLWAD,25,0.34533,0.41899379658825125
19380,LENGKLILQRNIGLEIKDVQI,25,0.93971,0.9454460934393477
19381,STRLRMVTGLRNVPSIQSKGL,25,0.5015029999999999,0.796571350270572
19382,VLVMLVLLILAYRRRWRRLTV,25,0.395456,0.8072692034118788
19383,VVWLLVFAACSAVPVYIYFNT,25,0.0,0.7930579071826837
19384,AAILRRHIDLLVGSATLCSALY,25,0.0,0.4866526259583881
19385,WARMILMTHFFSVLIARDQLEQ,25,0.0,0.49847941805193885
19386,KNLYEKVKSQLKNNAKEEIGNGC,25,0.039361,0.6085270269721262
19387,AARVTQILSSLTITQLLKRLHQWI,25,0.0,0.9333063415761181
19388,GKQLYNVEATSYALLALLQLKDFD,25,0.0,0.4728395085128514
19389,LPKPPKPVSKMRMATPLLMQALPM,25,0.7560899999999999,0.6578756685300335
19390,PQCRLTPLSRLPFGMAPGPGPQPG,25,0.272507,0.5147234571615685
19391,IVTTSTNDWVVTCGYTIPTCRKLDE,25,0.316633,0.3659641692140988
19392,KTSLYNLRRGTALAIPQCRLTPLSRL,25,0.706274,0.7073960949479311
19393,IGLEIKDVQIIKQSEKEYIRIDAKVVP,25,1.0,0.8173970478704804
19394,ITQFILEHRAKGSCKYALPLRIPPSACLSPQ,25,0.599739,0.9061902452212172
19395,EDNLGFLMHAPAFETAGTYLRLVKINDWTEITQF,25,0.671403,0.9914218811462268
19396,VGSDWRFLRGYHQYAYDG,26,0.466873,0.5289145524674405
19397,FEERDAVLLGGSSDNEFVKL,26,0.0,0.46347465791114123
19398,GSSDNEFVKLAWRREHKDLD,26,0.111473,0.7792791287240405
19400,SPEVIPMFSALSE,28,0.8130109999999999,0.39357812172129003
19401,NTSYRLISCNTSVI,28,0.63194,0.3640291198631475
19402,AAAGLAAAAPLESRQ,28,0.365703,0.5043448597875491
19403,AAGAQLLWQLPLLSI,28,0.36324,0.6846802668105132
19404,AAGVAAWSLIALMIP,28,0.227385,0.7993563668523922
19405,AALPLLFFALAGQRI,28,0.949343,0.7775284829772898
19406,AAPLSWSKDIYNYME,28,0.157677,0.6589408705274564
19407,AASGADGTYDITKLG,28,0.0,0.18392462561743247
19408,AELMILIATNLLGQN,28,0.181308,0.7160001143312665
19409,AFMLAWNYGVPRVMS,28,0.794829,0.8876785909800815
19410,AGALEVHAVKPVTEE,28,0.096201,0.3481880578916395
19411,AKPDGKTDCTKEVEE,28,0.0,0.058992271544542604
19412,ALKESWGAIWRIDTP,28,0.351052,0.8648028279155054
19413,ALLPRAGAAAAAALP,28,0.266252,0.4277543057326651
19414,ALQSHDDVALVSVMW,28,0.265069,0.5626844180018565
19415,ALRVIAGALEVHAVK,28,0.48628599999999994,0.6872433856118937
19416,ALTKAITAMSEVQKV,28,0.45091099999999995,0.6280399680670647
19417,APGAAAAPLSWSKDI,28,0.169297,0.5735174634180012
19418,AQAVYDFRSIVDYLR,28,0.40309,0.6935672457689671
19419,AQIYQAVSAQAAAIH,28,0.776663,0.779921043754283
19420,ASAAILGHDGTVWAQ,28,0.2052,0.20799887899158936
19421,ATPPPPPPPQLGASP,28,0.0,0.03172324688178216
19422,ATSPTAEGGKATTEE,28,0.138888,0.05529073865210407
19423,ATTANVPPADKYKTF,28,0.197082,0.27648989276273167
19424,AVFEAALTKAITAMS,28,0.5258970000000001,0.698794896394241
19425,AVHVWLRLPAGRVEI,28,0.402754,0.6996563845630487
19426,AVIRGKKGAGGITIK,28,0.189373,0.3740066186946973
19427,AVMLTFDNAGMWNVR,28,0.399258,0.782668979686611
19428,AWASACGGTGKNTIV,28,0.154872,0.09476649571655658
19429,AYGSFVRTVSLPVGA,28,1.0,0.9149166616544516
19430,AYVATVSEALRIIAG,28,0.6227239999999999,0.7473473988882837
19431,CDASILIDPLSNQSA,28,0.465722,0.5036400815720542
19432,CGGTGKNTIVIPKGD,28,0.0,0.24334459421707577
19433,DEARRMWASAQNISG,28,0.580321,0.6636746722911789
19434,DESWQQFRQELIPLL,28,0.49634399999999995,0.6693012191366489
19435,DGQGKAVWGKNSCAK,28,0.077125,0.37012653562152226
19436,DIDLGRNEVVNDVST,28,0.255629,0.43942525332501
19437,DIKVQFQSGGNNSPA,28,0.19784000000000002,0.4065840513157747
19438,DINASFRAAMATTAN,28,0.531626,0.774992265032968
19439,DITVKNCVLKKSTNG,28,0.147634,0.6821800198138105
19440,DKLTGPFTVRYTTEG,28,0.41764300000000004,0.4260468168119119
19441,EAAFNKAIKESTGGA,28,0.385471,0.7222015827496342
19442,EGHHLASAAIFGHDG,28,0.307463,0.6876559345472474
19443,EGHHLASAAILGHDG,28,0.375264,0.6028236801323008
19444,EHELYVAVLSNALHR,28,0.665061,0.897173548813306
19445,EITGIMKDFDEPGHL,28,0.0,0.2384059508555115
19446,EKKYFAAFQFEPLAA,28,0.7590560000000001,0.9824812588798874
19447,EKKYFAALQFEPLAA,28,0.7750239999999999,0.9728015917827075
19448,EKKYFAARQFEPLAA,28,0.6114109999999999,0.9653832105214103
19449,EKKYFAATEFEPLAA,28,0.634741,0.9540298244757914
19450,EKKYFAATKFEPLAA,28,0.6010979999999999,0.9686334676346475
19451,EKKYFAATQAEPLAA,28,0.742934,0.8672786041667007
19452,EKKYFAATQCEPLAA,28,0.6170640000000001,0.7607911329742219
19453,EKKYFAATQDEPLAA,28,0.821541,0.7465017162403271
19454,EKKYFAATQEEPLAA,28,0.637537,0.7000768837868391
19455,EKKYFAATQGEPLAA,28,0.856985,0.8136925932480406
19456,EKKYFAATQHEPLAA,28,0.7086180000000001,0.8795579947787351
19457,EKKYFAATQIEPLAA,28,0.565179,0.8472855494535395
19458,EKKYFAATQKEPLAA,28,0.5789770000000001,0.7669658178143917
19459,EKKYFAATQLEPLAA,28,0.63203,0.894245534052048
19460,EKKYFAATQMEPLAA,28,0.652993,0.8771506930243825
19461,EKKYFAATQNEPLAA,28,0.803784,0.8339727144181713
19462,EKKYFAATQPEPLAA,28,0.627654,0.7807800198037809
19463,EKKYFAATQQEPLAA,28,0.7229439999999999,0.7715675242091553
19464,EKKYFAATQREPLAA,28,0.613639,0.8337389266753454
19465,EKKYFAATQSEPLAA,28,0.801095,0.8694405812407007
19466,EKKYFAATQTEPLAA,28,0.697605,0.8040017402160867
19467,EKKYFAATQVEPLAA,28,0.5585640000000001,0.8590500992578175
19468,EKKYFAATQWEPLAA,28,0.5553520000000001,0.8852839916462338
19469,EKKYFAATQYEPLAA,28,0.698701,0.890954938045562
19470,EKKYFAATWFEPLAA,28,0.698344,0.9819476111761747
19471,EKKYFACTQFEPLAA,28,0.607342,0.9608692970990105
19472,EKKYFAHTQFEPLAA,28,0.467008,0.9769028430248623
19473,EKKYFANTQFEPLAA,28,0.5342779999999999,0.9638375373646055
19474,EKKYFATTQFEPLAA,28,0.575662,0.9512145346270086
19475,ELKESWGAIWRIDTP,28,0.350273,0.84161765820288
19476,ESTGGAYDTYKSIPS,28,0.462761,0.3810898445389789
19477,EYIEAAKWLLPPPKV,28,0.262334,0.7297387831097388
19478,FDHEFTFGWDELLSK,28,0.58819,0.5571382556196476
19479,FDPYGATISATPESA,28,0.9316190000000001,0.43025983866328354
19480,FDREFTFGWDELLSK,28,0.5065850000000001,0.5571382556196476
19481,FEAAFNDAIKASTGG,28,0.318393,0.7455930232215522
19482,FLAVAVVLGLATSPT,28,0.414351,0.6028330949790188
19483,FLFQRAVAREAIIAL,28,0.531299,0.8060078354216388
19484,FPPNGTHSWEYWGAQ,28,0.144189,0.70698062900654
19485,FTSLEYIEAAKWLLP,28,0.21183200000000002,0.7246522693264242
19486,FVNQHLCGSHLVEAL,28,0.393243,0.43760623615481464
19487,FVVTGRVYCDPCRAG,28,0.047303,0.28676353837339225
19488,GAVDIINKWQVVAPQ,28,0.285478,0.7853033848379036
19489,GEVEIQFRRVKCKYP,28,0.42356800000000006,0.35613422644657355
19490,GEVLNALAYDVPIPG,28,0.468042,0.6035528775138753
19491,GGACGYKDVDKPPFS,28,0.17685399999999998,0.371758187200278
19492,GGGFGMLLRKYGIAA,28,0.424087,0.8826354589265325
19493,GGSILKISNKFHTKG,28,0.40779,0.7775964696119253
19494,GGSILKISNKYHTKG,28,0.466084,0.7754089459264295
19495,GKGTLDGQGKAVWGK,28,0.0,0.2768402405285884
19496,GLSGEPKGGAESSSK,28,0.190801,0.11702029902315486
19497,GLVPKLDAAYSVAYK,28,0.603464,0.6956325429125269
19498,GTKGEAKDVIPEGWK,28,0.46925100000000003,0.2527767165581902
19499,GWIISNIFGAIPVLA,28,0.5771430000000001,0.8833930483810755
19500,GWIISNIFGAIPVLG,28,0.871101,0.8577930225585869
19501,HDYEGLSYRSLQPET,28,0.492104,0.5384434345531904
19502,HSRNLINELSERMAG,28,0.246207,0.48271037724662486
19503,IAAMMTSPLSVASMT,28,0.6510600000000001,0.7884540269627677
19504,IASLFAAAGLAAAAP,28,0.37435799999999997,0.8470002703401326
19505,IEFRFYKEITNVFRG,28,0.759282,0.7833413001324844
19506,IHKASTVLAFPAGVC,28,0.32264299999999996,0.8464743684132051
19507,IIELFTAKGFTVQEM,28,0.613775,0.6486280080972866
19508,IITPTNVSHIQSAVV,28,0.706298,0.4873109147496649
19509,IMRIKKLTITGKGTL,28,0.190888,0.5577964235121711
19510,INLIIHYVDRPGALG,28,0.371686,0.6611774517509592
19511,IPKGDFLTGPLNFTG,28,0.302718,0.6026542724941337
19512,IPVMAYLVGLFAWVL,28,0.395807,0.8329036657085621
19513,ISATPEWATPFPHRK,28,0.174198,0.4724597880631276
19514,ISGLKPGVDYTITVY,28,0.510567,0.44084197201802705
19515,ITAMSEVQKVSQPAT,28,0.306134,0.4430915386408776
19516,IVLNHMTGAQSGKGT,28,0.21707100000000001,0.6437607110546422
19517,KAIKESTGGAYDTYK,28,0.168128,0.21219548602363644
19518,KASNPNYLAILVKYV,28,0.57521,0.6960696582259441
19519,KCKYPEGTKVTFHVE,28,0.237673,0.4103957505814315
19520,KDKWIELKESWGAIW,28,0.44256999999999996,0.5982147626003055
19521,KEVEEAWASACGGTG,28,0.056612,0.2953420175300186
19522,KHLAVLVKYEGDTMA,28,0.393156,0.7078632085122858
19523,KIEIDQDHQEEICEV,28,0.10363800000000001,0.19529240865971134
19524,KKGAGGITIKKTGQA,28,0.028923,0.1546290200957453
19525,KLTITGKGTLDGQGK,28,0.0,0.3107955842786771
19526,KNTIVIPKGDFLTGP,28,0.225566,0.5250552989196496
19527,KPPFSGMTGCGNTPI,28,0.275266,0.21824947705365094
19528,KSTNGLRIKSYEDAK,28,0.371963,0.42975522045719494
19529,KTDCTKEVEEAWASA,28,0.0,0.123821699421149
19530,KTVSEGAVDIINKWQ,28,0.048268,0.6341344340578422
19531,KYDAYVATLSEALRI,28,0.8284379999999999,0.8179414470499715
19532,KYKTFEAAFTVSSKR,28,0.784521,0.9110587022252206
19533,LDGNLLSSNDLAKYK,28,0.393443,0.6092488128383977
19534,LEKISNEIKIVATPD,28,0.440597,0.6328105160112701
19535,LHFSEALRIIAGTPE,28,0.253296,0.8255161903668877
19536,LQSLWANFYELLADA,28,0.18901500000000002,0.851773690459033
19537,LRIAAKIYSEADEAW,28,0.24928499999999998,0.8462086353010279
19538,LSSNDLAKYKANWIE,28,0.247768,0.6830217272309371
19539,LSYRSLQPETFAVVD,28,0.599366,0.6790949086300038
19540,LVKFVAGDGDVVAVD,28,0.365575,0.3991503015555397
19541,LVKYEGDTMAEVELR,28,0.394458,0.37732020489523366
19542,LVSKLYEVVPGILTE,28,0.998985,0.83887715200537
19543,MAFLRSVSRLAAAVF,28,0.155476,0.7799215403649113
19544,MASSSSVLLVVALFA,28,0.20385799999999998,0.6538533697444517
19545,MASSSSVLLVVVLFA,28,0.176263,0.6341679204795482
19546,MGRDIKVQFQSGGAN,28,0.70781,0.49614015612347323
19547,MLLRKYGIAAENVID,28,0.277081,0.693451039315351
19548,MSFVTTQPEALAAAA,28,0.575336,0.6577812769724831
19549,MSQIMYNYPAMMAHA,28,0.607895,0.8970591266540187
19550,MSQIMYNYPAMRAHA,28,0.46164099999999997,0.8611971397964043
19551,MVVERLGDYLVEQGM,28,0.32003000000000004,0.32030321992222566
19552,NCVLKKSTNGLRIKS,28,0.397464,0.6261640732410799
19553,NDAIKASTGGAYESY,28,0.286142,0.5153426025905568
19554,NFTVGRIIELFTAKG,28,0.618224,0.705374756946655
19555,NHFFNHHKVMLLGHD,28,0.369917,0.8538920816585205
19556,NHFFNHHKVMLLGHS,28,0.400025,0.8603356283284064
19557,NLNIKLNMPLYIAGN,28,0.191969,0.7575610871112876
19558,NMVVERLGDYLVEQG,28,0.37554,0.3964439382868237
19559,NPRQAYANYRDIDLG,28,0.5693159999999999,0.6243050422171115
19560,NVSHIQSAVVCGRRH,28,0.38989,0.5677038236950094
19561,NYLALLVKFVAGDGD,28,0.283468,0.7644408221376762
19562,PAAAYATATPAAATA,28,0.53004,0.11231867304700223
19563,PAGVCPTIGVGGNFA,28,0.15389,0.17926745863495286
19564,PCKGDSVTIKLDGNL,28,0.0,0.2464724970819789
19565,PCRAGFETNVSHNVQ,28,0.3337,0.6481766151576
19566,PIIIDQKYCPNKICT,28,0.25616500000000003,0.3517039865753965
19567,PIYIVTPTNASHIQS,28,0.37759499999999996,0.6651929365307061
19568,PKGGAESSSKAALTS,28,0.366517,0.41462598330556544
19569,PPPPQLGASPYKLGP,28,0.176428,0.4375876986799278
19570,PQVKYAVFEAALTKA,28,0.83655,0.9084494849402028
19571,PSMGRDIKVQFQSGG,28,0.270203,0.42577770815970367
19572,PSPSMGRDIKVQFQS,28,0.44208500000000006,0.41036497593563276
19573,PTLAFPAGVCPTIGV,28,0.333231,0.3774725943704223
19574,PYGATISATPEWATP,28,0.196792,0.2593599151828727
19575,QDHQEEICEVVLAKS,28,0.18403599999999998,0.406163875307391
19576,QFRRVKCKYPEGTKV,28,0.34315999999999997,0.5317314478955787
19577,QGEPGAVIRGKKGAG,28,0.193019,0.4622262599206827
19578,QGEPGRVIRGKKGAG,28,0.203506,0.36166724934434674
19579,QKLIEDINASFRAAM,28,0.44504799999999994,0.7429152022616489
19580,QKYCPNKICTSKGDS,28,0.017215,0.44944594503647795
19581,QLSALWARFPLPVIP,28,0.475492,0.9051165070659856
19582,QPCNGVTMNDVKIEY,28,0.05940499999999999,0.3569569958715766
19583,QVPSASMGRDIKVQF,28,0.247518,0.4883969347737058
19584,RCALHWFPGSHLLAC,28,0.45402,0.7367992984055469
19585,RCALHWFPGSHLLHV,28,0.50766,0.7967746909051409
19586,RIDTPDKLTGPFTVR,28,0.213997,0.2489973571305837
19587,RIIAGTLEVHAVKPA,28,0.222529,0.6254667252026251
19588,RMFSSTLRAAVPWYA,28,0.62056,0.8404990490516325
19589,RSRPRRTTRRMDRRT,28,0.47621099999999994,0.24305016313573666
19590,RVIRGKKGAGGITIK,28,0.08793,0.37079465480325374
19591,RVWEQIFSTWLLKPG,28,0.77184,0.8597926132706939
19592,RVYCDPCRAGFETNV,28,0.037661,0.2026001156950926
19593,SADEVQRMMAEIDTD,28,0.176966,0.44101639475504095
19594,SHIQSAVVCGRRHGV,28,0.435962,0.3096098280731651
19595,SSKAATAKAPGLVPK,28,0.473925,0.35875808486779265
19596,SSYAATEVANAAAAS,28,0.403961,0.6451943110216176
19597,SSYAATEVANAAAGQ,28,0.30639099999999997,0.5316446947484771
19598,STWLLKPGAGIMIFD,28,0.406484,0.7683638213221893
19599,SVLLVVALFAVFLGS,28,0.249665,0.2123862713613162
19600,SVRIRVRSGGHDYEG,28,0.283975,0.3965294023617913
19601,SVTIKLDGNLLSSND,28,0.44816300000000003,0.6004337483384699
19602,TAKAPGLVPKLDAAY,28,0.229381,0.35800909528634917
19603,TANVPPADKYKTLEA,28,0.386148,0.3257284249846948
19604,TDALRTLGSTSADEV,28,0.6523899999999999,0.5303107885727143
19605,TIAAMMTSPLSVASM,28,0.803543,0.7457869654899179
19606,TLGSTSADEVQRMMA,28,0.266507,0.2827283421782653
19607,TPTNASHIQSAVVCG,28,0.40228400000000003,0.6065353031768025
19608,TVAAAPQVKYAVFEA,28,0.550723,0.6997539198387818
19609,TVLAFPAGVCPTIGV,28,0.401252,0.37495554238836903
19610,VATLSEALRIIAGTL,28,0.273003,0.7717407144633047
19611,VDLAKSLRIAAKIYS,28,0.350346,0.8946859454082251
19612,VKIEYSGTNNKTMAV,28,0.30127,0.5517670338961607
19613,VKPLYIITPTNVSHI,28,0.39118,0.5747057213662105
19614,VNYWFAPGAAAAPLS,28,0.11241300000000001,0.6588724282401425
19615,VPPADKYKTFEAAFT,28,0.576986,0.7242345449133862
19616,VRSGGHDYEGLSYRS,28,0.43749,0.13353961862963118
19617,VSEALRIIAGTLEVH,28,0.392021,0.7186488809416224
19618,VTMNDVKIEYSGTNN,28,0.0,0.39924349814957033
19619,VTVDAAVLAAIDADA,28,0.43475600000000003,0.2836105346857271
19620,VVLGLATSPTAEGGK,28,0.48498800000000003,0.495831485746921
19621,VVSRLLIPVPFDPPA,28,0.120545,0.5479757673846315
19622,WEQIFSTWLLKPGAG,28,0.700577,0.8286980487410659
19623,WGAIWRIDTPDKLTG,28,0.5611510000000001,0.5830901544578838
19624,WGAIWRIDTPEVLKG,28,0.558282,0.6492220535241855
19625,YANYRDIDLGRNEVV,28,0.446162,0.5306689112359038
19626,YDKFLAFVSTVLTGK,28,0.946968,0.982655508765939
19627,YDKFLALVSTVLTGK,28,0.9584159999999999,0.9781364009264966
19628,YDKFLANESTVLTGK,28,0.612798,0.9748111963614831
19629,YDKFLANKSTVLTGK,28,0.7826770000000001,0.9887364327355337
19630,YDKFLANQSTVLTGK,28,0.67819,0.9897786224742219
19631,YDKFLANVCTVLTGK,28,0.590799,0.9841254781809484
19632,YDKFLANVHTVLTGK,28,0.5982069999999999,0.9868060512943796
19633,YDKFLANVNTVLTGK,28,0.822356,0.9878581058719668
19634,YDKFLANVTTVLTGK,28,0.5998760000000001,0.9908306398040398
19635,YDKFLANYSTVLTGK,28,0.818198,0.9895589091412287
19636,YDKFLATVSTVLTGK,28,1.0,0.9831758080556837
19637,YGIAAENVIDVKLVD,28,0.373356,0.6311327744600836
19638,YKDVDKPPFSGMTGC,28,0.535037,0.3861816789637425
19639,YTTEGGTKGEAKDVI,28,0.193471,0.05468333104744783
19640,LNKIVRMYSPVSILDI,28,0.8360200000000001,0.9196287762481685
19641,SPEVIPMFSALSEGAT,28,0.8538549999999999,0.7833551237994838
19642,NVTENFNMWKNNMVEQMH,28,0.917111,0.4886102163527283
19643,SELYLYKVVKIEPLGVAP,28,0.6334989999999999,0.8188394411513497
19644,YVDRFYKTLRAEQASQEV,28,0.866468,0.8605731445863661
19645,GEIYKRWIILGLNKIVRMY,28,0.623748,0.7983992226848234
19646,WEALKYLWNLLQYWGQELK,28,0.46374799999999994,0.8240529700851732
19647,KRWIILGLNKIVRMYSPTSI,28,0.872398,0.8632663660188887
19648,LYKYKVVKIEPLGVAPTKAK,28,0.703712,0.8052360158433589
19649,IMGAVLIWV,29,0.0,0.07380862662810735
19650,EIYKRWIILG,29,0.225911,0.018971515996506483
19651,LLVSGWNSITV,29,0.33710100000000004,0.24591166356788116
19652,AALLVVAVGLRV,29,0.0,0.09528345133864345
19653,ALLVVAVGLRVV,29,0.178119,0.1429486488597269
19654,AVGLRVVCAKYA,29,0.0,0.1738123120902574
19655,DPEDSALLEDPA,29,0.317196,0.06424040820047822
19656,EDPEDSALLEDP,29,0.063453,0.052011609747868615
19657,EDSALLEDPAGT,29,0.198597,0.23228733269576676
19658,ELVPEDPEDSAL,29,0.0,0.22891591752144813
19659,GLRVVCAKYALA,29,0.0,0.16934801651292933
19660,KCIEWEKAQHGA,29,0.749713,0.38111653588441907
19661,LLVVAVGLRVVC,29,0.0,0.18369351938327297
19662,LVPEDPEDSALL,29,0.0,0.19756809017073446
19663,LVVAVGLRVVCA,29,0.039087000000000004,0.11564853307635782
19664,NPGLIIGALAGS,29,0.040892000000000005,0.14348670694666915
19665,PEDPEDSALLED,29,0.0,0.044624096083567655
19666,PEDSALLEDPAG,29,0.295243,0.14735293069035277
19667,PELVPEDPEDSA,29,0.0,0.11615588090937505
19668,PGLIIGALAGST,29,0.058303999999999995,0.06054960996868449
19669,VAVGLRVVCAKY,29,0.0,0.1712900247594386
19670,VGLRVVCAKYAL,29,0.0,0.13074704965731465
19671,VPEDPEDSALLE,29,0.0,0.15975311790005453
19672,VVAVGLRVVCAK,29,0.0,0.14710898993475677
19673,AFILCGDNLFPKV,29,0.7211029999999999,0.9638866625029172
19674,AFILDFDNLFPKV,29,0.889992,0.9865579978174617
19675,AFILDGDDLFPKV,29,0.8443860000000001,0.9870645173738185
19676,AFILDGDILFPKV,29,0.979671,0.9859419942753977
19677,AFILDGDNCFPKV,29,0.703943,0.9896103590388873
19678,AFILDGDNHFPKV,29,0.787709,0.9932115740884715
19679,AFILDGDNPFPKV,29,0.801701,0.9942400626133745
19680,AFILDGDNVFPKV,29,0.921242,0.9934786249747288
19681,AFILDGDRLFPKV,29,0.880466,0.9621318933846954
19682,AFILDGDYLFPKV,29,0.842094,0.9844420028248827
19683,AFILDGINLFPKV,29,0.988434,0.9872982208686873
19684,AFILDGPNLFPKV,29,0.958369,0.9831922736294402
19685,AFILDGVNLFPKV,29,1.0,0.9899075737130318
19686,AFILDKDNLFPKV,29,0.8399270000000001,0.989134795751546
19687,AFILDQDNLFPKV,29,0.956692,0.9950325532162996
19688,AFILDWDNLFPKV,29,0.8560770000000001,0.9953418585987123
19689,AFILHGDNLFPKV,29,0.752514,0.9782010354945885
19690,AFILNGDNLFPKV,29,0.7391340000000001,0.9649147894350095
19691,AFILTGDNLFPKV,29,0.5866439999999999,0.9767251820462436
19692,PRFLEQVKHECHF,29,0.29498800000000003,0.06411139589521751
19693,SPEVIPMFSALSE,29,0.17851199999999998,0.19112321248781905
19694,SQTTANPACPEGT,29,0.0,0.007706554755541606
19695,EAMSQANSAILMQR,29,0.08074500000000001,0.19001001940463447
19696,EYRSTVNPWASQLG,29,0.047789,0.14149547372950136
19697,KPLLIIAEDVEGEY,29,0.41497799999999996,0.5355887617512165
19698,MLFRILSLNLIKIK,29,0.435638,0.22290839533296042
19699,NTSYRLISCNTSVI,29,0.432208,0.11690243529267576
19700,RETQISKTNTQTYR,29,0.178979,0.09057991827826271
19701,TDRESLRNLRGYYN,29,0.0,0.29055191922353724
19702,TSICSLYQLENYCN,29,0.16882,0.1390402996084179
19703,VLAGWLFHVRGARR,29,0.0,0.23049089501563172
19704,AEMETESWIVDRQWA,29,0.634813,0.6609085039891545
19705,AEMVIHHQHVQDCDE,29,0.0,0.21263810703837838
19706,AGWLFHVRGARRSGD,29,0.0,0.23133070828167088
19707,AMTDTTPFGQQRVFK,29,0.278856,0.25987442811083833
19708,ATPPGTSDEFPHSNG,29,0.0,0.1740368875135786
19709,CEHLEDGIYGIFQST,29,0.342504,0.5759004668479103
19710,CGSYVTKTSGSAASM,29,0.255427,0.1982514019603944
19711,CTDKMFFVKNPTDTG,29,0.357671,0.3238693267124908
19712,DCRTAFKPVLVDEGR,29,0.0,0.40001600943716337
19713,DGGGFYADDTAGWDT,29,0.654552,0.5384223824525988
19714,DLDDEQEILNYMSPH,29,0.0,0.33671846530143335
19715,DQGCSSALGSGPYGA,29,0.0,0.06175531182214921
19716,DQRGSGQVVTYALNT,29,0.31251999999999996,0.18750539456243115
19717,EEPDDIDCWCYGVEN,29,0.17488299999999998,0.4808782605263993
19718,EERVERIKSEYMTSW,29,0.401804,0.1816764542236108
19719,EHEILNDSGETVKCR,29,0.59385,0.2950905084117513
19720,EQEILNYMSPHHKKL,29,0.270968,0.35589071844804177
19721,ERIKSEYMTSWFYDN,29,0.602204,0.6425334018803409
19722,ERKLHQQGRCRTCVY,29,0.0,0.26427024875741145
19723,FEALGFLNEDHWASR,29,0.33939899999999995,0.5276857387755923
19724,FHVRGARRSGDVLWD,29,0.0,0.3010141857523769
19725,FSSAGGFFTSVGKGI,29,0.369873,0.19903247059245113
19726,FTQTMKGVERLAVMG,29,0.0,0.14597067602657962
19727,FYADDTAGWDTRITE,29,0.610019,0.5481479079398556
19728,GAAMVEIALGGVMGG,29,0.0,0.10962590252756413
19729,GAMLVGQVTLLDLLK,29,0.491179,0.5276961328022343
19730,GCSSALGSGPYGALG,29,0.0,0.08140818662858001
19731,GDSYYYSEPTSENNA,29,0.41127299999999994,0.33498687305638897
19732,GETVKCRAPGGAKKP,29,0.0,0.033522462148800725
19733,GKCDSAGRSRRSRRA,29,0.0,0.07245725275714693
19734,GKEFIRCLALPFRGY,29,0.727865,0.2780850934373229
19735,GKGEWMTTEDMLEVW,29,0.17269,0.3458540742045177
19736,GKNLVFSPGRKNGSF,29,0.202025,0.26106095527433587
19737,GKTFSVGTGNCTTNI,29,0.328893,0.09290402904919783
19738,GLALSHLNAMSKVRK,29,0.0,0.248862872691517
19739,GLCAFLATRIFGRRS,29,0.0,0.37689192149464074
19740,GLFGGLNWITKVIMG,29,0.42806000000000005,0.2931279475882286
19741,GLRTLWSPRERLVLT,29,0.418,0.31963219747716604
19742,GPLDKEAIEERVERI,29,0.32201599999999997,0.1558243717696534
19743,GPLIEGNTSLLWNGP,29,0.43134399999999995,0.10964302551438335
19744,GRTTWSIHGKGEWMT,29,0.0,0.06059846710565515
19745,GRWDGEEEVQLIAAV,29,0.33667600000000003,0.11139941250300424
19746,GSRAIWYMWLGARYL,29,0.6247199999999999,0.46623989757316964
19747,GTSDEFPHSNGEIED,29,0.0,0.17416166058917398
19748,HGVAKNPVVDGNPTV,29,0.0,0.16443229792237093
19749,HTMWHVTRGAFLVRN,29,0.7381449999999999,0.28515871113798574
19750,HVTRGAFLVRNGKKL,29,0.458855,0.29052879627398875
19751,IEEAPEMPALYEKKL,29,0.0,0.08989085544570288
19752,IGKLFTQTMKGVERL,29,0.3837,0.12753862549460845
19753,IHHQHVQDCDESVLT,29,0.40368000000000004,0.2755543903223087
19754,IHLVIHRIRTLIGQE,29,0.32863400000000004,0.14409602384618853
19755,IHRIRTLIGQEKYTD,29,0.25971700000000003,0.23080564536738538
19756,INKGILVTVNPIAST,29,0.319931,0.333154691521425
19757,ISGSSARYDVALSEQ,29,0.35225100000000004,0.41429754794483514
19758,ISRRDQRGSGQVVTY,29,0.0,0.18989467078718916
19759,KEAIEERVERIKSEY,29,0.20835599999999999,0.06816500408835223
19760,KEFIRCLALPFRGYL,29,0.820152,0.35636392810256595
19761,KGIHTVFGSAFQGLF,29,0.433533,0.2559139708417357
19762,KKGMTTVLDFHPGAG,29,0.316236,0.4555290137535883
19763,KNPTDTGHGTVVMQV,29,0.0,0.2011713248223645
19764,KNPVVDGNPTVDIEE,29,0.44835200000000003,0.15121188418161094
19765,KRVPMALQHFGWEVM,29,0.271386,0.21069137561569823
19766,KTKNKTNWKQTWTFK,29,0.0,0.057818560518015254
19767,KYSYYPEDPVKLASI,29,0.723124,0.6692146937184651
19768,LAEGIVLASAALGPL,29,0.36817,0.23642961596301068
19769,LDKRQFELYKRTDIV,29,0.37038000000000004,0.5201799610186502
19770,LGLTQPFLGLCAFLA,29,0.0,0.17034153672470453
19771,LLVLAGWLFHVRGAR,29,0.0,0.1794318623624977
19772,LNDSGETVKCRAPGG,29,0.0,0.3926999484192468
19773,LNYMSPHHKKLAQAV,29,0.24786100000000003,0.11816925500985022
19774,LPQILAECARRRLRT,29,0.567262,0.27102746829582985
19775,LQEIPTMLKKGMTTV,29,0.320522,0.0967066014715103
19776,LQYGWKTWGKNLVFS,29,0.36184,0.27074815349003123
19777,LRLGKEFIRCLALPF,29,0.7703369999999999,0.22150398642352556
19778,LRTLVLAPTRVVLSE,29,0.796925,0.3784400061012997
19779,LSEEKVPWDQVVMTS,29,0.0,0.5218586562427097
19780,LSFMDKGIPFMKMNI,29,0.621587,0.6502203599303429
19781,LVDEERKLHQQGRCR,29,0.0,0.12363116923374057
19782,LWSPRERLVLTLGAA,29,0.301272,0.12728067481107047
19783,MFFVKNPTDTGHGTV,29,0.451722,0.38111871163699934
19784,MIPSWASVKEDLVAY,29,0.368071,0.41993990657561664
19785,MKGVERLAVMGDTAW,29,0.45858999999999994,0.3043371186677181
19786,MLGARYLEFEALGFL,29,0.807811,0.1964202717730811
19787,MSIHGKGEWMTTEDM,29,0.0,0.07565064980480576
19788,MYMWLGARYLEFEAL,29,0.483955,0.42805170039550366
19789,NKTKNKTNWKQTWTF,29,0.389892,0.05872914214276274
19790,NLWKMKTGRRGSANG,29,0.0,0.08334341187220826
19791,NSYIAEMETESWIVD,29,0.575304,0.46521437146949157
19792,NVYQRGTHPFSRIRD,29,0.48223299999999997,0.32227992136337263
19793,PFSRIRDGLQYGWKT,29,0.2735,0.4025636262110163
19794,PSWASVKEDLVAYGG,29,0.27624899999999997,0.48046843520316423
19795,PTMLKKGMTTVLDFH,29,0.433936,0.4975678309025738
19796,PTSENNAHHVCWLEA,29,0.0,0.09128156604902124
19797,PTVDIEEAPEMPALY,29,0.0,0.21447948175122364
19798,QRMFTREELIHFPEF,29,0.8984629999999999,0.3210960221523079
19799,RERLVLTLGAAMVEI,29,0.165117,0.3334130706161084
19800,RGTHPFSRIRDGLQY,29,0.169327,0.31729747329100855
19801,RLGKEFIRCLALPFR,29,0.778379,0.21810894351705176
19802,RMLEPTRVVNWEVII,29,0.274359,0.2701886074266087
19803,RTLIGQEKYTDYLTV,29,0.317089,0.2657467836311453
19804,RVAYGKCDSAGRSRR,29,0.155875,0.207034816349915
19805,RYLEFEALGFLNEDH,29,0.563901,0.46215393712894565
19806,SAFQGLFGGLNWITK,29,0.326586,0.17525051364851132
19807,SARYDVALSEQGEFK,29,0.27624899999999997,0.32057882275833177
19808,SDQGCSSALGSGPYG,29,0.0,0.08055596718136487
19809,SEYMTSWFYDNDNPY,29,0.6384380000000001,0.6666037556653198
19810,SGARSNVTFTVNQTS,29,0.179162,0.2119272445882552
19811,SGSAASMVNGVIKIL,29,0.0,0.13997860163737666
19812,SHLNAMSKVRKDISE,29,0.40815999999999997,0.34465773974164676
19813,SNVTFTVNQTSRLLM,29,0.626328,0.6074895113218393
19814,SVGTGNCTTNILEAK,29,0.0,0.08022526555826488
19815,SVKEDLVAYGGSWKL,29,0.0,0.4088818117255434
19816,TARRHLAEGKVDTGV,29,0.0,0.26669171601568753
19817,TESWIVDRQWAQDLT,29,0.656779,0.6891372630039001
19818,TLTYRMLEPTRVVNW,29,0.787187,0.5689055826702661
19819,TPFSLAEGIVLASAA,29,0.6523770000000001,0.43799642701588165
19820,TRRFLPQILAECARR,29,0.53387,0.19141822089338328
19821,TRVVLSEMKEAFHGL,29,0.338099,0.2676634816270628
19822,VADDLTAAINKGILV,29,0.223148,0.4541702227084987
19823,VAIKGPLRISASSAA,29,0.321956,0.2543062836555844
19824,VDFGNSYIAEMETES,29,0.309367,0.5366126024091595
19825,VDGNPTVDIEEAPEM,29,0.0,0.2432725576392948
19826,VDRDTARRHLAEGKV,29,0.0,0.15069385175356886
19827,VEIALGGVMGGLWKY,29,0.0,0.13083375129973598
19828,VLAPTRVVLSEMKEA,29,0.541317,0.31561214341806343
19829,VLAPYMPDVLEKLEL,29,0.743748,0.49467778176998
19830,VLEKLELLQRRFGGT,29,0.326396,0.21049958075738
19831,VPTSWVPQGRTTWSI,29,0.22894899999999999,0.082813114664103
19832,VTKTSGSAASMVNGV,29,0.0,0.11852163530143335
19833,VTRMAMTDTTPFGQQ,29,0.644157,0.2593828334205851
19834,WKTWGKNLVFSPGRK,29,0.336464,0.213847334343797
19835,WSIHGKGEWMTTEDM,29,0.0,0.07565064980480576
19836,WVPQGRTTWSIHGKG,29,0.0,0.1372700625869126
19837,YMPDVLEKLELLQRR,29,0.634813,0.3872753703101882
19838,YYSEPTSENNAHHVC,29,0.33576300000000003,0.22970516282349962
19839,AAAAPAAVGAAVGGT,29,0.052748,0.010105919593946452
19840,AAAGLAAAAPLESRQ,29,0.0,0.08638743005524356
19841,AAGAQLLWQLPLLSI,29,0.355147,0.12058422922083327
19842,AAGVAAWSLIALMIP,29,0.188586,0.2777944923021579
19843,AALPLLFFALAGQRI,29,0.821126,0.2578342621627752
19844,AAPEAARSLASSLPG,29,0.0,0.12161231147020256
19845,AAPLSWSKDIYNYME,29,0.66643,0.40129756515575343
19846,AASGADGTYDITKLG,29,0.067868,0.22638478495809794
19847,AAVELARALVRAVAE,29,0.261408,0.07492995058994363
19848,ADDLTAAINKGILVT,29,0.558445,0.48503322274994654
19849,ADNSLDYAANFSHML,29,0.5604399999999999,0.6635224767947638
19850,AELMILIATNLLGQN,29,0.20428,0.21892153498633632
19851,AFMLAWNYGVPRVMS,29,0.37604899999999997,0.58457303965763
19852,AGALEVHAVKPVTEE,29,0.0,0.040028743423125866
19853,AGAWRTAAVELARAL,29,0.46674499999999997,0.2014549004819193
19854,AGLTHMMIWHSNLND,29,0.165021,0.3406366505457887
19855,AGRFEVHAQTVEDEA,29,0.231871,0.23933265498484813
19856,AGWDTVLQSITTILA,29,0.177647,0.33961402151331166
19857,AGYLVGRKPLAFFSW,29,0.21414899999999998,0.18871207271257007
19858,AHARSYQTLSTQAAA,29,0.41553599999999996,0.1873704642137604
19859,AHWTEARIMLDNINM,29,0.24672,0.513645822957664
19860,AIAGAWENGVCGIRS,29,0.35042399999999996,0.12340756053825917
19861,AINIFNVEKYGAVGD,29,0.259339,0.5695319032229001
19862,AKPDGKTDCTKEVEE,29,0.10208400000000001,0.049776724019360084
19863,ALKESWGAIWRIDTP,29,0.5210319999999999,0.6612481414183677
19864,ALLPRAGAAAAAALP,29,0.140688,0.036016672490329346
19865,ALQSHDDVALVSVMW,29,0.592964,0.46168068611227897
19866,ALRVIAGALEVHAVK,29,0.031736,0.2697318836164814
19867,ALSDPYLSFAAALNG,29,0.313556,0.6460665002910738
19868,ALTKAITAMSEVQKV,29,0.16892200000000002,0.14980189640490768
19869,AMFVEDIAMGYVVSS,29,0.633691,0.7211662837335717
19870,APGAAAAPLSWSKDI,29,0.44355900000000004,0.22781735774037132
19871,APNGGFRRIPRGALH,29,0.179632,0.14999914644279003
19872,AQAVYDFRSIVDYLR,29,0.449271,0.5937217031903419
19873,AQIYQAVSAQAAAIH,29,0.425705,0.37779535398879405
19874,ARGYISTRVGMGEAA,29,0.162141,0.23710519573551903
19875,ASAAILGHDGTVWAQ,29,0.386307,0.3827725504583696
19876,ASIAARGYISTRVGM,29,0.09010599999999999,0.3108638531559767
19877,ASNPNYLAILVKYVD,29,0.53054,0.5519505143319247
19878,ASVGKMIDGIGRFYI,29,0.477207,0.5485295406936757
19879,ATPPPPPPPQLGASP,29,0.142346,0.006159344028201792
19880,ATSPTAEGGKATTEE,29,0.121697,0.016538420309655452
19881,ATTANVPPADKYKTF,29,0.0,0.14735188220554185
19882,AVFEAALTKAITAMS,29,0.49672200000000005,0.26693571275649436
19883,AVFEAALTKAITAMT,29,0.5852,0.23059408691193256
19884,AVGLFIRLLGGESDA,29,0.169214,0.3107973999594584
19885,AVHVWLRLPAGRVEI,29,0.63398,0.2031037373384121
19886,AVIRGKKGAGGITIK,29,0.065501,0.06012917457087002
19887,AVMLTFDNAGMWNVR,29,0.632981,0.6658438941060625
19888,AWASACGGTGKNTIV,29,0.0,0.02940518682038613
19889,AWMSAAATQAEQAAT,29,0.08502,0.08143467683556417
19890,AYGSFVRTVSLPVGA,29,0.682665,0.5897136151100821
19891,AYSDDKSMKVTVAFN,29,0.478508,0.46343595504497836
19892,AYTSSDDQISLFDQS,29,0.41996700000000003,0.41858347871291096
19893,AYVATVSEALRIIAG,29,0.23255,0.4585294807860465
19894,CADILAIASRVLVTM,29,0.0,0.5489792953251318
19895,CDASILIDPLSNQSA,29,0.544762,0.3926504434417647
19896,CGGTGKNTIVIPKGD,29,0.0,0.15923873419786988
19897,CGYKDVDKPPFDGMT,29,0.49046999999999996,0.43006774222679056
19898,CIEYVTLNASQYANC,29,0.335677,0.28301042877067945
19899,CMTVQGGETMNSVIQ,29,0.223163,0.06425761991532629
19900,CPLDHVNTLHFLTRG,29,0.0,0.4494007027424681
19901,CQFLKVEKSQLLNEF,29,0.594075,0.282645113208042
19902,CRSCTLPPLRYMGED,29,0.500447,0.2522370446119728
19903,CTGMLKRRLGLMSLS,29,0.151571,0.2049660234945106
19904,DALTLRTATNIWIDH,29,0.385966,0.3967746125848252
19905,DCSEYPKPDCTAEDR,29,0.07423400000000001,0.15042526290412955
19906,DEARRMWASAQNISG,29,0.33934899999999996,0.26526129879586147
19907,DEPMVQVEAGKVNHS,29,0.0,0.2191227391061026
19908,DESWQQFRQELIPLL,29,0.77536,0.13386764147273147
19909,DGQGKAVWGKNSCAK,29,0.0,0.1290538815324999
19910,DHTNFKYNYSVIEGG,29,0.165492,0.3912208580413808
19911,DIDLGRNEVVNDVST,29,0.389678,0.5559823867982221
19912,DIFTNSRGKRASKGN,29,0.054208000000000006,0.2686577228355718
19913,DIKVQFQSGGNNSPA,29,0.150544,0.38818174087848634
19914,DINASFRAAMATTAN,29,0.38902800000000004,0.4987161459458432
19915,DITVKNCVLKKSTNG,29,0.0,0.2555662123395294
19916,DKKCIEWEKAQHGAC,29,0.190735,0.09290997294752705
19917,DKLTGPFTVRYTTEG,29,0.052065,0.3052365088904394
19918,DKPFQNVNRITYGAC,29,0.019129,0.4068468716841251
19919,DKVYEILKINSVKYY,29,0.46926999999999996,0.6832252711155978
19920,DLVANQPNLKALREK,29,0.0,0.21577570750904693
19921,DMLKLFEFNKKAIET,29,0.007081999999999999,0.6330192101642862
19922,DRTELLEMVCFHEFL,29,0.203964,0.2378992627557334
19923,DTFRKDFRVYDNFLR,29,0.093999,0.35455222433604433
19924,DVDIIVDARLDLSST,29,0.237252,0.5726814155853011
19925,DVFYNGAYFVSSGKY,29,0.452661,0.49896609351166005
19926,DVLSQPMLPHTWDGS,29,0.5294260000000001,0.2576173191344892
19927,EAAFNKAIKESTGGA,29,0.09581100000000001,0.14389111820260414
19928,EAYRMRFAAVITRVI,29,0.458534,0.6023520571628708
19929,EDPLFQLVSKLYEVV,29,0.383013,0.5524545642862994
19930,EEFVSLASRFLVEED,29,0.286344,0.3334048648828991
19931,EEIITLNSYGSFQEF,29,0.545054,0.2367006774228953
19932,EFIPMKSSWGAIWRI,29,0.262352,0.3181104725567326
19933,EFVTLAAKFIIEEDS,29,0.193009,0.6802310986378436
19934,EGHHLASAAIFGHDG,29,0.344879,0.6770660520909533
19935,EGHHLASAAILGHDG,29,0.090935,0.45165594065425374
19936,EGKVVQYENLKYTVI,29,0.294552,0.2804099112450108
19937,EHELYVAVLSNALHR,29,0.725783,0.5642504907379415
19938,EIESCRKNSCECNFE,29,0.045564999999999994,0.04832073892025154
19939,EITGIMKDFDEPGHL,29,0.355714,0.4914592273297226
19940,EKMFVSPTPGQRNPY,29,0.137398,0.20213848211285654
19941,ELAAVSVDCSEYPKP,29,0.17727300000000001,0.2974988865269072
19942,ELKESWGAIWRIDTP,29,0.5132439999999999,0.6612481414183677
19943,ELLDQSDVKEPGVSR,29,0.0,0.3400919897015879
19944,ELYKYKVVKIEPLGV,29,0.345335,0.27833619952058863
19945,EPAYFATAESVRDHL,29,0.364375,0.6014614728315933
19946,EQCCTSICSLYQLEN,29,0.120304,0.13460822077609516
19947,EQCGRQAGGKLCPNN,29,0.035332999999999996,0.037778916410822476
19948,ERRNKYLEEHPSAGK,29,0.0,0.1266542181844057
19949,ESLHNPYPDYHWLRT,29,0.100361,0.3103255150481986
19950,ESTGGAYDTYKSIPS,29,0.423183,0.23314008109465542
19951,ESWGAVWRIDTPDKL,29,0.793686,0.5681687787989615
19952,EVFCQTIKLDSEEYH,29,0.390433,0.3002012864957744
19953,EVLGFRMVQDERVGR,29,0.731877,0.2366304035842254
19954,EVVKANGGYLAAGKL,29,0.277902,0.2041946419592306
19955,EVYEARLTKFKYLAG,29,0.5315979999999999,0.29486435953731677
19956,EYIEAAKWLLPPPKV,29,0.428155,0.30591491102767343
19957,FARIETAFANLYPGE,29,0.376795,0.4322940460472165
19958,FAVATITHAAELQRV,29,0.094908,0.14907643135622903
19959,FDELELDPPEIEPGV,29,0.38206999999999997,0.15005782391943692
19960,FDHEFTFGWDELLSK,29,0.569124,0.6344851183091401
19961,FDPYGATISATPESA,29,0.0,0.6201647524033576
19962,FDREFTFGWDELLSK,29,0.674932,0.41019467874258797
19963,FEAAFNDAIKASTGG,29,0.0,0.6701664660530146
19964,FEFNKKAIETLNDNT,29,0.012805,0.33567890297255787
19965,FGPASFARIETAFAN,29,0.156141,0.3759057825736162
19966,FGTMPSLTLACLTKQ,29,0.16158,0.22751131578243106
19967,FIMAYVNQAHHIDLM,29,0.395814,0.4855837343576141
19968,FIVFLLLAGRSCSYK,29,0.177829,0.1998107768238571
19969,FLAVAVVLGLATSPT,29,0.059639,0.2269238657724788
19970,FLFQRAVAREAIIAL,29,0.347202,0.4421883719965916
19971,FLLMYEMHRESLLKS,29,0.177446,0.4459246340399354
19972,FNSLISIAQHLVSDR,29,0.35526399999999997,0.4315055070056661
19973,FPPNGTHSWEYWGAQ,29,0.031954,0.4319369379521402
19974,FQTMPGTFQTTTGEI,29,0.23023400000000002,0.15266669549143277
19975,FQTVGSGLDHILSLA,29,0.482171,0.4298799798595241
19976,FRKYTAFTIPSINNE,29,0.09403500000000001,0.39883392781268623
19977,FTSLEYIEAAKWLLP,29,0.556108,0.24656587573631195
19978,FVNQHLCGSHLVEAL,29,0.20721799999999999,0.1288721128187775
19979,FVVTGRVYCDPCRAG,29,0.182186,0.26959941699936407
19980,FWYVNHTGFNVHSLP,29,0.110075,0.5752923382247507
19981,GARYLEFEALGFLNE,29,0.7127140000000001,0.4506445050807881
19982,GAVDIINKWQVVAPQ,29,0.123777,0.7185204367806488
19983,GAYFVSSGKYEGGNI,29,0.352445,0.3295536274610968
19984,GEGIPLYDAIKCMRT,29,0.45377,0.6279512519051471
19985,GEIYKRWIILGLNKI,29,0.344327,0.22891115643816684
19986,GELEFEEFVSLASRF,29,0.235758,0.2466724228862812
19987,GELQIVDDIDAAFKI,29,0.735745,0.9780274227621726
19988,GELQIVDIIDAAFKI,29,0.796902,0.9894289083732735
19989,GELQIVDKFDAAFKI,29,0.692627,0.9642937102498181
19990,GELQIVDKLDAAFKI,29,0.754061,0.9873712645083138
19991,GELQIVDKRDAAFKI,29,0.671945,0.9563048735347538
19992,GELQIVDKYDAAFKI,29,0.701788,0.9706542064250273
19993,GELQIVDQIDAAFKI,29,0.678297,0.9685081753094104
19994,GELQIVDWIDAAFKI,29,0.640146,0.9882550113826034
19995,GELQIVHKIDAAFKI,29,0.72088,0.9849127547602942
19996,GELQIVNKIDAAFKI,29,0.750383,0.9829397779320609
19997,GELQIVTKIDAAFKI,29,0.612446,0.9688347167272138
19998,GENGRKTRSAYERMC,29,0.0,0.1537599909240982
19999,GEVEIQFRRVKCKYP,29,0.140775,0.12454872724157236
20000,GEVLNALAYDVPIPG,29,0.45274,0.6389004074194198
20001,GFTRRFKFLLNISYL,29,0.379389,0.30082859423970937
20002,GGACGYKDVDKPPFS,29,0.393891,0.4263767166841394
20003,GGGFGMLLRKYGIAA,29,0.179524,0.24287111145274726
20004,GGSILKISNKFHTKG,29,0.119334,0.14563516772739793
20005,GGSILKISNKYHTKG,29,0.284476,0.1850327061718449
20006,GIKVGYTAHIRKATE,29,0.0,0.25199932932070274
20007,GIRHLFGNYITNDSY,29,0.40941500000000003,0.5650477874641407
20008,GIVEQCCTSICSLYQ,29,0.11535,0.12905612909086148
20009,GKGTLDGQGKAVWGK,29,0.126155,0.17514047896808518
20010,GKIDFLNNYALFLSP,29,0.569095,0.751851102852718
20011,GKIVHISPLSGSAQH,29,0.0,0.10229373164763927
20012,GKLIHEWCCRSCTLP,29,0.341929,0.18048156455795075
20013,GKSSFCDICGEELPT,29,0.070802,0.19404910792812724
20014,GKTVWFVPSIKAGND,29,0.393054,0.5003433820072142
20015,GLAYKFVVPGAATPY,29,0.0,0.228234803134523
20016,GLEWNDNTVRVSETL,29,0.467791,0.5516313962427714
20017,GLSGEPKGGAESSSK,29,0.07191900000000001,0.015354628238434519
20018,GLTHMMIWHSNLNDT,29,0.0,0.2754506843679898
20019,GLVPKLDAAYSVAYK,29,0.264072,0.5275838522694127
20020,GMTGMLWETSLLDPE,29,0.24256999999999998,0.3712471271893026
20021,GNIVAVDIKPKDSDE,29,0.542871,0.5965463737721348
20022,GPPVEASAAALAGDA,29,0.24098000000000003,0.29866649345684776
20023,GRKRPIVRILRRVHH,29,0.242639,0.1381277410689005
20024,GRKTRSAYERMCNIL,29,0.050438,0.2802006275772
20025,GTKGEAKDVIPEGWK,29,0.136916,0.19832774867500255
20026,GVLKNEFMSLAFDYW,29,0.551884,0.6644427730578222
20027,GWIISNIFGAIPVLA,29,0.54492,0.46235157705642127
20028,GWIISNIFGAIPVLG,29,0.440226,0.41967212754504213
20029,GYKDWILWISFAISC,29,0.046969,0.7507059741923792
20030,HAYYLQYKNVRPDYL,29,0.575662,0.64583515148668
20031,HDYEGLSYRSLQPET,29,0.0,0.3173981376842854
20032,HEWCCRSCTLPPLRY,29,0.2263,0.23502073961167988
20033,HFSNVFRSVMAPFTM,29,0.49336599999999997,0.522539538769682
20034,HGRQIRMAKLLGRDP,29,0.336644,0.2776656059646688
20035,HMAKEDLVANQPNLK,29,0.0,0.4500692354116814
20036,HSLLRTQRLHKFLVC,29,0.41966899999999996,0.1548383110597245
20037,HSRNLINELSERMAG,29,0.4154,0.12375726545205937
20038,HTLWSNGVLESDMII,29,0.39024200000000003,0.42923423985034387
20039,HTQTAGPWHLGKLEL,29,0.335298,0.03190571302439402
20040,IAAMMTSPLSVASMT,29,0.23974499999999999,0.2029423661379428
20041,IAIAFLSVSNNYEYI,29,0.420616,0.36122189619727924
20042,IASLFAAAGLAAAAP,29,0.00743,0.3383379463087385
20043,IEFRFYKEITNVFRG,29,0.608135,0.46138716826925963
20044,IGPEAAEAAAAAPAA,29,0.188306,0.01902673743796338
20045,IGRIAETILGYNPSA,29,0.18512,0.19269636608437335
20046,IHKASTVLAFPAGVC,29,0.132785,0.38488257141779325
20047,IIELFTAKGFTVQEM,29,0.231152,0.19524137346910142
20048,IISTFHLSIPNFNQY,29,0.28668000000000005,0.3536884293753966
20049,IITPTNVSHIQSAVV,29,0.1978,0.09869801777778071
20050,IKDVLKYRWLNLSAN,29,0.073198,0.6002009029369922
20051,ILDLCYQLSMRIANQ,29,0.154593,0.6367759930347557
20052,ILKGLYNFATCGLIG,29,0.43333999999999995,0.3602142195908475
20053,ILKGVINIWGSGLLQ,29,0.155161,0.1629998774858998
20054,IMRIKKLTITGKGTL,29,0.192433,0.09388322978610282
20055,INLIIHYVDRPGALG,29,0.62031,0.5316855162961867
20056,IPKGDFLTGPLNFTG,29,0.174557,0.470558467785203
20057,IPSIIHEALNIALIA,29,0.34165300000000004,0.1658125491247997
20058,IPVMAYLVGLFAWVL,29,0.040008999999999996,0.4065012015131168
20059,ISATPEWATPFPHRK,29,0.177228,0.14645383209924853
20060,ISDFRAAIANYHYDA,29,0.6166590000000001,0.7827843208704309
20061,ISGLKPGVDYTITVY,29,0.350285,0.31335375325865833
20062,ITAMSEVQKVSQPAT,29,0.016921000000000002,0.07536570307203021
20063,ITDAVGNDMPGGYCL,29,0.577971,0.31071961811040344
20064,IVLNHMTGAQSGKGT,29,0.0,0.099945307509847
20065,IVQNAYKQMIKSRTL,29,0.32261999999999996,0.28955493342142063
20066,IYEPEDLGNCLNKSD,29,0.077208,0.32875317253549485
20067,IYWTIVKPGDILLIN,29,0.301212,0.686012462526006
20068,KAIKESTGGAYDTYK,29,0.040281,0.15375157995923777
20069,KASNPNYLAILVKYV,29,0.323276,0.2926401048200195
20070,KCKYPEGTKVTFHVE,29,0.331233,0.09707934962415297
20071,KDKWIELKESWGAIW,29,0.182106,0.134448131594732
20072,KEVEEAWASACGGTG,29,0.0,0.07822410548046768
20073,KEYTFPITLSSTSNP,29,0.341079,0.25388944440231853
20074,KFTQFAGKDLESIKG,29,0.039093,0.5697403391841062
20075,KFVDSTVVASVTIID,29,0.5208050000000001,0.33680799698569747
20076,KGKDKWIELKESWGA,29,0.0,0.0896904839009353
20077,KGLHHLQIILSGKMA,29,0.164657,0.16309158643412064
20078,KGSNDHYLALLVKYA,29,0.341061,0.44456917008162533
20079,KHLAVLVKYEGDTMA,29,0.302578,0.4995853539690779
20080,KIEIDQDHQEEICEV,29,0.396617,0.24452242451793466
20081,KKGAGGITIKKTGQA,29,0.029064,0.02156986181666623
20082,KLCLMKAQPTSWPLQ,29,0.36302399999999996,0.13081626208498298
20083,KLCPNNLCCSQWGWC,29,0.085921,0.08753379201576335
20084,KLKIQNVIIDECYGA,29,0.354073,0.5446941762659249
20085,KLPWKNESSIKVIKQ,29,0.333233,0.08786377804071471
20086,KLTITGKGTLDGQGK,29,0.070825,0.08694227327851561
20087,KMDKLELKGMSYAMC,29,0.371737,0.24989358404133255
20088,KMPMYIAGYKTFDGR,29,0.32468400000000003,0.37662117287586067
20089,KNTIVIPKGDFLTGP,29,0.080225,0.5697430366560157
20090,KPPFSGMTGCGNTPI,29,0.116344,0.04948132883985318
20091,KQIANELNYILWENN,29,0.638104,0.2958147058866769
20092,KRFFLPVFSDEVLAG,29,0.49563500000000005,0.778376314261116
20093,KRWIILGLNKIVRMY,29,0.13150699999999999,0.16853191100348835
20094,KSIIKARVVWKAIIE,29,0.27622399999999997,0.19873418430374074
20095,KSMKVTVAFNQFGPN,29,0.349946,0.25017627038822127
20096,KSRTLKSFFAWSLSD,29,0.182571,0.5115466188217253
20097,KSTNGLRIKSYEDAK,29,0.019553,0.25562146352962983
20098,KTDCTKEVEEAWASA,29,0.0,0.08668976089531102
20099,KTLILLETFVRVNPD,29,0.27642100000000003,0.4106262057365485
20100,KTLILLETFVRVNPE,29,0.26032,0.3499005861319486
20101,KTRRFLPQILAECAR,29,0.306014,0.20233797558266972
20102,KTVSEGAVDIINKWQ,29,0.42855699999999997,0.6397629005754231
20103,KVGEVCSFYADPKRY,29,0.385088,0.4286141107928369
20104,KVTFLSQVHPSPLLT,29,0.380372,0.23090471570352716
20105,KYDAYVATLSEALRI,29,0.609424,0.697308192017575
20106,KYKTFEAAFTVSSKR,29,0.22878800000000002,0.5394274089944406
20107,LAQILMDNDLAATND,29,0.396882,0.5307654659644984
20108,LDGNLLSSNDLAKYK,29,0.334987,0.43046558309160593
20109,LDMIITAVNSLISDN,29,0.391899,0.43514452882051474
20110,LEAKATFYGSNPRGA,29,0.0,0.3492410475227803
20111,LEKISNEIKIVATPD,29,0.234037,0.562374615744502
20112,LFFNHHKVMLLGHDD,29,0.41919799999999996,0.2737342044253791
20113,LGAVYRYKKLKEMSA,29,0.164416,0.1688320709735359
20114,LGMNHVLQSIRRNYP,29,0.39960999999999997,0.11885779260971131
20115,LGSQEGAMHTALTGA,29,0.202535,0.054304326469016166
20116,LHFSEALRIIAGTPE,29,0.283722,0.48647031458160667
20117,LIKTLQSKLSRNFTK,29,0.0,0.2036494984487307
20118,LKCRLKMDKLELKGM,29,0.682195,0.22563670687271536
20119,LKLATGMRNVPEKQT,29,0.0,0.152542843908427
20120,LKNCVDAKMTEEDKE,29,0.054074000000000004,0.28061643738968495
20121,LLNEFNNLYADKVSV,29,0.421546,0.592267742470903
20122,LLTWIKMLAAKNLPI,29,0.30578299999999997,0.26605352187911996
20123,LLWDYMCISLSTAIE,29,0.708657,0.6543480054676115
20124,LNIKLNMPLYIAGNK,29,0.322995,0.3978633924604756
20125,LQFAKLTGFTLMGKG,29,0.169097,0.2211674896625554
20126,LQFNQMMNPSHVKFL,29,0.13536900000000002,0.19908144977422856
20127,LQMVGMRRPQQGASG,29,0.0,0.10344441534779637
20128,LQSLWANFYELLADA,29,0.630008,0.5895327858765402
20129,LRAHRLHQLAFDTYQ,29,0.085564,0.45703017494066367
20130,LRIAAKIYSEADEAW,29,0.159202,0.4634655154730581
20131,LRKDYIKRQGSTPLA,29,0.189459,0.26146139447008454
20132,LRTKLMTSRRVLEKE,29,0.0,0.11982443031618122
20133,LRYRYGLFKQRIAKE,29,0.21592399999999998,0.25020828779439586
20134,LSFAAALNGLAGPLH,29,0.217389,0.1600073737698959
20135,LSKDGCTSAKGPDYK,29,0.0,0.05640976207903152
20136,LSPLTKGILGFVFTL,29,0.10560399999999999,0.2362294423481458
20137,LSSNDLAKYKANWIE,29,0.311424,0.3538736597354244
20138,LSYRSLQPETFAVVD,29,0.5421090000000001,0.4030026754703568
20139,LTHMMIWHSNLNDAT,29,0.13515,0.3740469929271267
20140,LVKFVAGDGDVVAVD,29,0.374425,0.31879090654807096
20141,LVKYEGDTMAEVELR,29,0.581426,0.3704309101901683
20142,LVPFVQWFVGLSPTV,29,0.31466500000000003,0.2692000212987209
20143,LVSKLYEVVPGILTE,29,0.43747299999999995,0.26160779021821096
20144,LWNGPMAVSMTGVMR,29,0.376337,0.48761964963130144
20145,LWTQSLRRELSGYCS,29,0.181108,0.14003806715335293
20146,MAFLRSVSRLAAAVF,29,0.410678,0.307804874397272
20147,MASSSSVLLVVALFA,29,0.0,0.08900541471134359
20148,MASSSSVLLVVVLFA,29,0.166983,0.09864665244689592
20149,MDCIIFESASKARLP,29,0.151072,0.7151930293370717
20150,MGEAVQNTVEDLKLN,29,0.25148000000000004,0.3165032808519343
20151,MGNSKSKSNPSSSSE,29,0.10021000000000001,0.03875384390830562
20152,MGQLISFFGEIPSII,29,0.812458,0.28147626656923547
20153,MGRDIKVQFQSGGAN,29,0.23168200000000003,0.3794987411732023
20154,MHWVRQAPGKGLEWV,29,0.279652,0.12088587412658623
20155,MLLRKYGIAAENVID,29,0.333441,0.751860286255317
20156,MNMSRQGIFQTVGSG,29,0.0,0.1483044814023938
20157,MPFVTTQPEALAAAA,29,0.423592,0.2656679234475783
20158,MSFVTTQPEALAAAA,29,0.509364,0.27511956274850147
20159,MSLLTEVETYVLSII,29,0.15791,0.20761623636244408
20160,MSLLTEVETYVLSIV,29,0.20185999999999998,0.20761623636244408
20161,MSQIMYNYPAMMAHA,29,0.572271,0.6278642031350874
20162,MSQIMYNYPAMRAHA,29,0.396983,0.5024109246220553
20163,MVVERLGDYLVEQGM,29,0.25966,0.32775288537215475
20164,MYFHRRDLRLASNAI,29,0.552397,0.6594982073119213
20165,NCEALSLVSHIVKWK,29,0.0,0.15463364391846246
20166,NCVLKKSTNGLRIKS,29,0.069597,0.10955463931317395
20167,NDAIKASTGGAYESY,29,0.13630799999999998,0.19193686311887798
20168,NDFLKTGHYTQMVWA,29,0.193964,0.46372486880407743
20169,NDKPFQNVNRITYGA,29,0.0,0.4304418593129235
20170,NFTVGRIIELFTAKG,29,0.228802,0.2941296336275416
20171,NHFFNHHKVMLLGHD,29,0.178471,0.3106107509676791
20172,NHFFNHHKVMLLGHS,29,0.141102,0.3106107509676791
20173,NHVIQSVRRLYPKIF,29,0.168271,0.22776514948738089
20174,NIWADDLAASLSTLE,29,0.613344,0.7215051150406688
20175,NKGILVTVNPIASTN,29,0.267865,0.3467262491730354
20176,NKNFFWAVKPKAVRQ,29,0.39208000000000004,0.5620908665163061
20177,NKYLEEHPSAGKDPK,29,0.0,0.2091764645692141
20178,NLLWKQIANELNYIL,29,0.0,0.35273352765861793
20179,NLMGKTLILLETFVR,29,0.179791,0.20328824485275396
20180,NLNIKLNMPLYIAGN,29,0.177768,0.3629345250225531
20181,NMVVERLGDYLVEQG,29,0.255008,0.3154668565846421
20182,NNRIWLQFAKLTGFT,29,0.356645,0.369154129722905
20183,NNVVQALTSLGLLYT,29,0.010673,0.24983154080776201
20184,NPRQAYANYRDIDLG,29,0.196765,0.4583845937182275
20185,NRIMADGGSIQNTNL,29,0.5617979999999999,0.31789064389600297
20186,NSFYYMKGGVNTFLI,29,0.299311,0.33617227342493816
20187,NSLVYGASDSNVYDL,29,0.133695,0.49405998507015636
20188,NSVIQALTSLGLLYT,29,0.061286,0.2881173151567655
20189,NSVVQALTSLGLLYT,29,0.0,0.2385503914631741
20190,NVSHIQSAVVCGRRH,29,0.272572,0.1163580664813873
20191,NYLALLVKFVAGDGD,29,0.191237,0.4981324703752049
20192,PAAAYATATPAAATA,29,0.14046,0.01883449591336832
20193,PAGVCPTIGVGGNFA,29,0.046049,0.049203313924377524
20194,PALFFTFLANLNLTE,29,0.29391,0.2567469203775848
20195,PALLALLALPALLLL,29,0.099615,0.023684904776474332
20196,PASWKNNRIWLQFAK,29,0.38795799999999997,0.3220059324567924
20197,PCKGDSVTIKLDGNL,29,0.348704,0.3049953174848626
20198,PCRAGFETNVSHNVQ,29,0.44988500000000003,0.2883261531044073
20199,PDLPYDYGALEPAIS,29,0.14952100000000002,0.3205523791641862
20200,PEGLLWLLLTGKVPT,29,0.33061599999999997,0.28156670218343804
20201,PEQIQLLKKAFDAFD,29,0.208271,0.6089559554046768
20202,PEVKYAVFEAALTKA,29,0.256261,0.5126856024196147
20203,PGTFQTTTGEIGAIA,29,0.257899,0.08174549953897937
20204,PIEHIASMRRNYFTA,29,0.206204,0.5056367408649696
20205,PIIIDQKYCPNKICT,29,0.414263,0.25342147292008815
20206,PIYIVTPTNASHIQS,29,0.248454,0.27067042368602406
20207,PKDSDEFIPMKSSWG,29,0.043663,0.539316644227124
20208,PKGGAESSSKAALTS,29,0.15831199999999998,0.04867118058366874
20209,PLYKLVHVFINTQYA,29,0.251395,0.5014927898847855
20210,PPDAASAAPLRTITA,29,0.143504,0.11967562826012655
20211,PPPPQLGASPYKLGP,29,0.362688,0.07026150631626465
20212,PQVKYAVFEAALTKA,29,0.25498000000000004,0.5407610493271608
20213,PSMGRDIKVQFQSGG,29,0.264363,0.37289543582927587
20214,PSPSMGRDIKVQFQS,29,0.290831,0.30533728217652406
20215,PTHRHLKGEACPLPH,29,0.0,0.025679275745929746
20216,PTLAFPAGVCPTIGV,29,0.39881500000000003,0.123364700058731
20217,PVGEIYKRWIILGLN,29,0.0,0.320504341248566
20218,PVGEIYKRWIIMGLN,29,0.264842,0.3786957935618415
20219,PYGATISATPEWATP,29,0.0,0.10436678080341179
20220,QAGGKLCPNNLCCSQ,29,0.170125,0.09154481321503116
20221,QDHQEEICEVVLAKS,29,0.09262999999999999,0.17124900447785177
20222,QDVLLFTPASTEPQS,29,0.10891600000000001,0.5951943163667093
20223,QEVFKAIQSLKTTEV,29,0.330422,0.2386656906360628
20224,QFKRASPILRFLYAN,29,0.46300699999999995,0.2684207308408848
20225,QFRRVKCKYPEGTKV,29,0.14236300000000002,0.16932444569922878
20226,QGEPGAVIRGKKGAG,29,0.162026,0.0682534612995398
20227,QGEPGRVIRGKKGAG,29,0.070076,0.1043163990575993
20228,QHLCGSHLVEALYLV,29,0.112397,0.14956314914044844
20229,QHNHRPGYHTQTAGP,29,0.0,0.09350427468313766
20230,QIHQYIMALREEYFD,29,0.722248,0.4777879942878568
20231,QIRMAKLLGRDPEQS,29,0.080796,0.20100243050442052
20232,QKLIEDINASFRAAM,29,0.6804720000000001,0.7558916699701418
20233,QKRTLSLLQYARYPI,29,0.0,0.26315311567157
20234,QKYCPNKICTSKGDS,29,0.200465,0.19945585840507205
20235,QLSALWARFPLPVIP,29,0.35644699999999996,0.3936054453321938
20236,QLYSKFLLKAEPLAF,29,0.692992,0.2995436885206444
20237,QPCNGVTMNDVKIEY,29,0.17793299999999998,0.3456999073201821
20238,QPNLKALREKVLGLP,29,0.0,0.10511439236218457
20239,QVPSASMGRDIKVQF,29,0.28512600000000005,0.43902663494104743
20240,RAMFVEDIAMGYVVS,29,0.6511,0.8076978520473924
20241,RCALHWFPGSHLLAC,29,0.19933900000000002,0.19345121408500204
20242,RCALHWFPGSHLLHV,29,0.286101,0.18418694132455876
20243,RDCLIAHGAANTITE,29,0.26206599999999997,0.4180519522118574
20244,RFFVWGDEVPLLTKF,29,0.603245,0.6708645472413424
20245,RFTISRDNSKNTLYL,29,0.79723,0.3557191462577063
20246,RGLLRRARGGPHHRR,29,0.371448,0.07879228591826865
20247,RIDTPDKLTGPFTVR,29,0.309514,0.16820032892647477
20248,RIIAGTLEVHAVKPA,29,0.0,0.13529329641516621
20249,RKELLVTFKNAHAKK,29,0.102228,0.40460369824882986
20250,RKHIEWNCDVCRHGD,29,0.055253,0.5572831156635095
20251,RLATAIAGAWENGVC,29,0.0,0.20029012351489664
20252,RLEFDEFVTLAAKFI,29,0.14167000000000002,0.5172064536930382
20253,RLKGESRKTFVELMR,29,0.47256000000000004,0.11374129493113642
20254,RLMSMKSVQNNTVLK,29,0.21578200000000003,0.22615208072810492
20255,RMAMTDTTPFGQQRV,29,0.21592199999999998,0.2000409415083629
20256,RMFSSTLRAAVPWYA,29,0.344877,0.45655580935135415
20257,RMVLASTTAKAMEQM,29,0.100908,0.2129043621107149
20258,RNFQKVNPEGLIKEF,29,0.170265,0.1863817978966056
20259,RNTLLFLDLIILNFV,29,0.080762,0.5360238711879184
20260,RPGVSKKFLSLLTSS,29,0.0,0.3106902161204509
20261,RQGIFQTVGSGLDHI,29,0.11722300000000001,0.3413707628983629
20262,RQKIIYSGAVNLDDE,29,0.126628,0.7146935643586134
20263,RRRVMIQSSGGKLRL,29,0.079571,0.1403259626821622
20264,RSRPRRTTRRMDRRT,29,0.34658,0.13831295359905268
20265,RTATNIWIDHNSFSN,29,0.513836,0.46862491514283094
20266,RTITADTFRKLFRVY,29,0.3983,0.4142004906433662
20267,RVIRGKKGAGGITIK,29,0.028936,0.04074189700261842
20268,RVWEQIFSTWLLKPG,29,0.24920799999999999,0.2867753750400353
20269,RVYCDPCRAGFETNV,29,0.207864,0.30382800135297416
20270,SAAPLRTITADTFRK,29,0.292507,0.34888591313087725
20271,SADEVQRMMAEIDTD,29,0.07596900000000001,0.48837235282718305
20272,SAIRAAPEAARSLAS,29,0.45201199999999997,0.1397160396391311
20273,SCLDGKLCLMKAQPT,29,0.028082,0.3951342404048929
20274,SDDQISIMKLPLSTK,29,0.0,0.6166409263537826
20275,SFGIVVAWQVKLLPV,29,0.247058,0.29653450619960015
20276,SGRVTRDSRRLRRIC,29,0.47921899999999995,0.15470952150713949
20277,SGTVDFDEFMEMMTG,29,0.072642,0.37160215909744326
20278,SHIQSAVVCGRRHGV,29,0.25103000000000003,0.13332877499945237
20279,SIAQHLVSDRPIMRY,29,0.589197,0.5255483894219485
20280,SPILRFLYANVGEEA,29,0.293508,0.3020636847892311
20281,SRAEVSYVHVNGAKF,29,0.6231949999999999,0.39283676491456176
20282,SRCYSIYLSINGVLE,29,0.163392,0.394256143144777
20283,SRFFVMGEETPLLTK,29,0.351244,0.4219616884167435
20284,SRSFLKHSLLRTQRL,29,0.188313,0.16923673987066734
20285,SSILTDSQTATKRIR,29,0.36289099999999996,0.26712145379563285
20286,SSKAATAKAPGLVPK,29,0.17116199999999998,0.04299845231221363
20287,SSTVKLRQNEFGPAR,29,0.0,0.14884425095881149
20288,SSYAATEVANAAAAS,29,0.208804,0.43104822061927134
20289,SSYAATEVANAAAGQ,29,0.271727,0.3261318282666579
20290,STVVASVTIIDRSLP,29,0.42183100000000007,0.5676369726339917
20291,STWLLKPGAGIMIFD,29,0.524436,0.6731912018816317
20292,SVLLVVALFAVFLGS,29,0.11882000000000001,0.02904712183847541
20293,SVRIRVRSGGHDYEG,29,0.25650500000000004,0.10214966135571954
20294,SVTIKLDGNLLSSND,29,0.623233,0.49926587390518307
20295,SVYLSDNGVMSEQGS,29,0.431933,0.4260830933311169
20296,SWKLEKASLIEVKTC,29,0.457696,0.12774486362065873
20297,SYVHVNGAKFIDTQN,29,0.529794,0.5264159801814926
20298,TAAVELARALVRAVA,29,0.482293,0.09435070550538012
20299,TAKAPGLVPKLDAAY,29,0.15259,0.16860581788452478
20300,TANVPPADKYKTLEA,29,0.11786400000000001,0.20361638937809254
20301,TATSASAGWDTVLQS,29,0.189324,0.2628169289069241
20302,TDALRTLGSTSADEV,29,0.031356999999999996,0.2609149127242829
20303,TDFAGKTVWFVPSIK,29,0.10681600000000001,0.3336494079948772
20304,TDTTPFGQQRVFKEK,29,0.244437,0.16899904562137044
20305,TFYGSNPRGAAPDDH,29,0.0,0.20833747797171775
20306,THMMIWHSNLNDATY,29,0.255801,0.5422350648870625
20307,THMMIWHSNLNDTTY,29,0.205923,0.41746070313150724
20308,TIAAMMTSPLSVASM,29,0.333183,0.15767927280728208
20309,TISNNLFFNHHKVML,29,0.44016400000000006,0.48896586964721783
20310,TKKFDEVVKANGGYL,29,0.009882,0.5267450583654092
20311,TKVTFHVVGVGPLLH,29,0.347977,0.12166264988034939
20312,TLELLYADTVAFCFR,29,0.562347,0.612162977198719
20313,TLGSTSADEVQRMMA,29,0.332784,0.2895726849108476
20314,TNFKYNYSVIEGGPI,29,0.481879,0.4090632159489255
20315,TPLTLVDICFWSTLF,29,0.435683,0.6117660942553754
20316,TPTNASHIQSAVVCG,29,0.22044899999999998,0.1732389884213938
20317,TRKYLPAIVREAIKR,29,0.32608400000000004,0.3031833223310996
20318,TRSAYERMCNILKGK,29,0.0,0.25840201347454606
20319,TSSDDQITLIKTPSL,29,0.195365,0.23300272655698276
20320,TVAAAPQVKYAVFEA,29,0.15604200000000001,0.20080966066426467
20321,TVLAFPAGVCPTIGV,29,0.24989,0.13635997122455462
20322,TWQGGSGMASHIIYE,29,0.191521,0.2435965678978792
20323,TYSQLMTLKDAKMLQ,29,0.0,0.4765583241611229
20324,VATLSEALRIIAGTL,29,0.071784,0.3557866015944075
20325,VDGRGNYNTDLLPDW,29,0.541497,0.3226575205567782
20326,VDIKPKDSDEFIPMK,29,0.196849,0.6279770684978945
20327,VDLAKSLRIAAKIYS,29,0.35897199999999996,0.7016191595070774
20328,VEALYLVCGERGFFY,29,0.22372899999999998,0.21196738640656243
20329,VEDEARRMWASAQNI,29,0.181131,0.3921764841738961
20330,VEKSQLLNEFNNLYA,29,0.32861999999999997,0.30598930757270904
20331,VFGNCEGVKIIGISI,29,0.315698,0.07865876567885209
20332,VFHTLWHTTKGAALM,29,0.0,0.18598722913889582
20333,VGNVAWMHVLAAKYI,29,0.368848,0.41624947235648646
20334,VHAQTVEDEARRMWA,29,0.596322,0.1894202745235805
20335,VIPANWKPDTVYTSK,29,0.649674,0.4404365985748798
20336,VKGDPVGILYAVFKA,29,0.36295,0.4076208132260383
20337,VKIEYSGTNNKTMAV,29,0.198681,0.2570787274894968
20338,VKPLYIITPTNVSHI,29,0.537234,0.2936163384523366
20339,VKQNTLKLATGMRNV,29,0.245587,0.18517552452973088
20340,VLDILTANKLIRQKL,29,0.36034,0.32973790517595664
20341,VLRTKLMTSRRVLER,29,0.16784300000000002,0.13237252499630398
20342,VNFYAWKRMEVGQQA,29,0.073772,0.39745890818330554
20343,VNYWFAPGAAAAPLS,29,0.225566,0.30426376849946857
20344,VPKKKKDKDIPQSSE,29,0.0,0.29683041006253513
20345,VPPADKYKTFEAAFT,29,0.289473,0.2683480346651965
20346,VQNTVEDLKLNTLGR,29,0.119823,0.506355323722799
20347,VRILRRVHHRKYLTD,29,0.770386,0.13113596099628846
20348,VRSGGHDYEGLSYRS,29,0.220663,0.11882937691905632
20349,VSEALRIIAGTLEVH,29,0.24967199999999998,0.30369962819874086
20350,VSIISILKGVINIWG,29,0.245694,0.10748729662513459
20351,VSVDCSEYPKPDCTA,29,0.044635,0.11097451772128852
20352,VTMNDVKIEYSGTNN,29,0.25041199999999997,0.3793298804248418
20353,VTVDAAVLAAIDADA,29,0.583721,0.21826642609025
20354,VVLGLATSPTAEGGK,29,0.0,0.1885018173791902
20355,VVSRLLIPVPFDPPA,29,0.25455,0.38904357046228216
20356,VWRIDTPDKLTGPFT,29,0.733015,0.5008847487354896
20357,WAVKPKAVRQIEDQL,29,0.330623,0.4114361936466006
20358,WEQIFSTWLLKPGAG,29,0.5643520000000001,0.19704181256612424
20359,WGAIWRIDTPDKLTG,29,0.721688,0.6352290037120775
20360,WGAIWRIDTPEVLKG,29,0.8076720000000001,0.7947320242946571
20361,WIELKESWGAVWRID,29,0.794613,0.5035007642348867
20362,WKPDTVYTSKLQFGA,29,0.258222,0.3551243146249708
20363,WPKSHTLWSNGVLES,29,0.41853900000000005,0.23517566310844057
20364,WQKGEEVQVIAVEPG,29,0.22010100000000002,0.06299729044338945
20365,YANYRDIDLGRNEVV,29,0.582699,0.5503048091464989
20366,YEYKVQQAMSNLVLG,29,0.37540300000000004,0.38174311055819693
20367,YGIAAENVIDVKLVD,29,0.15170699999999998,0.4918223684236326
20368,YKDVDKPPFSGMTGC,29,0.29319,0.5160724948057295
20369,YKKLRTSSFALNLPT,29,0.563194,0.41281162837952656
20370,YLAILVKYVDGDGDV,29,0.317558,0.34981893549399945
20371,YLEEHPSAGKDPKKT,29,0.0,0.09095915525832964
20372,YLVCGERGFFYTPKT,29,0.07078999999999999,0.15331768250408007
20373,YNFATCGLIGLVTFL,29,0.034682,0.218111367376508
20374,YPFIEQEGPEFFDQE,29,0.559921,0.1899278154773417
20375,YRKILRQRKIDRLID,29,0.243079,0.6312715098838323
20376,YTTEGGTKGEAKDVI,29,0.0,0.06297928312305524
20377,YVVSSFDNIKVFLEG,29,0.530984,0.549236000344949
20378,YWTIVKPGDILLINS,29,0.146778,0.6459181418326128
20379,AALHPFALLLVLAGWK,29,0.0,0.24373667751739322
20380,DKGIPFMKMNISVIMK,29,0.714316,0.4095422968048411
20381,PKQMLVGGVVLLGAMK,29,0.0,0.1576778853366763
20382,SLLWNGPMAVSMTGVK,29,0.505363,0.2889482315010787
20383,ALWNLHGQALFLGIVL,29,0.0,0.22988181960122495
20384,CSAVPVHWVPTSRTTW,29,0.283049,0.09011174811220354
20385,CYGGHTNEDDSNFAHW,29,0.0,0.39640142484257984
20386,EEDKENALSLLDKIYT,29,0.144239,0.3773984956035284
20387,EGELHGRQIRMAKLLG,29,0.213928,0.11131479551845047
20388,GKWYLKAMTADQEVPE,29,0.36039299999999996,0.4326610908177198
20389,KFDSQLAHRHMARELH,29,0.2044,0.24114503561600437
20390,LKAMTADQEVPEKPDS,29,0.0,0.13787321142138861
20391,LNKIVRMYSPVSILDI,29,0.357792,0.5981811059749256
20392,MAKLLGRDPEQSQEAL,29,0.0,0.12245068759707217
20393,MVSRLLLNRFTMTHRR,29,0.286988,0.2602066253470934
20394,RQIRMAKLLGRDPEQS,29,0.17613,0.14586939273355504
20395,SAEVEEHRTIRVLEMV,29,0.0,0.14284909477503258
20396,SPEVIPMFSALSEGAT,29,0.16075,0.2907718349499302
20397,WHTTKGAALMSGEGRL,29,0.0,0.07863029105704673
20398,IWYMWLGARYLEFEAKK,29,0.0,0.27048244622686823
20399,KKEGNTSLLWNGPMAVS,29,0.491933,0.21933252600241115
20400,KKGLNWITKVIMGAVLI,29,0.0,0.3364012687174526
20401,KKITKVIMGAVLIWVGI,29,0.0,0.13708278989460113
20402,KKLVGGVVLLGAMLVGQ,29,0.0,0.10604586155698247
20403,KKSGARSNVTFTVNQTS,29,0.25708400000000003,0.21027935723229338
20404,KKTLLDLLKLTVAVGLH,29,0.400106,0.32529216024356356
20405,KKVGQVTLLDLLKLTVA,29,0.532098,0.2854778314340564
20406,NSYIAEMETESWIVDKK,29,0.442402,0.42768532553999916
20407,SGQVVTYALNTITNLKK,29,0.401661,0.37002726024158106
20408,TVFGSAFQGLFGGLNKK,29,0.0,0.16205710126104272
20409,VLTLGAAMVEIALGGKK,29,0.0,0.1389650722536239
20410,WLGARYLEFEALGFLKK,29,0.682619,0.20537303035495214
20411,AIQQVRSLIGNEEFLDY,29,0.168331,0.2791049381491441
20412,CVDAKMTEEDKENALSL,29,0.089867,0.12403063477162869
20413,EHREVLWKFDSQLAHRH,29,0.722059,0.6358752573230825
20414,KIPGGAMYADDTAGWDT,29,0.648493,0.5140886049821717
20415,LTYQNKVVKVQRPTPKG,29,0.221136,0.31442864644271507
20416,MVTQMAMTDTTPFGQQR,29,0.47460399999999997,0.43456232023236546
20417,NEDDSNFAHWTEARIML,29,0.093145,0.433208260194794
20418,PETPNMDVIGERIKRIK,29,0.330909,0.28657701163443516
20419,PTPKGTVMDIISRKDQR,29,0.17888099999999998,0.30153776634352775
20420,PWDVVPMVTQMAMTDTT,29,0.0,0.22655292883779718
20421,RLNDTWKLERAVLGEVK,29,0.101725,0.32852092333403454
20422,VVKVQRPTPKGTVMDII,29,0.262772,0.1875003703291877
20423,WLGARYLEFEALGFLNE,29,0.699284,0.34645743807019425
20424,YAHAAHAAHAAHAAHAA,29,0.0,0.01176243351443391
20425,YLGKREDQWCGSLIGLT,29,0.595935,0.5116260171840167
20426,EGRVEIDFDYCPGTTVTL,29,0.213491,0.42100025381809725
20427,GAGVMVEGVFHTLWHTTK,29,0.0,0.10814851983821022
20428,GKLITDWCCRSCTLPPLR,29,0.079085,0.18100212807864832
20429,GWLSCLSITWTLIKNMEK,29,0.24563200000000002,0.08246554640380527
20430,IDPFQLGLLVVFLATQEV,29,0.125289,0.4073256291876914
20431,LRAEQASQEVKNWMTETL,29,0.03464,0.05018097407194211
20432,MATFKIQPVFMVASFLKA,29,0.0,0.20962472760107392
20433,NVTENFNMWKNNMVEQMH,29,0.574449,0.1275090812938446
20434,PVGDIYKRWIILGLNKIV,29,0.457396,0.3952577367910565
20435,REDQRGSGQVVTYALNTF,29,0.057755999999999995,0.28781390640186244
20436,SCIAIGIITLYLGAVVQA,29,0.23748000000000002,0.304298115825119
20437,SELYLYKVVKIEPLGVAP,29,0.3237,0.22078461173330566
20438,WVKVVEEKGFNPEVIPMF,29,0.208218,0.09517982797629423
20439,YAQMWLLLYFHRRDLRLM,29,0.20884499999999998,0.38254359123283777
20440,YFHRRDLRLMANAICSAV,29,0.052777,0.3803684051112433
20441,YVDRFYKTLRAEQASQEV,29,0.277061,0.38629856768928633
20442,GEIYKRWIILGLNKIVRMY,29,0.46313999999999994,0.2711593494219463
20443,GLFNPMILAAGLIACDPNR,29,0.09013,0.3989799790424246
20444,LGVLLLIGCWYCRRRNGYR,29,0.481288,0.1909919650710525
20445,LPPWFPPMVEGAAAEGDDG,29,0.0,0.2765866833153653
20446,WEALKYLWNLLQYWGQELK,29,0.147927,0.2682412658530774
20447,AALLVVAVGLRVVCAKYALA,29,0.059378,0.07440810897965147
20448,DTEVHNVWATQACVPTDPNP,29,0.0,0.24389050133906756
20449,EAKYDAYVATLSEALRIIAG,29,0.5212180000000001,0.4270048756299247
20450,ESWGAVWRIDTPDKLTGPFT,29,0.807095,0.6482943043204318
20451,FPQPQLPYSQPQPFRPQQPY,29,0.0,0.03687158228939418
20452,GFGMLLRKYGIAAENVIDVK,29,0.344376,0.7290368656406154
20453,HAPAAPANPGLIIGALAGST,29,0.0,0.042546966869200245
20454,IEPIVATNWQKLEAFWHKHM,29,0.13705499999999998,0.2438689084313724
20455,KDKWIELKESWGAIWRIDTP,29,0.776129,0.4410366022466647
20456,KIIGGIGGFVKVRQYDQIPI,29,0.192167,0.11517733777845549
20457,KMIGGIGGFVKVRQYDQIPI,29,0.161166,0.10541018480180182
20458,KRWIILGLNKIVRMYSPTSI,29,0.485063,0.22842667899207403
20459,LIIGALAGSTLAALVIGGIA,29,0.191604,0.08619944858770968
20460,LLQELCCQHLWQIPEQSQCQ,29,0.0,0.034118484333035916
20461,LYKYKVVKIEPLGVAPTKAK,29,0.455978,0.09762578416532136
20462,PELVPEDPEDSALLEDPAGT,29,0.30445300000000003,0.03493939441009282
20463,PHHTALRQAILCWGELMTLA,29,0.412708,0.11883332803209541
20464,QNPSQQQPQEQVPLVQQQQF,29,0.0,0.04181609749190032
20465,VATLSEALRIIAGTLEVHAV,29,0.21319000000000002,0.19027560705358038
20466,VRVPVPQLQPQNPSQQQPQE,29,0.0,0.02781827985327852
20467,WGAIWRIDTPDKLTGPFTVR,29,0.819113,0.5889198236886491
20468,YIITPTNVSHIQSAVVSGRR,29,0.22309099999999998,0.1620549179693835
20469,EQEILNYMSPHHKKLHHHHHH,29,0.393216,0.20629719499464755
20470,GAGKTRRFLPQILAEHHHHHH,29,0.505363,0.4899100457375265
20471,GSRAIWYMWLGARYLHHHHHH,29,0.0,0.2805920802173335
20472,HTMWHVTRGAFLVRNHHHHHH,29,0.244623,0.32651474865340435
20473,IWYMWLGARYLEFEAHHHHHH,29,0.0,0.5461186088229965
20474,MFFVKNPTDTGHGTVHHHHHH,29,0.256281,0.38237080506389237
20475,TRRFLPQILAECARRHHHHHH,29,0.512652,0.3105247932932638
20476,VLVMLVLLILAYRRRWRRLTV,29,0.442402,0.08027659432420703
20477,LPKPPKPVSKMRMATPLLMGALPM,29,0.100878,0.03835783066150928
20478,LPKPPKPVSKMRMATPLLMQALPM,29,0.100878,0.043346997514001104
20479,PQCRLTPLSRLPFGMAPGPGPQPG,29,0.0,0.07272021513680565
20480,KTSLYNLRRGTALAIPQCRLTPLSRL,29,0.0,0.07516131623850929
20481,ITQFILEHRAKGSCKYALPLRIPPSACLSPQ,29,0.064063,0.14716413558318825
20482,EDNLGFLMHAPAFETAGTYLRLVKINDWTEITQF,29,0.29658,0.9587642116187833
20483,SLAEGIVLASA,30,0.0,0.08898626967856846
20484,PRFLEQVKHECHF,30,0.0,0.08711008812822961
20485,SPEVIPMFSALSE,30,0.16988599999999998,0.1852098932326794
20486,EYRSTVNPWASQLG,30,0.511251,0.5150760054479482
20487,KPLLIIAEDVEGEY,30,0.0,0.08503566636803749
20488,NTSYRLISCNTSVI,30,0.437479,0.3777730969623574
20489,RETQISKTNTQTYR,30,0.320334,0.2513724893518823
20490,TDRESLRNLRGYYN,30,0.051320000000000005,0.45049245981166547
20491,AEMETESWIVDRQWA,30,0.0,0.41397114564312676
20492,AEMVIHHQHVQDCDE,30,0.560657,0.2577660319649244
20493,AGWLFHVRGARRSGD,30,0.7381449999999999,0.3525663135067509
20494,CEHLEDGIYGIFQST,30,0.0,0.165679332914296
20495,CGSYVTKTSGSAASM,30,0.668799,0.4280277169003365
20496,CTDKMFFVKNPTDTG,30,0.714316,0.3024123365098824
20497,DCRTAFKPVLVDEGR,30,0.0,0.3845597439973196
20498,DGGGFYADDTAGWDT,30,0.466584,0.21033409994589536
20499,DLDDEQEILNYMSPH,30,0.378783,0.16375773977500482
20500,DQGCSSALGSGPYGA,30,0.0,0.062447008416916173
20501,DQRGSGQVVTYALNT,30,0.723124,0.6250119559019577
20502,EEPDDIDCWCYGVEN,30,0.0,0.30695644669248656
20503,EERVERIKSEYMTSW,30,0.0,0.23492828278831898
20504,EHEILNDSGETVKCR,30,0.399407,0.44087486342762583
20505,EQEILNYMSPHHKKL,30,0.606029,0.47030461261955664
20506,ERIKSEYMTSWFYDN,30,0.0,0.36689603504020174
20507,ERKLHQQGRCRTCVY,30,0.0,0.38528648478491634
20508,FEALGFLNEDHWASR,30,0.39857600000000004,0.6206694526914618
20509,FHVRGARRSGDVLWD,30,0.0,0.34098530928967047
20510,FSSAGGFFTSVGKGI,30,0.0,0.22332556022792857
20511,FYADDTAGWDTRITE,30,0.0,0.12453278613725624
20512,GAAMVEIALGGVMGG,30,0.0,0.09549202270978188
20513,GAGKTRRFLPQILAE,30,0.0,0.3732914669805176
20514,GAMLVGQVTLLDLLK,30,0.0,0.25935337059781166
20515,GCSSALGSGPYGALG,30,0.322378,0.08403951959401275
20516,GDSYYYSEPTSENNA,30,0.548715,0.6714635743742813
20517,GGVFHTMWHVTRGAF,30,0.718615,0.22317613905624212
20518,GKCDSAGRSRRSRRA,30,0.0,0.1371071159125603
20519,GKEFIRCLALPFRGY,30,0.8344,0.32633067922195147
20520,GKGEWMTTEDMLEVW,30,0.0,0.18132124545182327
20521,GKNLVFSPGRKNGSF,30,0.688783,0.6377075943540531
20522,GKTFSVGTGNCTTNI,30,0.59385,0.4169644242077815
20523,GLALSHLNAMSKVRK,30,0.656779,0.7250744463517756
20524,GLCAFLATRIFGRRS,30,0.671403,0.5859585581386861
20525,GLFGGLNWITKVIMG,30,0.0,0.6517086288385762
20526,GLRTLWSPRERLVLT,30,0.51554,0.5107719463713984
20527,GPLDKEAIEERVERI,30,0.0,0.05881827011368219
20528,GPLIEGNTSLLWNGP,30,0.44329300000000005,0.41449671576349495
20529,GPLRISASSAAQRRG,30,0.9359370000000001,0.5842184675364923
20530,GRWDGEEEVQLIAAV,30,0.0,0.0886029529150491
20531,GSRAIWYMWLGARYL,30,0.5369,0.479377522889699
20532,GTSDEFPHSNGEIED,30,0.0,0.11290693938796255
20533,HGVAKNPVVDGNPTV,30,0.578148,0.3217283624821857
20534,HTMWHVTRGAFLVRN,30,0.9359370000000001,0.6200080952903857
20535,HVTRGAFLVRNGKKL,30,0.732862,0.5248893680559872
20536,IEEAPEMPALYEKKL,30,0.0,0.06554913727782762
20537,IGKLFTQTMKGVERL,30,0.0,0.24114874157894908
20538,IHHQHVQDCDESVLT,30,0.366595,0.12266063690979959
20539,IHLVIHRIRTLIGQE,30,0.666267,0.220279775267466
20540,IHRIRTLIGQEKYTD,30,0.599739,0.14637022800591334
20541,ISGSSARYDVALSEQ,30,0.0,0.3158806201951056
20542,ISRRDQRGSGQVVTY,30,0.402377,0.2810480650905876
20543,KEAIEERVERIKSEY,30,0.0,0.1463619618086395
20544,KEFIRCLALPFRGYL,30,0.8984629999999999,0.41226910847201703
20545,KGIHTVFGSAFQGLF,30,0.0,0.23818162120772676
20546,KKGMTTVLDFHPGAG,30,0.439996,0.19107719145368404
20547,KNPTDTGHGTVVMQV,30,0.0,0.09013828355698271
20548,KNPVVDGNPTVDIEE,30,0.0,0.23649596488950683
20549,KRVPMALQHFGWEVM,30,0.381725,0.28866189846845747
20550,KTKNKTNWKQTWTFK,30,0.369772,0.44461150791494936
20551,KYSYYPEDPVKLASI,30,0.45246099999999995,0.3649176459094158
20552,LAEGIVLASAALGPL,30,0.541966,0.2569538400490317
20553,LDKRQFELYKRTDIV,30,0.0,0.20235340741407712
20554,LGLTQPFLGLCAFLA,30,0.0,0.1844820935185161
20555,LNDSGETVKCRAPGG,30,0.0,0.46260519103572845
20556,LNYMSPHHKKLAQAV,30,0.598531,0.36323602730439264
20557,LPQILAECARRRLRT,30,0.650253,0.3945319101103138
20558,LQEIPTMLKKGMTTV,30,0.364377,0.21163545060853803
20559,LRTLVLAPTRVVLSE,30,0.7703369999999999,0.5822333768362639
20560,LSFMDKGIPFMKMNI,30,0.397615,0.28705322272418227
20561,LTAAINKGILVTVNP,30,0.8984629999999999,0.5874175386189225
20562,LVDEERKLHQQGRCR,30,0.0,0.07865158829736274
20563,MFFVKNPTDTGHGTV,30,0.8344,0.29473396244199723
20564,MKGVERLAVMGDTAW,30,0.386684,0.13599527853940516
20565,MLGARYLEFEALGFL,30,0.0,0.11442030333181752
20566,MSIHGKGEWMTTEDM,30,0.0,0.06164824563026497
20567,NLWKMKTGRRGSANG,30,0.310423,0.29081768779214456
20568,NSYIAEMETESWIVD,30,0.240867,0.3125072445774601
20569,NVYQRGTHPFSRIRD,30,0.9359370000000001,0.4224732558004623
20570,PFSRIRDGLQYGWKT,30,0.0,0.29876519900498255
20571,PSWASVKEDLVAYGG,30,0.0,0.2804976694743801
20572,PTMLKKGMTTVLDFH,30,0.5647300000000001,0.24620277690368808
20573,PTSENNAHHVCWLEA,30,0.0,0.41792165798415076
20574,PTVDIEEAPEMPALY,30,0.0,0.07794015770302487
20575,QRMFTREELIHFPEF,30,0.0,0.2112226790527464
20576,RERLVLTLGAAMVEI,30,0.650253,0.30015034926467987
20577,RGTHPFSRIRDGLQY,30,0.0,0.2716784841896201
20578,RLGKEFIRCLALPFR,30,0.650253,0.2975210308910395
20579,RMLEPTRVVNWEVII,30,0.386562,0.4681608853537557
20580,RVAYGKCDSAGRSRR,30,0.433936,0.20196856488964096
20581,SARYDVALSEQGEFK,30,0.0,0.18041189623294573
20582,SEYMTSWFYDNDNPY,30,0.449542,0.49169500311419756
20583,SHLNAMSKVRKDISE,30,0.40877399999999997,0.5876058973588354
20584,SNVTFTVNQTSRLLM,30,0.8718739999999999,0.9093059634545907
20585,SVGTGNCTTNILEAK,30,0.323719,0.4161854270622495
20586,SVKEDLVAYGGSWKL,30,0.0,0.22872688935800745
20587,TARRHLAEGKVDTGV,30,0.0,0.08868275205791964
20588,TESWIVDRQWAQDLT,30,0.60734,0.4648296610107684
20589,TLTYRMLEPTRVVNW,30,1.0,0.7152707846246222
20590,TPFSLAEGIVLASAA,30,0.553751,0.4075504936576395
20591,TRRFLPQILAECARR,30,0.663802,0.22927040748457952
20592,TRVVLSEMKEAFHGL,30,0.573455,0.22913435509766483
20593,VAIKGPLRISASSAA,30,0.600963,0.5091256808817196
20594,VDGNPTVDIEEAPEM,30,0.0,0.0761990133162189
20595,VDRDTARRHLAEGKV,30,0.0,0.10309817378568134
20596,VLAPTRVVLSEMKEA,30,0.602204,0.4132268531489277
20597,VLAPYMPDVLEKLEL,30,0.310264,0.24885326691386475
20598,VLEKLELLQRRFGGT,30,0.8344,0.27653975393063435
20599,VPTSWVPQGRTTWSI,30,0.410642,0.20899419914750414
20600,VTKTSGSAASMVNGV,30,0.0,0.3840555362957213
20601,VTRMAMTDTTPFGQQ,30,0.0,0.15802471722959854
20602,WKTWGKNLVFSPGRK,30,0.486063,0.7114986650509312
20603,WSIHGKGEWMTTEDM,30,0.31858600000000004,0.09219126746085962
20604,YMPDVLEKLELLQRR,30,0.149018,0.09754849965308471
20605,YYSEPTSENNAHHVC,30,0.0,0.5493138497789961
20606,AAAAPAAVGAAVGGT,30,0.0,0.038206053525635546
20607,AAAGLAAAAPLESRQ,30,0.357636,0.17960909381875192
20608,AAGAQLLWQLPLLSI,30,0.14288800000000001,0.1405067756821722
20609,AAGVAAWSLIALMIP,30,0.0,0.4042023632711242
20610,AALPLLFFALAGQRI,30,0.219615,0.22396721106716191
20611,AAPEAARSLASSLPG,30,0.050267,0.20214052032232574
20612,AAPLSWSKDIYNYME,30,0.32807,0.4052744824876509
20613,AASGADGTYDITKLG,30,0.0,0.04645984072067486
20614,AAVELARALVRAVAE,30,0.187651,0.0935456696711726
20615,ADNSLDYAANFSHML,30,0.475876,0.6018714255612049
20616,AELMILIATNLLGQN,30,0.407543,0.5682325583910913
20617,AFMLAWNYGVPRVMS,30,0.818125,0.7737407030125945
20618,AGALEVHAVKPVTEE,30,0.0,0.05202984230025496
20619,AGAWRTAAVELARAL,30,0.608823,0.3163260151876159
20620,AGRFEVHAQTVEDEA,30,0.198511,0.10327215661078373
20621,AGWDTVLQSITTILA,30,0.033272,0.24038153925425276
20622,AHARSYQTLSTQAAA,30,0.42195699999999997,0.31223607072997095
20623,AINIFNVEKYGAVGD,30,0.0,0.7826984057649585
20624,AKPDGKTDCTKEVEE,30,0.0,0.01666415847813453
20625,ALKESWGAIWRIDTP,30,0.159633,0.4362307024431203
20626,ALLPRAGAAAAAALP,30,0.051078,0.11065215617557142
20627,ALQSHDDVALVSVMW,30,0.21234699999999998,0.21699681697054787
20628,ALRVIAGALEVHAVK,30,0.299582,0.25462463132782254
20629,ALSDPYLSFAAALNG,30,0.31205700000000003,0.5134935306077629
20630,ALTKAITAMSEVQKV,30,0.12194100000000001,0.33501616835824033
20631,APGAAAAPLSWSKDI,30,0.047947000000000004,0.18285176634808173
20632,APNGGFRRIPRGALH,30,0.492568,0.3826515172234955
20633,AQAVYDFRSIVDYLR,30,0.320943,0.31650523046028983
20634,AQIYQAVSAQAAAIH,30,0.761166,0.4952892121054556
20635,ASAAILGHDGTVWAQ,30,0.097328,0.17996682247335755
20636,ASNPNYLAILVKYVD,30,0.43464200000000003,0.6296835300790945
20637,ATPPPPPPPQLGASP,30,0.0,0.013351714189357064
20638,ATSPTAEGGKATTEE,30,0.0,0.02275146770545549
20639,ATTANVPPADKYKTF,30,0.256954,0.12157585325121065
20640,AVFEAALTKAITAMS,30,0.27096,0.37381722412673385
20641,AVFEAALTKAITAMT,30,0.26431,0.3840591483893773
20642,AVHVWLRLPAGRVEI,30,0.351401,0.42545723929186197
20643,AVIRGKKGAGGITIK,30,0.0,0.08146804568206346
20644,AVMLTFDNAGMWNVR,30,0.671114,0.6480241021098118
20645,AWASACGGTGKNTIV,30,0.0,0.06923890452577429
20646,AWMSAAATQAEQAAT,30,0.31514200000000003,0.30132686954026733
20647,AYGSFVRTVSLPVGA,30,0.8261850000000001,0.7547023147031966
20648,AYSDDKSMKVTVAFN,30,0.32172,0.4053515520798592
20649,AYVATVSEALRIIAG,30,0.624625,0.47297473890923736
20650,CADILAIASRVLVTM,30,0.0,0.5707320267848777
20651,CDASILIDPLSNQSA,30,0.120858,0.3590498523565566
20652,CGGTGKNTIVIPKGD,30,0.0,0.20648252889106372
20653,CGYKDVDKPPFDGMT,30,0.580467,0.11126082547163511
20654,DALTLRTATNIWIDH,30,0.19570099999999999,0.46837094604391716
20655,DCSEYPKPDCTAEDR,30,0.0,0.09865166706702623
20656,DEARRMWASAQNISG,30,0.28167,0.6127801106498718
20657,DESWQQFRQELIPLL,30,0.306162,0.2051883688090931
20658,DGQGKAVWGKNSCAK,30,0.22862800000000003,0.348581140120303
20659,DHTNFKYNYSVIEGG,30,0.595915,0.6532503037171711
20660,DIDLGRNEVVNDVST,30,0.16983199999999998,0.5092347126303939
20661,DIFTNSRGKRASKGN,30,0.014072999999999999,0.5667426888946234
20662,DIKVQFQSGGNNSPA,30,0.125685,0.51241912865643
20663,DINASFRAAMATTAN,30,0.418729,0.5773337084755134
20664,DITVKNCVLKKSTNG,30,0.253895,0.40547065029127083
20665,DKKCIEWEKAQHGAC,30,0.310636,0.08268961906261363
20666,DKLTGPFTVRYTTEG,30,0.105022,0.17799934794004052
20667,DLVANQPNLKALREK,30,0.639955,0.44794030049923317
20668,DVDIIVDARLDLSST,30,0.09023300000000001,0.18948734563622213
20669,DVFYNGAYFVSSGKY,30,0.613057,0.5000676362094445
20670,DVLSQPMLPHTWDGS,30,0.230602,0.20389647832578534
20671,EAAFNKAIKESTGGA,30,0.251217,0.4730253520334277
20672,EAYRMRFAAVITRVI,30,0.43765200000000004,0.5768895954017054
20673,EDPLFQLVSKLYEVV,30,0.264396,0.4474226804533221
20674,EEFVSLASRFLVEED,30,0.304127,0.33318785897250003
20675,EFIPMKSSWGAIWRI,30,0.092815,0.4332766725585591
20676,EFVTLAAKFIIEEDS,30,0.154253,0.3111899834939929
20677,EGHHLASAAIFGHDG,30,0.393728,0.2918033139079492
20678,EGHHLASAAILGHDG,30,0.39970700000000003,0.4048830210691819
20679,EHELYVAVLSNALHR,30,0.683491,0.7573906090913363
20680,EITGIMKDFDEPGHL,30,0.0,0.051072380213748776
20681,ELAAVSVDCSEYPKP,30,0.0,0.18473610156718062
20682,ELKESWGAIWRIDTP,30,0.051148,0.402085899633005
20683,ELYKYKVVKIEPLGV,30,0.474725,0.3483450766454423
20684,EPAYFATAESVRDHL,30,0.533654,0.48439110132293295
20685,EQCGRQAGGKLCPNN,30,0.042852999999999995,0.1955105863059763
20686,ESLHNPYPDYHWLRT,30,0.0,0.19586066616060147
20687,ESTGGAYDTYKSIPS,30,0.331735,0.10937701613567248
20688,ESWGAVWRIDTPDKL,30,0.274764,0.33807762455008916
20689,EVLGFRMVQDERVGR,30,0.33138,0.14403630842397866
20690,EVVKANGGYLAAGKL,30,0.766292,0.28187291261473174
20691,EVYEARLTKFKYLAG,30,0.12972899999999998,0.26314971327975045
20692,EYIEAAKWLLPPPKV,30,0.296059,0.32587828285649734
20693,FARIETAFANLYPGE,30,0.5995689999999999,0.5998855269991002
20694,FAVATITHAAELQRV,30,0.33460300000000004,0.3722933353172556
20695,FDELELDPPEIEPGV,30,0.0,0.0377233254326776
20696,FDHEFTFGWDELLSK,30,0.0,0.1859554755428871
20697,FDPYGATISATPESA,30,0.803946,0.23176487244257277
20698,FDREFTFGWDELLSK,30,0.0,0.1859554755428871
20699,FEAAFNDAIKASTGG,30,0.5632050000000001,0.510496713055506
20700,FGPASFARIETAFAN,30,0.239931,0.4943065283649221
20701,FLAVAVVLGLATSPT,30,0.11180699999999999,0.3204140720523643
20702,FLFQRAVAREAIIAL,30,0.421309,0.4614822819695075
20703,FPPNGTHSWEYWGAQ,30,0.0,0.43880405123375876
20704,FTSLEYIEAAKWLLP,30,0.388936,0.4171850864904333
20705,FVNQHLCGSHLVEAL,30,0.21414,0.2377648385821329
20706,FVVTGRVYCDPCRAG,30,0.18925699999999998,0.23521251508426622
20707,GAVDIINKWQVVAPQ,30,0.324913,0.494953336773439
20708,GAYFVSSGKYEGGNI,30,0.23151999999999998,0.2695211471986168
20709,GELEFEEFVSLASRF,30,0.0,0.24895665569801323
20710,GELQIVDDIDAAFKI,30,0.043135,0.09356208632764229
20711,GELQIVDIIDAAFKI,30,0.158393,0.1900057838295961
20712,GELQIVDKFDAAFKI,30,0.054325,0.10760792945993175
20713,GELQIVDKLDAAFKI,30,0.111748,0.15732322362764659
20714,GELQIVDKRDAAFKI,30,0.18776099999999998,0.1594865817392796
20715,GELQIVDKYDAAFKI,30,0.085122,0.14734313929317472
20716,GELQIVDQIDAAFKI,30,0.142241,0.08832962180563107
20717,GELQIVDWIDAAFKI,30,0.11886500000000001,0.33705000919943084
20718,GELQIVHKIDAAFKI,30,0.310131,0.3766809093730487
20719,GELQIVNKIDAAFKI,30,0.548913,0.7334315441989994
20720,GELQIVTKIDAAFKI,30,0.173992,0.4653639231691528
20721,GEVEIQFRRVKCKYP,30,0.051777,0.19822111201962678
20722,GEVLNALAYDVPIPG,30,0.235237,0.40835793508779916
20723,GGACGYKDVDKPPFS,30,0.29194499999999995,0.1463241798772228
20724,GGGFGMLLRKYGIAA,30,0.0,0.21924209309913478
20725,GGSILKISNKFHTKG,30,0.255817,0.3939601138976391
20726,GGSILKISNKYHTKG,30,0.186697,0.5010556377498655
20727,GIKVGYTAHIRKATE,30,0.080687,0.34243008470308295
20728,GKGTLDGQGKAVWGK,30,0.081751,0.048830838819198745
20729,GKIDFLNNYALFLSP,30,0.849783,0.8144946318048403
20730,GLSGEPKGGAESSSK,30,0.0,0.01691745574586416
20731,GLVPKLDAAYSVAYK,30,0.460103,0.24036406609768451
20732,GMTGMLWETSLLDPE,30,0.030435000000000004,0.1892733190791017
20733,GNIVAVDIKPKDSDE,30,0.08535,0.2475911158654386
20734,GPPVEASAAALAGDA,30,0.034837,0.2141663346960879
20735,GRKRPIVRILRRVHH,30,0.235308,0.2889768367882843
20736,GTKGEAKDVIPEGWK,30,0.017228,0.03208145578212574
20737,GVLKNEFMSLAFDYW,30,0.45485699999999996,0.6598991946792705
20738,GWIISNIFGAIPVLA,30,0.655335,0.7138047645181714
20739,GWIISNIFGAIPVLG,30,0.540155,0.6744117821551378
20740,HAYYLQYKNVRPDYL,30,0.247995,0.6136312847926939
20741,HDYEGLSYRSLQPET,30,0.041099000000000004,0.2673933336764138
20742,HFSNVFRSVMAPFTM,30,0.835412,0.7191372214917309
20743,HGRQIRMAKLLGRDP,30,0.20806799999999998,0.32780830167015496
20744,HMAKEDLVANQPNLK,30,0.497605,0.43312715647670247
20745,HSLLRTQRLHKFLVC,30,0.108298,0.2525965147422877
20746,HSRNLINELSERMAG,30,0.30224,0.5815518530515377
20747,IAAMMTSPLSVASMT,30,0.35184099999999996,0.3905761278436194
20748,IAIAFLSVSNNYEYI,30,0.390972,0.7939745746977308
20749,IASLFAAAGLAAAAP,30,0.219615,0.6274552161076773
20750,IEFRFYKEITNVFRG,30,0.246062,0.6068429713419445
20751,IGPEAAEAAAAAPAA,30,0.0,0.08394338952128601
20752,IGRIAETILGYNPSA,30,0.285779,0.45568454380902024
20753,IHKASTVLAFPAGVC,30,0.197755,0.5020347205001934
20754,IIELFTAKGFTVQEM,30,0.20645300000000003,0.2573283328542628
20755,IITPTNVSHIQSAVV,30,0.41236999999999996,0.42766992300119017
20756,IMRIKKLTITGKGTL,30,0.20797399999999996,0.17678348990144008
20757,INLIIHYVDRPGALG,30,0.376126,0.41170814517988275
20758,IPKGDFLTGPLNFTG,30,0.426075,0.3153088281190252
20759,IPVMAYLVGLFAWVL,30,0.04322,0.35537298389458644
20760,ISATPEWATPFPHRK,30,0.023809,0.18285672311583964
20761,ISDFRAAIANYHYDA,30,0.722549,0.6178606517628239
20762,ISGLKPGVDYTITVY,30,0.22372399999999998,0.15806038389065383
20763,ITAMSEVQKVSQPAT,30,0.044278,0.17238826331942422
20764,IVLNHMTGAQSGKGT,30,0.49494,0.4600394415312226
20765,KAIKESTGGAYDTYK,30,0.31644,0.04859515663243065
20766,KASNPNYLAILVKYV,30,0.791543,0.6460740574643977
20767,KCKYPEGTKVTFHVE,30,0.0,0.10542730756754866
20768,KDKWIELKESWGAIW,30,0.0,0.11924991940908855
20769,KEVEEAWASACGGTG,30,0.0,0.0915552881254047
20770,KEYTFPITLSSTSNP,30,0.0,0.44250490446692137
20771,KFTQFAGKDLESIKG,30,0.37446,0.14671928491578318
20772,KFVDSTVVASVTIID,30,0.0,0.25696006806159827
20773,KGKDKWIELKESWGA,30,0.10397999999999999,0.08988063773067932
20774,KGSNDHYLALLVKYA,30,0.182383,0.4199035209821847
20775,KHLAVLVKYEGDTMA,30,0.161969,0.16044892996521004
20776,KIEIDQDHQEEICEV,30,0.08629500000000001,0.0322379811880667
20777,KKGAGGITIKKTGQA,30,0.0,0.059980649520102215
20778,KLCPNNLCCSQWGWC,30,0.034286000000000004,0.4351602675864581
20779,KLKIQNVIIDECYGA,30,0.0,0.313763094239182
20780,KLTITGKGTLDGQGK,30,0.0,0.0790550042666703
20781,KMPMYIAGYKTFDGR,30,0.18192,0.3469749917354761
20782,KNTIVIPKGDFLTGP,30,0.151569,0.2565382816938308
20783,KPPFSGMTGCGNTPI,30,0.013043,0.13314259376717502
20784,KSMKVTVAFNQFGPN,30,0.46546400000000004,0.5904549287646208
20785,KSTNGLRIKSYEDAK,30,0.145643,0.3769438102559574
20786,KTDCTKEVEEAWASA,30,0.0,0.03923227204409437
20787,KTVSEGAVDIINKWQ,30,0.0,0.39900223462613105
20788,KYDAYVATLSEALRI,30,0.464229,0.5441972364433328
20789,KYKTFEAAFTVSSKR,30,0.6103270000000001,0.43939942414025795
20790,LDGNLLSSNDLAKYK,30,0.263764,0.5307386951034405
20791,LEAKATFYGSNPRGA,30,0.279401,0.5485909678687574
20792,LEKISNEIKIVATPD,30,0.275462,0.5583160687535356
20793,LFFNHHKVMLLGHDD,30,0.362423,0.32717140491621843
20794,LGAVYRYKKLKEMSA,30,0.036937,0.21625379494761915
20795,LHFSEALRIIAGTPE,30,0.300657,0.5536372550698804
20796,LKLATGMRNVPEKQT,30,0.257969,0.6091219155475813
20797,LKNCVDAKMTEEDKE,30,0.0,0.31919702735234506
20798,LLTWIKMLAAKNLPI,30,0.577961,0.5974137564871986
20799,LNIKLNMPLYIAGNK,30,0.717619,0.8062057979454021
20800,LQFAKLTGFTLMGKG,30,0.175172,0.20585511738561565
20801,LQSLWANFYELLADA,30,0.513383,0.5780914176142951
20802,LRIAAKIYSEADEAW,30,0.043101,0.32279466263672657
20803,LRYRYGLFKQRIAKE,30,0.051425,0.3671583950242859
20804,LSFAAALNGLAGPLH,30,0.340307,0.39589918455408857
20805,LSSNDLAKYKANWIE,30,0.565901,0.559315892542691
20806,LSYRSLQPETFAVVD,30,0.316791,0.4582757104344459
20807,LVKFVAGDGDVVAVD,30,0.167654,0.09166044820451617
20808,LVKYEGDTMAEVELR,30,0.0,0.10371024635578999
20809,LVSKLYEVVPGILTE,30,0.21356399999999998,0.24371954889683656
20810,MAFLRSVSRLAAAVF,30,0.703617,0.45585736764988066
20811,MASSSSVLLVVALFA,30,0.075851,0.31418566104188844
20812,MASSSSVLLVVVLFA,30,0.120532,0.31078362104033797
20813,MGEAVQNTVEDLKLN,30,0.158692,0.2710786515549404
20814,MGRDIKVQFQSGGAN,30,0.055165,0.22827481343331518
20815,MHWVRQAPGKGLEWV,30,0.37009699999999995,0.27122316785128603
20816,MLLRKYGIAAENVID,30,0.317015,0.5249275253688082
20817,MPFVTTQPEALAAAA,30,0.357713,0.41773905930894545
20818,MSFVTTQPEALAAAA,30,0.448209,0.4668679515377943
20819,MSQIMYNYPAMMAHA,30,0.651419,0.6099387293726123
20820,MSQIMYNYPAMRAHA,30,0.67848,0.6673529722678231
20821,MVVERLGDYLVEQGM,30,0.0,0.12569467438805185
20822,NCVLKKSTNGLRIKS,30,0.357824,0.5169175150112101
20823,NDAIKASTGGAYESY,30,0.196596,0.1393301776013915
20824,NDFLKTGHYTQMVWA,30,0.377438,0.5181644314364865
20825,NFTVGRIIELFTAKG,30,0.18551600000000001,0.36426107145823095
20826,NHFFNHHKVMLLGHD,30,0.416944,0.6593995913892767
20827,NHFFNHHKVMLLGHS,30,0.41558,0.6593995913892767
20828,NIWADDLAASLSTLE,30,0.300724,0.3326381756059912
20829,NLNIKLNMPLYIAGN,30,0.451452,0.7490893808946759
20830,NMVVERLGDYLVEQG,30,0.0,0.28441072950301355
20831,NNRIWLQFAKLTGFT,30,0.194376,0.7362173826959452
20832,NPRQAYANYRDIDLG,30,0.0,0.6524724817095545
20833,NVSHIQSAVVCGRRH,30,0.186853,0.28909683679607134
20834,NYLALLVKFVAGDGD,30,0.207144,0.31056362443926594
20835,PAAAYATATPAAATA,30,0.51841,0.04611198436155953
20836,PAGVCPTIGVGGNFA,30,0.0,0.08777339218861438
20837,PALLALLALPALLLL,30,0.179478,0.04062894886526506
20838,PASWKNNRIWLQFAK,30,0.5054609999999999,0.7701252553007452
20839,PCKGDSVTIKLDGNL,30,0.0,0.2778080828309324
20840,PCRAGFETNVSHNVQ,30,0.8321959999999999,0.7277747620586108
20841,PDLPYDYGALEPAIS,30,0.042767,0.17118628508879097
20842,PEGLLWLLLTGKVPT,30,0.07053,0.46328215553551516
20843,PEQIQLLKKAFDAFD,30,0.0,0.10040269125361237
20844,PEVKYAVFEAALTKA,30,0.26964899999999997,0.44345185605609716
20845,PIIIDQKYCPNKICT,30,0.438697,0.19293257656645507
20846,PIYIVTPTNASHIQS,30,0.403539,0.6629858553023572
20847,PKDSDEFIPMKSSWG,30,0.041381,0.1327141083080816
20848,PKGGAESSSKAALTS,30,0.0,0.1873294999031402
20849,PLYKLVHVFINTQYA,30,0.48904899999999996,0.7441400349055056
20850,PPPPQLGASPYKLGP,30,0.0,0.0819699738933319
20851,PQVKYAVFEAALTKA,30,0.349219,0.5057760694910203
20852,PSMGRDIKVQFQSGG,30,0.027601999999999998,0.1966136969090678
20853,PSPSMGRDIKVQFQS,30,0.08792699999999999,0.16606866630745035
20854,PTLAFPAGVCPTIGV,30,0.225884,0.10017867532334751
20855,PYGATISATPEWATP,30,0.0,0.17906344099317215
20856,QAGGKLCPNNLCCSQ,30,0.044524,0.4342646875575661
20857,QDHQEEICEVVLAKS,30,0.0,0.16029812061052617
20858,QDVLLFTPASTEPQS,30,0.24135,0.4243887369827996
20859,QEVFKAIQSLKTTEV,30,0.59949,0.33942296336021754
20860,QFRRVKCKYPEGTKV,30,0.017783,0.22012171796005958
20861,QGEPGAVIRGKKGAG,30,0.0,0.07934504292812493
20862,QGEPGRVIRGKKGAG,30,0.0,0.07170125154568689
20863,QIHQYIMALREEYFD,30,0.40425900000000003,0.2981698943539098
20864,QIRMAKLLGRDPEQS,30,0.027429000000000002,0.1997568853521949
20865,QKLIEDINASFRAAM,30,0.584278,0.5790974240140718
20866,QKYCPNKICTSKGDS,30,0.44173900000000005,0.3604913995727007
20867,QLSALWARFPLPVIP,30,0.080167,0.6024325191850766
20868,QLYSKFLLKAEPLAF,30,0.48048900000000005,0.21958574073550607
20869,QPCNGVTMNDVKIEY,30,0.090191,0.43771219626896546
20870,QPNLKALREKVLGLP,30,0.21263400000000002,0.24241755289973962
20871,QVPSASMGRDIKVQF,30,0.0,0.21862021801519008
20872,RCALHWFPGSHLLAC,30,0.083212,0.1943137351738312
20873,RCALHWFPGSHLLHV,30,0.34122600000000003,0.29765603250019185
20874,RFTISRDNSKNTLYL,30,0.5720029999999999,0.351887606410126
20875,RGLLRRARGGPHHRR,30,0.181482,0.24885859892151044
20876,RIDTPDKLTGPFTVR,30,0.179349,0.059002593605534934
20877,RIIAGTLEVHAVKPA,30,0.31199499999999997,0.18241270482910882
20878,RKHIEWNCDVCRHGD,30,0.136094,0.4211632279936265
20879,RLEFDEFVTLAAKFI,30,0.10019,0.3047868112046811
20880,RMFSSTLRAAVPWYA,30,0.326809,0.5849018989521882
20881,RSRPRRTTRRMDRRT,30,0.061032,0.29563347997700756
20882,RTATNIWIDHNSFSN,30,0.391513,0.5824868335958331
20883,RVIRGKKGAGGITIK,30,0.0,0.07145958643008836
20884,RVWEQIFSTWLLKPG,30,0.288351,0.32352239784615705
20885,RVYCDPCRAGFETNV,30,0.158053,0.17577196539887385
20886,SADEVQRMMAEIDTD,30,0.0,0.16078083567619736
20887,SAIRAAPEAARSLAS,30,0.233652,0.29079764682243375
20888,SFGIVVAWQVKLLPV,30,0.6517430000000001,0.4174220686985918
20889,SGRVTRDSRRLRRIC,30,0.16975,0.2247383558671131
20890,SGTVDFDEFMEMMTG,30,0.0,0.19734050973148312
20891,SHIQSAVVCGRRHGV,30,0.166568,0.18889133340113795
20892,SRAEVSYVHVNGAKF,30,0.42067899999999997,0.5986915251233486
20893,SRSFLKHSLLRTQRL,30,0.376417,0.3010328237783764
20894,SSKAATAKAPGLVPK,30,0.262073,0.2039290911727196
20895,SSNDLAKYKANWIEI,30,0.567284,0.6200681637790395
20896,SSYAATEVANAAAAS,30,0.302348,0.721751066956754
20897,SSYAATEVANAAAGQ,30,0.16337000000000002,0.6205074982723918
20898,STVVASVTIIDRSLP,30,0.072377,0.1928361418178161
20899,STWLLKPGAGIMIFD,30,0.180609,0.2571183734805695
20900,SVLLVVALFAVFLGS,30,0.042980000000000004,0.041411430595496845
20901,SVRIRVRSGGHDYEG,30,0.125664,0.21567221167882877
20902,SVTIKLDGNLLSSND,30,0.464538,0.5525916900176943
20903,SYVHVNGAKFIDTQN,30,0.571491,0.5071504335959661
20904,TAAVELARALVRAVA,30,0.34559,0.22695843280132783
20905,TAKAPGLVPKLDAAY,30,0.081885,0.07830451088586615
20906,TANVPPADKYKTLEA,30,0.101654,0.16953441536501054
20907,TATSASAGWDTVLQS,30,0.036269,0.18750513979089287
20908,TDALRTLGSTSADEV,30,0.035894999999999996,0.17176743882214585
20909,TFDSEEPLQGPFNFR,30,0.081472,0.11892168520889047
20910,TFYGSNPRGAAPDDH,30,0.259653,0.29144252048358976
20911,TIAAMMTSPLSVASM,30,0.44443599999999994,0.3607188991723879
20912,TISNNLFFNHHKVML,30,0.271449,0.8308570715743652
20913,TKKFDEVVKANGGYL,30,0.300796,0.3907341031020922
20914,TKVTFHVVGVGPLLH,30,0.70331,0.18097631443849369
20915,TLELLYADTVAFCFR,30,0.190503,0.26345316309888117
20916,TLGSTSADEVQRMMA,30,0.0,0.21448222201004152
20917,TNFKYNYSVIEGGPI,30,0.574702,0.6661269681099402
20918,TPTNASHIQSAVVCG,30,0.101651,0.41654028425214734
20919,TVAAAPQVKYAVFEA,30,0.104874,0.31199227785644773
20920,TVLAFPAGVCPTIGV,30,0.335529,0.1208161546487203
20921,TWQGGSGMASHIIYE,30,0.03564,0.22550871962112903
20922,VATLSEALRIIAGTL,30,0.160505,0.27119164757846614
20923,VDIKPKDSDEFIPMK,30,0.040503,0.05987673207776403
20924,VDLAKSLRIAAKIYS,30,0.09804199999999999,0.39121898348878587
20925,VEDEARRMWASAQNI,30,0.095454,0.44104564760685605
20926,VFGNCEGVKIIGISI,30,0.146957,0.17982214421442144
20927,VHAQTVEDEARRMWA,30,0.0,0.09572219699254207
20928,VIPANWKPDTVYTSK,30,0.319656,0.4414844403169825
20929,VKGDPVGILYAVFKA,30,0.167846,0.18637806550361916
20930,VKIEYSGTNNKTMAV,30,0.185371,0.669033367217
20931,VKPLYIITPTNVSHI,30,0.78422,0.6373916309677752
20932,VKQNTLKLATGMRNV,30,0.406495,0.5842129402664271
20933,VNYWFAPGAAAAPLS,30,0.039351,0.49796829409256266
20934,VPPADKYKTFEAAFT,30,0.082166,0.08919253686868428
20935,VQNTVEDLKLNTLGR,30,0.202426,0.46641357857612753
20936,VRILRRVHHRKYLTD,30,0.10108400000000001,0.3388350911154911
20937,VRSGGHDYEGLSYRS,30,0.0,0.06829715965643006
20938,VSEALRIIAGTLEVH,30,0.115441,0.34124142208901387
20939,VSVDCSEYPKPDCTA,30,0.0,0.06728040659245119
20940,VTMNDVKIEYSGTNN,30,0.0,0.3794805141297007
20941,VTVDAAVLAAIDADA,30,0.126674,0.1573859895109299
20942,VVLGLATSPTAEGGK,30,0.26654,0.2128170562819889
20943,VVSRLLIPVPFDPPA,30,0.236267,0.2389087464374266
20944,VWRIDTPDKLTGPFT,30,0.328383,0.340853345348298
20945,WEQIFSTWLLKPGAG,30,0.081867,0.31152818965617296
20946,WGAIWRIDTPDKLTG,30,0.41703500000000004,0.23901031202589623
20947,WGAIWRIDTPEVLKG,30,0.740256,0.45550062558718424
20948,WIELKESWGAVWRID,30,0.421008,0.4898792739392673
20949,WKPDTVYTSKLQFGA,30,0.204843,0.36782236912281013
20950,WTFDSEEPLQGPFNF,30,0.0,0.2125893626627779
20951,YANYRDIDLGRNEVV,30,0.10648699999999998,0.46481045799207893
20952,YDKFLAFVSTVLTGK,30,0.34111199999999997,0.8256548032685217
20953,YDKFLALVSTVLTGK,30,0.505372,0.8340028792240759
20954,YDKFLANESTVLTGK,30,0.864456,0.9792576785522452
20955,YDKFLANKSTVLTGK,30,0.952224,0.9903753435545091
20956,YDKFLANQSTVLTGK,30,0.871491,0.990356484695298
20957,YDKFLANVCTVLTGK,30,0.6939,0.9830548324982693
20958,YDKFLANVHTVLTGK,30,0.875508,0.9749867808112572
20959,YDKFLANVNTVLTGK,30,0.8596280000000001,0.9888216406401165
20960,YDKFLANVTTVLTGK,30,0.887452,0.9821184337356899
20961,YDKFLANYSTVLTGK,30,0.971601,0.9913172140528224
20962,YDKFLATVSTVLTGK,30,0.600112,0.8905386796095599
20963,YGIAAENVIDVKLVD,30,0.185076,0.3538605009103403
20964,YKDVDKPPFSGMTGC,30,0.141692,0.1843418484456463
20965,YKKLRTSSFALNLPT,30,0.864643,0.7267110568804115
20966,YLAILVKYVDGDGDV,30,0.33394,0.12033876767606483
20967,YPFIEQEGPEFFDQE,30,0.12125899999999999,0.08897417007251883
20968,YRKILRQRKIDRLID,30,0.236002,0.21265789603169882
20969,YTTEGGTKGEAKDVI,30,0.0,0.015741871309796512
20970,AALHPFALLLVLAGWK,30,0.0,0.24646591285525818
20971,DKGIPFMKMNISVIMK,30,0.702501,0.6191455396039443
20972,MYYVSGARSNVTFTVK,30,0.68565,0.7104174696844486
20973,PKQMLVGGVVLLGAMK,30,0.0,0.2188984685340565
20974,QPFLGLCAFLATRIFK,30,0.0,0.41261321231138326
20975,SLLWNGPMAVSMTGVK,30,0.778379,0.6767621854249521
20976,EEDKENALSLLDKIYT,30,0.0,0.23875224460611758
20977,GKWYLKAMTADQEVPE,30,0.199569,0.2930631927512089
20978,LNKIVRMYSPVSILDI,30,0.357212,0.6573658844006763
20979,SPEVIPMFSALSEGAT,30,0.235411,0.35050054325063174
20980,IWYMWLGARYLEFEAKK,30,0.650253,0.2426696839522416
20981,KKEGNTSLLWNGPMAVS,30,0.7560899999999999,0.6082453133874786
20982,KKGLNWITKVIMGAVLI,30,0.6247199999999999,0.7092597990300438
20983,KKITKVIMGAVLIWVGI,30,0.631325,0.22203261905381408
20984,KKLVGGVVLLGAMLVGQ,30,0.0,0.31811970173619436
20985,KKPFALLLVLAGWLFHV,30,0.0,0.23348142019216336
20986,KKPFMKMNISVIMLLVS,30,0.0,0.652036791440984
20987,KKTLLDLLKLTVAVGLH,30,0.576242,0.31383957046169236
20988,NSYIAEMETESWIVDKK,30,0.0,0.2987241745278751
20989,SGQVVTYALNTITNLKK,30,0.9359370000000001,0.8346651984842929
20990,VLTLGAAMVEIALGGKK,30,0.470405,0.17369186198790795
20991,CVDAKMTEEDKENALSL,30,0.0,0.13587459791751316
20992,YAHAAHAAHAAHAAHAA,30,0.217984,0.05484784997767104
20993,NVTENFNMWKNNMVEQMH,30,0.675211,0.4740968710648501
20994,SELYLYKVVKIEPLGVAP,30,0.370782,0.24973166570345898
20995,YVDRFYKTLRAEQASQEV,30,0.652506,0.4780779377002036
20996,GEIYKRWIILGLNKIVRMY,30,0.466451,0.43335339681650875
20997,WEALKYLWNLLQYWGQELK,30,0.10805999999999999,0.571200120167254
20998,EAKYDAYVATLSEALRIIAG,30,0.605384,0.4556297489551054
20999,GFGMLLRKYGIAAENVIDVK,30,0.38919899999999996,0.5207573354904456
21000,IEPIVATNWQKLEAFWHKHM,30,0.202699,0.6790653415619337
21001,KDKWIELKESWGAIWRIDTP,30,0.350136,0.3176760287022744
21002,KRWIILGLNKIVRMYSPTSI,30,0.667429,0.7196767474507622
21003,LYKYKVVKIEPLGVAPTKAK,30,0.426054,0.23791870808299093
21004,VATLSEALRIIAGTLEVHAV,30,0.236488,0.26946333094364316
21005,WGAIWRIDTPDKLTGPFTVR,30,0.596284,0.32679251104979123
21006,YIITPTNVSHIQSAVVSGRR,30,0.6442640000000001,0.420621532403864
21007,DKGIPFMKMNISVIMHHHHHH,30,0.796925,0.6353198260116244
21008,EQEILNYMSPHHKKLHHHHHH,30,0.0,0.5238540975661762
21009,GAGKTRRFLPQILAEHHHHHH,30,0.6231399999999999,0.8120322842611127
21010,GSRAIWYMWLGARYLHHHHHH,30,0.0,0.5906288057436712
21011,HTMWHVTRGAFLVRNHHHHHH,30,0.85125,0.6559564184929644
21012,IHLVIHRIRTLIGQEHHHHHH,30,0.0,0.3460253342409957
21013,IHRIRTLIGQEKYTDHHHHHH,30,0.0,0.5792757231436148
21014,IWYMWLGARYLEFEAHHHHHH,30,0.0,0.8451723019012898
21015,KNPVVDGNPTVDIEEHHHHHH,30,0.0,0.4907680492568647
21016,LTAAINKGILVTVNPHHHHHH,30,1.0,0.6666303276644571
21017,MFFVKNPTDTGHGTVHHHHHH,30,0.807811,0.7296836414159822
21018,MYMWLGARYLEFEALHHHHHH,30,0.0,0.7555194428173791
21019,TRRFLPQILAECARRHHHHHH,30,0.0,0.6253869402450034
21020,SLAEGIVLASA,31,0.3591,0.26279359841553196
21021,TPQLTANAGVLT,31,0.0,0.3552075137894602
21022,TPQLTKNSGVLT,31,0.0,0.12271912220218811
21023,TPQVTKNAGVLT,31,0.0,0.1390539325572755
21024,AEMETESWIVDRQWA,31,0.16831600000000002,0.5230116591489058
21025,AEMVIHHQHVQDCDE,31,0.617078,0.6673234469111933
21026,AGWLFHVRGARRSGD,31,0.648176,0.7381726264544999
21027,AMTDTTPFGQQRVFK,31,0.255398,0.5223889648336917
21028,ATPPGTSDEFPHSNG,31,0.0,0.13732767034015986
21029,CEHLEDGIYGIFQST,31,0.24678699999999998,0.41954001739178665
21030,CGSYVTKTSGSAASM,31,0.523183,0.6583214416376848
21031,CTDKMFFVKNPTDTG,31,0.42433999999999994,0.6211751936329416
21032,DCRTAFKPVLVDEGR,31,0.266831,0.8235646612522456
21033,DGGGFYADDTAGWDT,31,0.325266,0.29923177617082647
21034,DLDDEQEILNYMSPH,31,0.382301,0.30641645825580704
21035,DQGCSSALGSGPYGA,31,0.0,0.19748695617935158
21036,DQRGSGQVVTYALNT,31,0.494234,0.6908348030302599
21037,EEPDDIDCWCYGVEN,31,0.198968,0.2812729219122314
21038,EERVERIKSEYMTSW,31,0.47345600000000004,0.5765054140506509
21039,EHEILNDSGETVKCR,31,0.6047359999999999,0.41524666549880807
21040,EQEILNYMSPHHKKL,31,0.644157,0.7766876530471838
21041,ERIKSEYMTSWFYDN,31,0.34130900000000003,0.5434082983298406
21042,ERKLHQQGRCRTCVY,31,0.475653,0.6260850046526043
21043,FEALGFLNEDHWASR,31,0.33710100000000004,0.5959892991467647
21044,FHVRGARRSGDVLWD,31,0.280188,0.656766000989775
21045,FSSAGGFFTSVGKGI,31,0.433533,0.46885100138654234
21046,FTQTMKGVERLAVMG,31,0.525332,0.719938999624739
21047,FYADDTAGWDTRITE,31,0.231312,0.2308912881059723
21048,GAAMVEIALGGVMGG,31,0.68565,0.45786338234543866
21049,GAGKTRRFLPQILAE,31,0.41698500000000005,0.8667326103587599
21050,GAMLVGQVTLLDLLK,31,0.8718739999999999,0.8633744341415224
21051,GCSSALGSGPYGALG,31,0.317089,0.4252292368490027
21052,GDSYYYSEPTSENNA,31,0.0,0.6039502351100304
21053,GETVKCRAPGGAKKP,31,0.180417,0.36255564280585934
21054,GGVFHTMWHVTRGAF,31,0.17556,0.5599389295725098
21055,GKEFIRCLALPFRGY,31,0.5961609999999999,0.8277910984636009
21056,GKGEWMTTEDMLEVW,31,0.23781300000000002,0.424073401944282
21057,GKNLVFSPGRKNGSF,31,0.453955,0.8041740283140757
21058,GKTFSVGTGNCTTNI,31,0.550126,0.4891227992660455
21059,GLALSHLNAMSKVRK,31,0.723124,0.8990269078084263
21060,GLCAFLATRIFGRRS,31,0.0,0.912338661342041
21061,GLRTLWSPRERLVLT,31,0.487496,0.8773260356625935
21062,GPLIEGNTSLLWNGP,31,0.8718739999999999,0.7191416486276924
21063,GPLRISASSAAQRRG,31,0.8344,0.8053007438871893
21064,GRWDGEEEVQLIAAV,31,0.249881,0.49846343866826337
21065,GSRAIWYMWLGARYL,31,0.6127779999999999,0.8121397548369635
21066,GTSDEFPHSNGEIED,31,0.0,0.12191090000676962
21067,HGVAKNPVVDGNPTV,31,0.702501,0.5072011300992645
21068,HTMWHVTRGAFLVRN,31,0.749713,0.8710612408553955
21069,HVTRGAFLVRNGKKL,31,0.723124,0.8724230825145706
21070,IEEAPEMPALYEKKL,31,0.0,0.23211011585786742
21071,IGKLFTQTMKGVERL,31,0.534468,0.6160635644991298
21072,IHHQHVQDCDESVLT,31,0.412067,0.40677268070960815
21073,IHLVIHRIRTLIGQE,31,0.8344,0.8978842487613803
21074,IHRIRTLIGQEKYTD,31,0.5530149999999999,0.7005709746317638
21075,INKGILVTVNPIAST,31,0.8344,0.9469883384236792
21076,ISGSSARYDVALSEQ,31,0.28366199999999997,0.41964048254020897
21077,ISRRDQRGSGQVVTY,31,0.376583,0.6519908171876118
21078,KEAIEERVERIKSEY,31,0.330795,0.3447961740646398
21079,KEFIRCLALPFRGYL,31,0.706274,0.8768023517311625
21080,KGIHTVFGSAFQGLF,31,0.554493,0.6386428108730261
21081,KKGMTTVLDFHPGAG,31,0.367379,0.5428636715688194
21082,KNPTDTGHGTVVMQV,31,0.0,0.29376125070325176
21083,KNPVVDGNPTVDIEE,31,0.820152,0.37156738257689065
21084,KRVPMALQHFGWEVM,31,0.6384380000000001,0.7332601943189855
21085,KTKNKTNWKQTWTFK,31,0.0,0.5424029033635871
21086,KYSYYPEDPVKLASI,31,0.326776,0.7591030775778148
21087,LAEGIVLASAALGPL,31,0.7703369999999999,0.7773101311267867
21088,LLVLAGWLFHVRGAR,31,0.288564,0.7365470201074187
21089,LNDSGETVKCRAPGG,31,0.0,0.3724113010403135
21090,LNYMSPHHKKLAQAV,31,0.350759,0.7726343548537513
21091,LPQILAECARRRLRT,31,0.718615,0.8309069847203147
21092,LQEIPTMLKKGMTTV,31,0.5393979999999999,0.6511219373853296
21093,LQYGWKTWGKNLVFS,31,0.509392,0.6841303303652714
21094,LRLGKEFIRCLALPF,31,0.679685,0.7332971109321281
21095,LRTLVLAPTRVVLSE,31,0.9359370000000001,0.9524635393470894
21096,LSEEKVPWDQVVMTS,31,0.316406,0.7142461496935962
21097,LSFMDKGIPFMKMNI,31,0.534468,0.55529650556804
21098,LTAAINKGILVTVNP,31,0.9359370000000001,0.877927793616832
21099,LVDEERKLHQQGRCR,31,0.24684,0.29656630494001657
21100,LWSPRERLVLTLGAA,31,0.462363,0.7803258406331577
21101,MFFVKNPTDTGHGTV,31,0.6086699999999999,0.5115133756967398
21102,MKGVERLAVMGDTAW,31,0.442402,0.6070990032946109
21103,MLGARYLEFEALGFL,31,0.329545,0.5028577822320813
21104,MSIHGKGEWMTTEDM,31,0.0,0.24776572648728687
21105,NLWKMKTGRRGSANG,31,0.435569,0.5949520310489649
21106,NSYIAEMETESWIVD,31,0.0,0.42743324977856895
21107,NVYQRGTHPFSRIRD,31,0.0,0.6692516091159022
21108,PFSRIRDGLQYGWKT,31,0.310105,0.6155963390674692
21109,PTMLKKGMTTVLDFH,31,0.8344,0.694267909643031
21110,PTSENNAHHVCWLEA,31,0.470105,0.5459235700814626
21111,PTVDIEEAPEMPALY,31,0.0,0.2611885489442144
21112,QRMFTREELIHFPEF,31,0.148796,0.48564020050021456
21113,RERLVLTLGAAMVEI,31,0.8718739999999999,0.8071530195880521
21114,RGTHPFSRIRDGLQY,31,0.0,0.5493242172157229
21115,RLGKEFIRCLALPFR,31,0.671403,0.8258425560544639
21116,RMLEPTRVVNWEVII,31,0.631325,0.8512957654824456
21117,RTLIGQEKYTDYLTV,31,0.35901,0.29613835033182234
21118,RYLEFEALGFLNEDH,31,0.0,0.5430208265323638
21119,SAFQGLFGGLNWITK,31,0.47921400000000003,0.5850346985687845
21120,SARYDVALSEQGEFK,31,0.413191,0.3128989826609959
21121,SEYMTSWFYDNDNPY,31,0.362772,0.3952111267999053
21122,SGARSNVTFTVNQTS,31,0.7560899999999999,0.767885393571074
21123,SGSAASMVNGVIKIL,31,0.9359370000000001,0.7877245012747235
21124,SHLNAMSKVRKDISE,31,0.44173999999999997,0.8411303661713371
21125,SNVTFTVNQTSRLLM,31,1.0,0.9675799667375551
21126,SVGTGNCTTNILEAK,31,0.43095100000000003,0.5341794958161018
21127,SVKEDLVAYGGSWKL,31,0.34310799999999997,0.7195507431557451
21128,TARRHLAEGKVDTGV,31,0.433734,0.4846169436917594
21129,TESWIVDRQWAQDLT,31,0.48641899999999993,0.5687733243285423
21130,TLTYRMLEPTRVVNW,31,0.659061,0.9229514923134987
21131,TRRFLPQILAECARR,31,0.154616,0.7950365850109633
21132,TRVVLSEMKEAFHGL,31,0.45858999999999994,0.598414652423596
21133,VADDLTAAINKGILV,31,0.9359370000000001,0.8023692103750817
21134,VAIKGPLRISASSAA,31,0.8718739999999999,0.8454125332653744
21135,VDFGNSYIAEMETES,31,0.41001499999999996,0.25133143755733517
21136,VDGNPTVDIEEAPEM,31,0.714316,0.2976099524930578
21137,VDRDTARRHLAEGKV,31,0.29585,0.25000746251016137
21138,VEIALGGVMGGLWKY,31,0.466873,0.7192061212214377
21139,VLAPTRVVLSEMKEA,31,0.7703369999999999,0.9045029789125669
21140,VLAPYMPDVLEKLEL,31,0.436812,0.6027886791232857
21141,VLEKLELLQRRFGGT,31,0.807811,0.7439983197885345
21142,VPTSWVPQGRTTWSI,31,0.41222700000000007,0.5236113797193218
21143,VTKTSGSAASMVNGV,31,0.452708,0.7301144161355497
21144,VTRMAMTDTTPFGQQ,31,0.749713,0.4186820463646937
21145,WKTWGKNLVFSPGRK,31,0.50803,0.8011980478441093
21146,WSIHGKGEWMTTEDM,31,0.353852,0.25734219138804754
21147,YMPDVLEKLELLQRR,31,0.41531599999999996,0.4963975113669261
21148,YYSEPTSENNAHHVC,31,0.409393,0.49923189275019486
21149,SMHQVLDEAIKACKT,31,0.523716,0.6260856499887278
21150,AALHPFALLLVLAGWK,31,0.59385,0.7473118574586667
21151,DKGIPFMKMNISVIMK,31,0.8984629999999999,0.9204937534328015
21152,MYYVSGARSNVTFTVK,31,0.85125,0.9088174112311839
21153,PKQMLVGGVVLLGAMK,31,0.85125,0.8980420473314379
21154,QPFLGLCAFLATRIFK,31,0.68565,0.7824072384049608
21155,SLLWNGPMAVSMTGVK,31,0.9359370000000001,0.940919320183582
21156,IWYMWLGARYLEFEAKK,31,0.640305,0.7218903038979871
21157,KKEGNTSLLWNGPMAVS,31,0.8984629999999999,0.8650906510300599
21158,KKGLNWITKVIMGAVLI,31,0.7560899999999999,0.8995733184646317
21159,KKITKVIMGAVLIWVGI,31,0.698876,0.8748923260649061
21160,KKLVGGVVLLGAMLVGQ,31,0.8344,0.9240942261934779
21161,KKPFALLLVLAGWLFHV,31,0.0,0.7592854452840235
21162,KKPFMKMNISVIMLLVS,31,0.807811,0.8961285862336347
21163,KKSGARSNVTFTVNQTS,31,0.807811,0.806128032444608
21164,KKTLLDLLKLTVAVGLH,31,0.807811,0.8272795248395586
21165,KKVGQVTLLDLLKLTVA,31,0.592716,0.8035337185184074
21166,NSYIAEMETESWIVDKK,31,0.21035,0.5321669322644075
21167,SGQVVTYALNTITNLKK,31,0.8344,0.9156942916570953
21168,TVFGSAFQGLFGGLNKK,31,0.399546,0.6307257944091041
21169,VLTLGAAMVEIALGGKK,31,0.57075,0.7141032693895839
21170,WLGARYLEFEALGFLKK,31,0.611388,0.5612039870872474
21171,DKGIPFMKMNISVIMHHHHHH,31,0.807811,0.9010172351510333
21172,EQEILNYMSPHHKKLHHHHHH,31,0.461815,0.8533890636120608
21173,GAGKTRRFLPQILAEHHHHHH,31,0.610019,0.9504110060595438
21174,GSRAIWYMWLGARYLHHHHHH,31,0.0,0.9051147917278581
21175,HTMWHVTRGAFLVRNHHHHHH,31,0.732862,0.8770049101220074
21176,IHLVIHRIRTLIGQEHHHHHH,31,0.749713,0.7823679491134147
21177,IHRIRTLIGQEKYTDHHHHHH,31,0.353682,0.7791731279552008
21178,IWYMWLGARYLEFEAHHHHHH,31,0.0,0.939712719875568
21179,KNPVVDGNPTVDIEEHHHHHH,31,0.7102069999999999,0.7881858848024464
21180,LPQILAECARRRLRTHHHHHH,31,0.6330520000000001,0.8869431037116804
21181,LTAAINKGILVTVNPHHHHHH,31,0.9359370000000001,0.9188452181396402
21182,MFFVKNPTDTGHGTVHHHHHH,31,0.537519,0.7907103609455309
21183,MYMWLGARYLEFEALHHHHHH,31,0.0,0.9243871489207948
21184,TRRFLPQILAECARRHHHHHH,31,0.571643,0.8472259007262891
21185,KIQNVIIDECY,32,0.448017,0.07575138906330126
21186,KCIEWEKAQHGA,32,0.787187,0.4267148264303229
21187,NKIVRMYSPISI,32,0.5990489999999999,0.1848197839907175
21188,ASTEYTPIGDNKA,32,0.0,0.06775830984276326
21189,DYIDAYVSRLLDD,32,0.106148,0.24786971496550883
21190,DYVVMSAWYKEPN,32,0.163967,0.29652769452793104
21191,EEYVEIRQVGDFH,32,0.294633,0.208822233493604
21192,GINYLIDTTSREL,32,0.129866,0.36058461510359524
21193,IIVILSPLLNAQN,32,0.489688,0.33085394361395337
21194,MEALTFKACDHIM,32,0.16631300000000002,0.15495045711805225
21195,PRFLEQVKHECHF,32,0.587793,0.12455789669994949
21196,QDEKDYIDAYVSR,32,0.040195999999999996,0.11033147736536836
21197,RFYKTLRAEQASQ,32,0.379739,0.47809713145020116
21198,SAMVYSSDDIPPR,32,0.177717,0.12448359416714898
21199,SPEVIPMFSALSE,32,0.522437,0.2330781774653935
21200,SSVDRYRNRVLLL,32,0.114353,0.25363494137116277
21201,SYDGVSEDTDDDD,32,0.0,0.08410129465873377
21202,VILLNYVLKSLTR,32,0.391924,0.364163067834777
21203,YTPIGDNKALISK,32,0.0,0.1915257192776361
21204,EAMSQANSAILMQR,32,0.5543819999999999,0.7048652802121582
21205,EYRSTVNPWASQLG,32,0.307562,0.255626457101139
21206,KPLLIIAEDVEGEY,32,0.45342899999999997,0.40323345744833905
21207,MLFRILSLNLIKIK,32,0.686062,0.4399006833712496
21208,NTSYRLISCNTSVI,32,0.20532199999999998,0.20379839549623804
21209,RETQISKTNTQTYR,32,0.148925,0.23400498240178896
21210,TDRESLRNLRGYYN,32,0.147044,0.41197666362982793
21211,TSICSLYQLENYCN,32,0.12104000000000001,0.1942804768183446
21212,VLAGWLFHVRGARR,32,0.237695,0.3799925113976114
21213,AAAAPAAVGAAVGGT,32,0.098828,0.021600409343714298
21214,AAAGLAAAAPLESRQ,32,0.691739,0.41921596664672583
21215,AAGAQLLWQLPLLSI,32,0.6164,0.7236509029582834
21216,AAGVAAWSLIALMIP,32,0.385388,0.72739526227965
21217,AALPLLFFALAGQRI,32,0.811446,0.5987999069444733
21218,AAPEAARSLASSLPG,32,0.17013499999999998,0.3049104257014513
21219,AAPLSWSKDIYNYME,32,0.524533,0.500358368383814
21220,AASGADGTYDITKLG,32,0.0,0.09031749833830013
21221,AAVELARALVRAVAE,32,0.522725,0.32896894197245075
21222,ADDLTAAINKGILVT,32,0.314053,0.5784416822523095
21223,ADNSLDYAANFSHML,32,0.195984,0.49896556204302345
21224,ADSVKGRFTISRDNS,32,0.281006,0.5574703560678431
21225,AELMILIATNLLGQN,32,0.602751,0.7675883965678083
21226,AENVKPPKVDPATYG,32,0.159593,0.10998045441935711
21227,AFMLAWNYGVPRVMS,32,0.626992,0.6089316477391175
21228,AFQGLFGGLNWITKV,32,0.256898,0.40841780791283955
21229,AGALEVHAVKPVTEE,32,0.089935,0.1859852062016318
21230,AGAWRTAAVELARAL,32,0.508559,0.525796199503748
21231,AGILARNLVPMVATV,32,0.339702,0.8994986175237167
21232,AGLTHMMIWHSNLND,32,0.21310700000000002,0.7769193086502507
21233,AGRFEVHAQTVEDEA,32,0.600584,0.23075073936533888
21234,AGWDTVLQSITTILA,32,0.139053,0.5714887063027418
21235,AGYLVGRKPLAFFSW,32,0.777866,0.538597567192743
21236,AHARSYQTLSTQAAA,32,0.183725,0.5856494277536112
21237,AHWTEARIMLDNINM,32,0.047329,0.6801290138967193
21238,AIAGAWENGVCGIRS,32,0.130306,0.21869208138810967
21239,AINIFNVEKYGAVGD,32,0.348938,0.65976483899959
21240,AKEKPQEGTVVAVGP,32,0.0,0.06908057327115247
21241,AKPDGKTDCTKEVEE,32,0.045922000000000004,0.04827443483531833
21242,ALKESWGAIWRIDTP,32,0.227181,0.5476989730922187
21243,ALLPRAGAAAAAALP,32,0.396175,0.07342154085526395
21244,ALQSHDDVALVSVMW,32,0.537984,0.4316246018695262
21245,ALRVIAGALEVHAVK,32,0.455112,0.7621221423186044
21246,ALSDPYLSFAAALNG,32,0.399009,0.4508006441521252
21247,ALTKAITAMSEVQKV,32,0.550497,0.761009228254589
21248,AMFVEDIAMGYVVSS,32,0.40316399999999997,0.5776450134010417
21249,APGAAAAPLSWSKDI,32,0.27251,0.2942537951265343
21250,APNGGFRRIPRGALH,32,0.791567,0.6911281489481147
21251,AQAVYDFRSIVDYLR,32,0.578227,0.4562429895142887
21252,AQIYQAVSAQAAAIH,32,0.39629200000000003,0.6076016127336221
21253,ARGYISTRVGMGEAA,32,0.178673,0.4942452936022688
21254,ASAAILGHDGTVWAQ,32,0.12931700000000002,0.2593756850675957
21255,ASIAARGYISTRVGM,32,0.270689,0.5793372685250255
21256,ASLIYRRRLMKQDFS,32,0.0,0.892894898264287
21257,ASNPNYLAILVKYVD,32,0.338974,0.5911702350947916
21258,ASPLTGIADASQSSM,32,0.109929,0.5926800616071533
21259,ASVGKMIDGIGRFYI,32,0.171255,0.4616584036575847
21260,ATPPPPPPPQLGASP,32,0.066701,0.023745173693256485
21261,ATSPTAEGGKATTEE,32,0.0,0.033360914544819695
21262,ATTANVPPADKYKTF,32,0.0,0.09522989240885607
21263,AVFEAALTKAITAMS,32,0.186779,0.6325315656918105
21264,AVFEAALTKAITAMT,32,0.257779,0.6634799736451629
21265,AVGLFIRLLGGESDA,32,0.628332,0.5060243537819082
21266,AVHVWLRLPAGRVEI,32,0.444643,0.8051759524647047
21267,AVIRGKKGAGGITIK,32,0.143533,0.2849944307564611
21268,AVMLTFDNAGMWNVR,32,0.323326,0.4619209485647212
21269,AWASACGGTGKNTIV,32,0.0,0.0560098524080984
21270,AWMSAAATQAEQAAT,32,0.215286,0.09535898803923201
21271,AYGSFVRTVSLPVGA,32,0.425942,0.847368922529921
21272,AYSDDKSMKVTVAFN,32,0.21553200000000003,0.3327751157001025
21273,AYTSSDDQISLFDQS,32,0.361649,0.3962861156399533
21274,AYVATVSEALRIIAG,32,0.259768,0.7740173056854509
21275,CADILAIASRVLVTM,32,0.126962,0.8974182437354032
21276,CDASILIDPLSNQSA,32,0.317796,0.693603834447416
21277,CGGTGKNTIVIPKGD,32,0.0,0.23568376423205437
21278,CGYKDVDKPPFDGMT,32,0.061597000000000006,0.2076915602251991
21279,CIEYVTLNASQYANC,32,0.347277,0.5325112216309731
21280,CMTVQGGETMNSVIQ,32,0.41232299999999994,0.36260034355617676
21281,CPLDHVNTLHFLTRG,32,0.38705300000000004,0.5352877258806891
21282,CQFLKVEKSQLLNEF,32,0.569612,0.6660543544783727
21283,CRSCTLPPLRYMGED,32,0.42516099999999996,0.4787647772199234
21284,CTGMLKRRLGLMSLS,32,0.820332,0.8829629060628867
21285,DALTLRTATNIWIDH,32,0.292792,0.6365292688332318
21286,DCSEYPKPDCTAEDR,32,0.088019,0.06290117797399154
21287,DEARRMWASAQNISG,32,0.168036,0.646014527166881
21288,DEPMVQVEAGKVNHS,32,0.230702,0.3733434349292471
21289,DESWQQFRQELIPLL,32,0.43269799999999997,0.8662698671322797
21290,DFGNSYIAEMETESW,32,0.059902,0.28032007069472825
21291,DGQGKAVWGKNSCAK,32,0.129082,0.11219553686684638
21292,DHTNFKYNYSVIEGG,32,0.198261,0.35571601903944566
21293,DIDLGRNEVVNDVST,32,0.23968299999999998,0.38937373356449534
21294,DIFTNSRGKRASKGN,32,0.0,0.48598992625986226
21295,DIKVQFQSGGNNSPA,32,0.710276,0.5799231268502347
21296,DINASFRAAMATTAN,32,0.12075599999999999,0.4398928584177293
21297,DITVKNCVLKKSTNG,32,0.15470899999999999,0.39675375422755904
21298,DIVIYSKYGGTEIKY,32,0.0,0.2840091494490225
21299,DKKCIEWEKAQHGAC,32,0.6141270000000001,0.2739443719464069
21300,DKLTGPFTVRYTTEG,32,0.0,0.28076112425623934
21301,DKPFQNVNRITYGAC,32,0.115097,0.5550075187775367
21302,DKVYEILKINSVKYY,32,0.46844600000000003,0.8447449958949885
21303,DLVANQPNLKALREK,32,0.527253,0.5838020763940279
21304,DMDKVETFLRIVQCR,32,0.37923,0.6919540151150186
21305,DMLKLFEFNKKAIET,32,0.48284399999999994,0.6484100839677616
21306,DRTELLEMVCFHEFL,32,0.43617399999999995,0.34384469938532236
21307,DTFRKDFRVYDNFLR,32,0.132331,0.2575452135506148
21308,DVDIIVDARLDLSST,32,0.9250200000000001,0.5538028599291159
21309,DVFYNGAYFVSSGKY,32,0.12334,0.14964008343194005
21310,DVLSQPMLPHTWDGS,32,0.17583800000000002,0.4593178186700553
21311,EAAFNKAIKESTGGA,32,0.198676,0.44096152629326973
21312,EAVLEDPYILLVSSK,32,0.0,0.5650703894371661
21313,EAYRMRFAAVITRVI,32,0.611256,0.8077950213229541
21314,EDPLFQLVSKLYEVV,32,0.426328,0.6651579222219288
21315,EEFVSLASRFLVEED,32,0.46021899999999993,0.5157775775429663
21316,EEIITLNSYGSFQEF,32,0.373064,0.392973922981449
21317,EFIPMKSSWGAIWRI,32,0.122974,0.48872274536618504
21318,EFVTLAAKFIIEEDS,32,0.178422,0.7081062591304197
21319,EGHHLASAAIFGHDG,32,0.25658800000000004,0.45739831318429697
21320,EGHHLASAAILGHDG,32,0.329952,0.5067735432668744
21321,EGKVVQYENLKYTVI,32,0.6229439999999999,0.5731628767495845
21322,EHELYVAVLSNALHR,32,0.612209,0.7384211063967961
21323,EIESCRKNSCECNFE,32,0.0,0.14543299299161735
21324,EITGIMKDFDEPGHL,32,0.250718,0.19392046146285444
21325,EKMFVSPTPGQRNPY,32,0.570647,0.33872646897815073
21326,ELAAVSVDCSEYPKP,32,0.482939,0.32945210990894913
21327,ELKESWGAIWRIDTP,32,0.272593,0.5084812175473986
21328,ELLDQSDVKEPGVSR,32,0.057975,0.30622080575506905
21329,ELYKYKVVKIEPLGV,32,0.6839689999999999,0.6675890788711869
21330,EMETESWIVDRQWAQ,32,0.141408,0.43835712459763154
21331,ENEYATGAVRPFQAA,32,0.14851,0.4668087935997217
21332,EPAYFATAESVRDHL,32,0.22921100000000003,0.6060369847600742
21333,EQCCTSICSLYQLEN,32,0.078364,0.2637431098374064
21334,EQCGRQAGGKLCPNN,32,0.248282,0.1446618138918873
21335,EQFLGALDLAKKRVH,32,0.19400599999999998,0.6894444364734832
21336,ERRNKYLEEHPSAGK,32,0.079283,0.22848953006127223
21337,ESLHNPYPDYHWLRT,32,0.192438,0.17010700165244005
21338,ESTGGAYDTYKSIPS,32,0.135982,0.1359714693513417
21339,ESWGAVWRIDTPDKL,32,0.357041,0.41960309610030366
21340,ESWIVDRQWAQDLTL,32,0.167713,0.4749328091903882
21341,EVFCQTIKLDSEEYH,32,0.44023500000000004,0.5630354664739888
21342,EVLGFRMVQDERVGR,32,0.369602,0.45077864359570224
21343,EVVKANGGYLAAGKL,32,0.472825,0.20162115429277386
21344,EVYEARLTKFKYLAG,32,0.22442199999999998,0.5747337350694358
21345,EYIEAAKWLLPPPKV,32,0.6945899999999999,0.549824984770888
21346,FARIETAFANLYPGE,32,0.682593,0.5670258066683801
21347,FAVATITHAAELQRV,32,0.48208999999999996,0.6886809327746716
21348,FDELELDPPEIEPGV,32,0.438943,0.09784262752943364
21349,FDHEFTFGWDELLSK,32,0.425109,0.3583528303859357
21350,FDPYGATISATPESA,32,0.415638,0.22290939919443084
21351,FDREFTFGWDELLSK,32,0.478075,0.3583528303859357
21352,FEAAFNDAIKASTGG,32,0.160915,0.4498253564083352
21353,FEFNKKAIETLNDNT,32,0.10297200000000001,0.42362097406792093
21354,FENLVAENVKPPKVD,32,0.155487,0.27621682003536546
21355,FEQITFMQALQLLLE,32,0.44930299999999995,0.8729277760485797
21356,FFVKNPTDTGHGTVV,32,0.243061,0.1325393836293641
21357,FGPASFARIETAFAN,32,0.5955189999999999,0.40125633423027823
21358,FGTMPSLTLACLTKQ,32,0.452304,0.8089743162650602
21359,FIMAYVNQAHHIDLM,32,0.6158060000000001,0.8140586562984429
21360,FIVFLLLAGRSCSYK,32,0.039813999999999995,0.48265032539196173
21361,FKKLKNHVLFLQMMN,32,0.7560899999999999,0.7466104136648378
21362,FLAVAVVLGLATSPT,32,0.27326100000000003,0.46324659917387695
21363,FLFQRAVAREAIIAL,32,0.491237,0.739988264468895
21364,FLLMYEMHRESLLKS,32,0.5512520000000001,0.8608842803179474
21365,FNSLISIAQHLVSDR,32,0.580617,0.8435846660617282
21366,FPPNGTHSWEYWGAQ,32,0.0,0.15390004001847393
21367,FQTMPGTFQTTTGEI,32,0.075817,0.4026821133518851
21368,FQTVGSGLDHILSLA,32,0.305061,0.4953529863303798
21369,FRKYTAFTIPSINNE,32,0.0,0.5574441266627335
21370,FTSLEYIEAAKWLLP,32,0.29122800000000004,0.6256420606706559
21371,FVNQHLCGSHLVEAL,32,0.354946,0.4248105624644773
21372,FVVTGRVYCDPCRAG,32,0.103771,0.30264767105115026
21373,FWYVNHTGFNVHSLP,32,0.23256999999999997,0.26623470203374144
21374,GAKRIPVDVSEGDIV,32,0.209419,0.35128849269813894
21375,GARYLEFEALGFLNE,32,0.487738,0.3693254277801453
21376,GAVDIINKWQVVAPQ,32,0.574658,0.7152059292664965
21377,GAYFVSSGKYEGGNI,32,0.29277600000000004,0.1832826307513993
21378,GEGIPLYDAIKCMRT,32,0.22783,0.7180621988448381
21379,GEIYKRWIILGLNKI,32,0.53036,0.7991535939639199
21380,GELEFEEFVSLASRF,32,0.262635,0.2840328148442037
21381,GELQIVDDIDAAFKI,32,0.554269,0.9180496380940252
21382,GELQIVDIIDAAFKI,32,0.623711,0.9532068818648946
21383,GELQIVDKFDAAFKI,32,0.704106,0.9554196960905541
21384,GELQIVDKLDAAFKI,32,0.7355430000000001,0.9868959501009451
21385,GELQIVDKRDAAFKI,32,0.6403939999999999,0.972219685309549
21386,GELQIVDKYDAAFKI,32,0.649316,0.939255853938467
21387,GELQIVDQIDAAFKI,32,0.77049,0.9465464657628981
21388,GELQIVDWIDAAFKI,32,0.668592,0.9606325719629243
21389,GELQIVHKIDAAFKI,32,0.63427,0.9896452993602893
21390,GELQIVNKIDAAFKI,32,0.641716,0.9785696171548904
21391,GELQIVTKIDAAFKI,32,0.577915,0.9707612068306064
21392,GENGRKTRSAYERMC,32,0.032199,0.37284678124712173
21393,GEVEIQFRRVKCKYP,32,0.234175,0.6701998311013585
21394,GEVLNALAYDVPIPG,32,0.23809699999999998,0.48799129097602656
21395,GFTRRFKFLLNISYL,32,0.6929850000000001,0.8133857570665421
21396,GGACGYKDVDKPPFS,32,0.060673000000000005,0.18130560487349062
21397,GGGFGMLLRKYGIAA,32,0.079614,0.6179189825071428
21398,GGSILKISNKFHTKG,32,0.612818,0.6389956089891158
21399,GGSILKISNKYHTKG,32,0.414488,0.6951177611366088
21400,GIHTVFGSAFQGLFG,32,0.321981,0.3220096482001085
21401,GIKVGYTAHIRKATE,32,0.544519,0.7464290792354586
21402,GIRHLFGNYITNDSY,32,0.212273,0.4345008067048035
21403,GIVEQCCTSICSLYQ,32,0.227942,0.2183799872798419
21404,GKGTLDGQGKAVWGK,32,0.283144,0.2787691423668694
21405,GKIDFLNNYALFLSP,32,0.364854,0.6533655297878488
21406,GKIVHISPLSGSAQH,32,0.636728,0.7631215452994139
21407,GKLFTQTMKGVERLA,32,0.557106,0.6230405620604934
21408,GKLIHEWCCRSCTLP,32,0.295555,0.26243447487215343
21409,GKSSFCDICGEELPT,32,0.0,0.1398083238592574
21410,GKTVWFVPSIKAGND,32,0.38710100000000003,0.4789923328415959
21411,GLAYKFVVPGAATPY,32,0.25840599999999997,0.1602037200227833
21412,GLEWNDNTVRVSETL,32,0.355365,0.3082219967100778
21413,GLSGEPKGGAESSSK,32,0.170534,0.04707068054035844
21414,GLTHMMIWHSNLNDT,32,0.218331,0.7441215291982155
21415,GLVPKLDAAYSVAYK,32,0.323326,0.4334971392304335
21416,GMTGMLWETSLLDPE,32,0.32210500000000003,0.5416424646151893
21417,GNIVAVDIKPKDSDE,32,0.47935900000000004,0.5370441229575169
21418,GPPVEASAAALAGDA,32,0.196679,0.08572344920790667
21419,GRKRPIVRILRRVHH,32,0.606567,0.8646997838208775
21420,GRKTRSAYERMCNIL,32,0.0,0.5413367931360433
21421,GSHLVEALYLVCGER,32,0.452956,0.3717754414570283
21422,GTKGEAKDVIPEGWK,32,0.072629,0.2085291172453255
21423,GVLKNEFMSLAFDYW,32,0.9454309999999999,0.6748413723163785
21424,GWIISNIFGAIPVLA,32,0.344599,0.6407965748940232
21425,GWIISNIFGAIPVLG,32,0.178672,0.6527487559738305
21426,GYKDWILWISFAISC,32,0.0,0.6342245631847367
21427,HAYYLQYKNVRPDYL,32,0.554732,0.6255282199177734
21428,HDYEGLSYRSLQPET,32,0.20693899999999998,0.2809291264745943
21429,HEWCCRSCTLPPLRY,32,0.136006,0.2725538100967979
21430,HFSNVFRSVMAPFTM,32,0.496978,0.7133196567552699
21431,HGRQIRMAKLLGRDP,32,0.8805440000000001,0.8841206325602111
21432,HMAKEDLVANQPNLK,32,0.197918,0.5461605064269989
21433,HSLLRTQRLHKFLVC,32,0.8294520000000001,0.8431527896439078
21434,HSRNLINELSERMAG,32,0.613953,0.6364421234463045
21435,HTLWSNGVLESDMII,32,0.168453,0.40722587529476323
21436,HTQTAGPWHLGKLEL,32,0.399106,0.2680289127671244
21437,IAAMMTSPLSVASMT,32,0.867927,0.7947948905849259
21438,IAIAFLSVSNNYEYI,32,0.741209,0.581445357692151
21439,IAPIMFSNKMARLGK,32,0.239821,0.6772248604179213
21440,IASLFAAAGLAAAAP,32,0.472632,0.2787370319518753
21441,IEFRFYKEITNVFRG,32,0.432699,0.586301473627027
21442,IGPEAAEAAAAAPAA,32,0.057765,0.0416271961284703
21443,IGRIAETILGYNPSA,32,0.489914,0.6072530139561341
21444,IHKASTVLAFPAGVC,32,0.290107,0.730279707865511
21445,IIELFTAKGFTVQEM,32,0.296008,0.49232040581645437
21446,IISTFHLSIPNFNQY,32,0.443791,0.6423684498542142
21447,IITPTNVSHIQSAVV,32,0.553818,0.48225063915554506
21448,IKDVLKYRWLNLSAN,32,1.0,0.7173407055336269
21449,ILDLCYQLSMRIANQ,32,0.595734,0.8007375791809275
21450,ILFLVKMNALRRLPV,32,0.812552,0.9018918065122303
21451,ILKGLYNFATCGLIG,32,0.1709,0.5221255095376691
21452,ILKGVINIWGSGLLQ,32,0.39521,0.5597619078016546
21453,ILVQAGEAETMTPSG,32,0.0,0.22825393413381714
21454,IMRIKKLTITGKGTL,32,0.617034,0.7303019229222669
21455,INLIIHYVDRPGALG,32,0.368218,0.7172420014564266
21456,IPKGDFLTGPLNFTG,32,0.20774499999999999,0.3468836448438303
21457,IPSIIHEALNIALIA,32,1.0,0.7766616284448913
21458,IPVMAYLVGLFAWVL,32,0.330635,0.724375012755916
21459,ISATPEWATPFPHRK,32,0.293385,0.25991589026425493
21460,ISDFRAAIANYHYDA,32,0.667077,0.5789410247202741
21461,ISGLKPGVDYTITVY,32,0.15321500000000002,0.3718673683567525
21462,ITAMSEVQKVSQPAT,32,0.47980500000000004,0.5977988255114604
21463,ITDAVGNDMPGGYCL,32,0.24485,0.13352479412520613
21464,ITFMQALQLLLEVEQ,32,0.537519,0.8062634602712697
21465,IVLNHMTGAQSGKGT,32,0.559033,0.6533749212110642
21466,IVQNAYKQMIKSRTL,32,0.591069,0.876462919282604
21467,IYEPEDLGNCLNKSD,32,0.11951300000000001,0.2670930786466412
21468,IYWTIVKPGDILLIN,32,0.191278,0.8646767885496474
21469,KAIKESTGGAYDTYK,32,0.259291,0.08181326375392493
21470,KASNPNYLAILVKYV,32,0.5911420000000001,0.48536108335215145
21471,KCKYPEGTKVTFHVE,32,0.175734,0.13514512943911586
21472,KDKWIELKESWGAIW,32,0.182763,0.2248870213180413
21473,KEVEEAWASACGGTG,32,0.0,0.08039995598354632
21474,KEYTFPITLSSTSNP,32,0.348433,0.5664954449145925
21475,KFTQFAGKDLESIKG,32,0.161412,0.4563391666036005
21476,KFVDSTVVASVTIID,32,0.353387,0.24149288236053523
21477,KGKDKWIELKESWGA,32,0.09832300000000001,0.16890402435176016
21478,KGLHHLQIILSGKMA,32,0.9580850000000001,0.8834637756453163
21479,KGSNDHYLALLVKYA,32,0.14917,0.5600197855905599
21480,KGVERLAVMGDVAWD,32,0.583515,0.4063551595847615
21481,KHLAVLVKYEGDTMA,32,0.420792,0.4834888987395678
21482,KIEIDQDHQEEICEV,32,0.452074,0.4169688747925003
21483,KILEPFRKYTAFTIP,32,0.294722,0.5879262312734852
21484,KKGAGGITIKKTGQA,32,0.175703,0.2306864837546955
21485,KLCLMKAQPTSWPLQ,32,0.807674,0.7508230656589829
21486,KLCPNNLCCSQWGWC,32,0.179101,0.11029600369553968
21487,KLKIQNVIIDECYGA,32,0.575814,0.9108876259234756
21488,KLPWKNESSIKVIKQ,32,0.46542100000000003,0.6639145384494628
21489,KLSQELHKLQTYPRT,32,0.374433,0.6998652228831039
21490,KLTITGKGTLDGQGK,32,0.41980100000000004,0.25122545104446486
21491,KMDKLELKGMSYAMC,32,0.420782,0.42215758362536787
21492,KMPMYIAGYKTFDGR,32,0.202265,0.5770070179797511
21493,KNTIVIPKGDFLTGP,32,0.10647899999999999,0.580577606320025
21494,KPPFSGMTGCGNTPI,32,0.166686,0.07129738024091364
21495,KQCFRKLPVNRPIDW,32,0.258195,0.48108863733078133
21496,KQIANELNYILWENN,32,0.40759,0.6455215547025469
21497,KRFFLPVFSDEVLAG,32,0.38751399999999997,0.6663788232129132
21498,KRWIILGLNKIVRMY,32,0.556757,0.7911370579969567
21499,KSIIKARVVWKAIIE,32,0.489257,0.8383853540246071
21500,KSMKVTVAFNQFGPN,32,0.424387,0.39334404371483594
21501,KSRTLKSFFAWSLSD,32,0.47384799999999994,0.6622684410078972
21502,KSTNGLRIKSYEDAK,32,0.26306799999999997,0.3902985194129377
21503,KTDCTKEVEEAWASA,32,0.168062,0.08775943784777716
21504,KTLILLETFVRVNPD,32,0.563488,0.780355107184346
21505,KTLILLETFVRVNPE,32,0.55185,0.7411201002175375
21506,KTRRFLPQILAECAR,32,0.78389,0.841130731756754
21507,KTVSEGAVDIINKWQ,32,0.5699569999999999,0.5747353943253206
21508,KVGEVCSFYADPKRY,32,0.394085,0.15886834984957618
21509,KVTFLSQVHPSPLLT,32,0.769893,0.6163328460511202
21510,KYDAYVATLSEALRI,32,0.151504,0.7019387874232718
21511,KYKTFEAAFTVSSKR,32,0.13581600000000002,0.43156024397356824
21512,LAQILMDNDLAATND,32,0.472709,0.6808873120382438
21513,LDGNLLSSNDLAKYK,32,0.396231,0.5051239719167474
21514,LDMIITAVNSLISDN,32,0.459775,0.7754526830776312
21515,LEAKATFYGSNPRGA,32,0.0,0.15253159486476572
21516,LEKISNEIKIVATPD,32,0.45206599999999997,0.8309492777441765
21517,LFFNHHKVMLLGHDD,32,0.360491,0.527386433251625
21518,LFGGLNWITKVIMGA,32,0.359744,0.6819241548373587
21519,LGAVYRYKKLKEMSA,32,0.388994,0.5467530193410727
21520,LGMNHVLQSIRRNYP,32,0.579967,0.83639254872168
21521,LGSQEGAMHTALTGA,32,0.17899500000000002,0.29356194681329956
21522,LHFSEALRIIAGTPE,32,0.504721,0.8631282274887457
21523,LHLYSHPIILGFRKI,32,0.572545,0.8151323395279734
21524,LIKTLQSKLSRNFTK,32,0.47612299999999996,0.8545883540757941
21525,LKCRLKMDKLELKGM,32,0.47873999999999994,0.562187143821831
21526,LKLATGMRNVPEKQT,32,0.15501500000000001,0.6264349536886351
21527,LKNCVDAKMTEEDKE,32,0.356113,0.3003296274066014
21528,LLKIWKNYMKIMNHL,32,0.7703369999999999,0.8739484519264688
21529,LLNEFNNLYADKVSV,32,0.44010200000000005,0.5102031891754762
21530,LLTWIKMLAAKNLPI,32,0.8301780000000001,0.8581466311145602
21531,LLWDYMCISLSTAIE,32,0.5353140000000001,0.669013202505388
21532,LNIKLNMPLYIAGNK,32,0.60202,0.8913314633639478
21533,LNWITKVIMGAVLIW,32,0.500794,0.7203520629841982
21534,LQFAKLTGFTLMGKG,32,0.278382,0.44702262304526386
21535,LQFNQMMNPSHVKFL,32,0.35180500000000003,0.6687047341211771
21536,LQMVGMRRPQQGASG,32,0.571574,0.7168745658127751
21537,LQSLWANFYELLADA,32,0.417976,0.4161098422220927
21538,LRAHRLHQLAFDTYQ,32,0.9359370000000001,0.5986311249413697
21539,LRIAAKIYSEADEAW,32,0.538935,0.8074343613181206
21540,LRKDYIKRQGSTPLA,32,0.672934,0.6430090900098216
21541,LRTKLMTSRRVLEKE,32,0.388673,0.8500130259119849
21542,LRYRYGLFKQRIAKE,32,0.559036,0.825514116062056
21543,LSFAAALNGLAGPLH,32,0.383023,0.37541712159682084
21544,LSKDGCTSAKGPDYK,32,0.306697,0.05308194845449811
21545,LSPLTKGILGFVFTL,32,0.213207,0.5764122879999777
21546,LSSNDLAKYKANWIE,32,0.241479,0.5989074738730628
21547,LSYRSLQPETFAVVD,32,0.267751,0.7768980610233859
21548,LTHMMIWHSNLNDAT,32,0.379299,0.7826797185387638
21549,LVIPENAKEKPQEGT,32,0.0,0.18316104885582907
21550,LVKFVAGDGDVVAVD,32,0.082023,0.16680125264692539
21551,LVKYEGDTMAEVELR,32,0.130056,0.28442568835381016
21552,LVPFVQWFVGLSPTV,32,0.714316,0.46958261598472134
21553,LVSKLYEVVPGILTE,32,0.16050699999999998,0.4707745712402026
21554,LWNGPMAVSMTGVMR,32,0.46771899999999994,0.8612498416417491
21555,LWTQSLRRELSGYCS,32,0.359732,0.7117708925764349
21556,MAFLRSVSRLAAAVF,32,0.878333,0.7724024622315971
21557,MASSSSVLLVVALFA,32,0.0,0.49753120014683105
21558,MASSSSVLLVVVLFA,32,0.0,0.4750223662814337
21559,MDCIIFESASKARLP,32,0.562113,0.5713362711042285
21560,MGAVLIWVGINTRNM,32,0.60831,0.7204908765414861
21561,MGEAVQNTVEDLKLN,32,0.254284,0.3867603242005219
21562,MGNSKSKSNPSSSSE,32,0.206835,0.21278977270739088
21563,MGQLISFFGEIPSII,32,0.422454,0.6734722003641546
21564,MGRDIKVQFQSGGAN,32,0.8927620000000001,0.6432020901898984
21565,MILVGVIMMFLSLGV,32,0.585364,0.3910522663714396
21566,MLLRKYGIAAENVID,32,0.327917,0.7513490578931641
21567,MNALRRLPVICSFLV,32,0.83914,0.817280188395548
21568,MNMSRQGIFQTVGSG,32,0.673122,0.7787574336741389
21569,MPFVTTQPEALAAAA,32,0.39198299999999997,0.48869669616925826
21570,MSFVTTQPEALAAAA,32,0.196581,0.6313933797864896
21571,MSLLTEVETYVLSII,32,0.21050300000000002,0.5840251969635032
21572,MSLLTEVETYVLSIV,32,0.219356,0.5840251969635032
21573,MSQIMYNYPAMMAHA,32,0.610066,0.8389952235379378
21574,MSQIMYNYPAMRAHA,32,0.629846,0.8520902774038092
21575,MVVERLGDYLVEQGM,32,0.454236,0.32202929560808985
21576,MYFHRRDLRLASNAI,32,0.592341,0.8164680715027588
21577,NCEALSLVSHIVKWK,32,0.487458,0.6471406467275529
21578,NCVLKKSTNGLRIKS,32,0.179946,0.5733853164729309
21579,NDAIKASTGGAYESY,32,0.22025100000000003,0.1463213719396063
21580,NDFLKTGHYTQMVWA,32,0.152195,0.6151689398289678
21581,NDKPFQNVNRITYGA,32,0.031687,0.5275526572581646
21582,NFTVGRIIELFTAKG,32,0.28924099999999997,0.7570290041665549
21583,NHFFNHHKVMLLGHD,32,0.775605,0.6259427857563231
21584,NHFFNHHKVMLLGHS,32,0.706126,0.6050273092852335
21585,NHLINTPKIMPHHII,32,0.316293,0.6379880515905395
21586,NHVIQSVRRLYPKIF,32,0.580412,0.8105817064055048
21587,NIWADDLAASLSTLE,32,0.304607,0.5031782496899122
21588,NKGILVTVNPIASTN,32,0.71391,0.6499000817070478
21589,NKNFFWAVKPKAVRQ,32,0.336665,0.4687106737787946
21590,NKYLEEHPSAGKDPK,32,0.119486,0.1419706445719168
21591,NLLWKQIANELNYIL,32,0.0,0.8119411334504439
21592,NLMGKTLILLETFVR,32,0.567943,0.7918834772141934
21593,NLNIKLNMPLYIAGN,32,0.392127,0.8545501503596439
21594,NMVVERLGDYLVEQG,32,0.579804,0.47792833711764265
21595,NNRIWLQFAKLTGFT,32,0.491492,0.7831042521249175
21596,NNVVQALTSLGLLYT,32,0.6151800000000001,0.5882507459328551
21597,NPLIRHENRMVLAST,32,0.395857,0.853386396191483
21598,NPRQAYANYRDIDLG,32,0.167651,0.3553090818713004
21599,NPTDTGHGTVVMQVK,32,0.5257350000000001,0.2341142366415602
21600,NRIMADGGSIQNTNL,32,0.30702399999999996,0.33866484654602647
21601,NSFYYMKGGVNTFLI,32,0.24523499999999998,0.5135506263157072
21602,NSLVYGASDSNVYDL,32,0.307649,0.23930774174814293
21603,NSVIQALTSLGLLYT,32,0.77131,0.7250299423992096
21604,NSVVQALTSLGLLYT,32,0.838026,0.6310877067914101
21605,NVNLQKQLLTNHLIN,32,0.45753999999999995,0.7104544004435844
21606,NVSHIQSAVVCGRRH,32,0.269242,0.5190469577433449
21607,NYLALLVKFVAGDGD,32,0.15891,0.49531998432784985
21608,PAAAYATATPAAATA,32,0.466758,0.022577971332824114
21609,PAGVCPTIGVGGNFA,32,0.0,0.06330638244899167
21610,PALFFTFLANLNLTE,32,0.23036700000000002,0.35511752111434786
21611,PALLALLALPALLLL,32,0.577749,0.2105814668936077
21612,PASWKNNRIWLQFAK,32,0.501812,0.7338348485527444
21613,PCKGDSVTIKLDGNL,32,0.30235500000000004,0.36156293353749874
21614,PCRAGFETNVSHNVQ,32,0.07682699999999999,0.2559639956210999
21615,PDLPYDYGALEPAIS,32,0.622351,0.17894694673719652
21616,PEGLLWLLLTGKVPT,32,0.317877,0.7500911299076314
21617,PENAKEKPQEGTVVA,32,0.0,0.07710257205607068
21618,PEQIQLLKKAFDAFD,32,0.5475800000000001,0.6867704456979535
21619,PEVKYAVFEAALTKA,32,0.62224,0.5375219456264632
21620,PGTFQTTTGEIGAIA,32,0.305044,0.20242186064428144
21621,PIEHIASMRRNYFTA,32,0.11326900000000001,0.7757209602962613
21622,PIIIDQKYCPNKICT,32,0.534099,0.3540590130371829
21623,PIYIVTPTNASHIQS,32,0.275524,0.6199513647559537
21624,PKDSDEFIPMKSSWG,32,0.2906,0.24611469940474998
21625,PKGGAESSSKAALTS,32,0.0,0.15240577987796164
21626,PLYKLVHVFINTQYA,32,0.8803469999999999,0.7389313350859886
21627,PPDAASAAPLRTITA,32,0.5190279999999999,0.533576544310307
21628,PPPPQLGASPYKLGP,32,0.064384,0.27542659128722463
21629,PQVKYAVFEAALTKA,32,0.558819,0.5994182632075877
21630,PSGLVIPENAKEKPQ,32,0.0,0.26711472460255375
21631,PSMGRDIKVQFQSGG,32,0.847349,0.6543464884346514
21632,PSPSMGRDIKVQFQS,32,0.6687890000000001,0.6241742885607013
21633,PTHRHLKGEACPLPH,32,0.182172,0.2583179345858169
21634,PTLAFPAGVCPTIGV,32,0.19867100000000001,0.10238896772896028
21635,PYGATISATPEWATP,32,0.295047,0.18858195030708608
21636,QAGGKLCPNNLCCSQ,32,0.0,0.11513339120977353
21637,QDHQEEICEVVLAKS,32,0.48799,0.3490645184804173
21638,QDVLLFTPASTEPQS,32,0.484605,0.6485766313366342
21639,QEVFKAIQSLKTTEV,32,0.666274,0.7921305846084146
21640,QFKRASPILRFLYAN,32,0.603166,0.8355577605646595
21641,QFRRVKCKYPEGTKV,32,0.06461599999999999,0.24545878197150048
21642,QGEPGAVIRGKKGAG,32,0.373679,0.3803361228189759
21643,QGEPGRVIRGKKGAG,32,0.311033,0.5098379297286514
21644,QHLCGSHLVEALYLV,32,0.325328,0.3826578711795466
21645,QHNHRPGYHTQTAGP,32,0.057387,0.21732394292397947
21646,QIHQYIMALREEYFD,32,0.9851530000000001,0.7999109366896109
21647,QIRMAKLLGRDPEQS,32,0.508361,0.8383998893169937
21648,QKLIEDINASFRAAM,32,0.353304,0.7508682332454056
21649,QKQLLTNHLINTPKI,32,0.37089,0.7188394059836406
21650,QKRTLSLLQYARYPI,32,0.49018999999999996,0.8054432241172256
21651,QKYCPNKICTSKGDS,32,0.185284,0.2344103519957794
21652,QLSALWARFPLPVIP,32,0.571745,0.7614932726331947
21653,QLYSKFLLKAEPLAF,32,0.989101,0.5408265615794082
21654,QPCNGVTMNDVKIEY,32,0.354538,0.28019239696240766
21655,QPNLKALREKVLGLP,32,0.394202,0.6516852097248441
21656,QVPSASMGRDIKVQF,32,0.621842,0.5438175645927076
21657,QYLIKHKSNNVITCG,32,0.282059,0.7178007514817103
21658,RAMFVEDIAMGYVVS,32,0.9682940000000001,0.68244084283973
21659,RCALHWFPGSHLLAC,32,0.419241,0.3958827715671049
21660,RCALHWFPGSHLLHV,32,0.58249,0.6043472006958232
21661,RDCLIAHGAANTITE,32,0.440557,0.4977980530937418
21662,REQFLGALDLAKKRV,32,0.033663,0.660089763667207
21663,RFFVWGDEVPLLTKF,32,0.078815,0.6036921855442872
21664,RFTISRDNSKNTLYL,32,0.165002,0.3276168522870694
21665,RGLLRRARGGPHHRR,32,0.23672100000000001,0.6296279901854525
21666,RIDTPDKLTGPFTVR,32,0.047762,0.20656821044429208
21667,RIIAGTLEVHAVKPA,32,0.345506,0.732658980621736
21668,RIKLDIETSFIFIET,32,0.374849,0.7555122567746057
21669,RIPVDVSEGDIVIYS,32,0.0,0.2488891853730575
21670,RKELLVTFKNAHAKK,32,0.626528,0.7316619327341474
21671,RKHIEWNCDVCRHGD,32,0.137695,0.4182189063895461
21672,RLATAIAGAWENGVC,32,0.13265,0.30527829769655435
21673,RLEFDEFVTLAAKFI,32,0.190443,0.5351310793465066
21674,RLKGESRKTFVELMR,32,0.21323699999999998,0.5587071193126487
21675,RLMSMKSVQNNTVLK,32,0.438511,0.7220493434952808
21676,RMAMTDTTPFGQQRV,32,0.429717,0.40624181301069484
21677,RMFSSTLRAAVPWYA,32,0.8589760000000001,0.8236073847670458
21678,RMVLASTTAKAMEQM,32,0.459405,0.6804024746703372
21679,RNFQKVNPEGLIKEF,32,0.23695300000000002,0.4717482368075151
21680,RNTLLFLDLIILNFV,32,0.362056,0.568785646351619
21681,RPGVSKKFLSLLTSS,32,0.435388,0.6857496105277482
21682,RPMFLYVRTNGTSKI,32,0.395323,0.6207483950769876
21683,RQGIFQTVGSGLDHI,32,0.478905,0.6506641301040067
21684,RQKIIYSGAVNLDDE,32,0.266218,0.8099505851
21685,RREVHIYYLEKANKI,32,0.85125,0.6524807262206307
21686,RRRVMIQSSGGKLRL,32,0.5627439999999999,0.7803753705127379
21687,RSRPRRTTRRMDRRT,32,0.594485,0.6286830902291166
21688,RTATNIWIDHNSFSN,32,0.202261,0.43220518656277596
21689,RTITADTFRKLFRVY,32,0.320404,0.5920298146226335
21690,RVIRGKKGAGGITIK,32,0.232364,0.3338553933922536
21691,RVWEQIFSTWLLKPG,32,0.21824899999999997,0.6023959665783918
21692,RVYCDPCRAGFETNV,32,0.0,0.1346109022371848
21693,SAAPLRTITADTFRK,32,0.7381449999999999,0.5350322326324359
21694,SADEVQRMMAEIDTD,32,0.47722600000000004,0.4762557302864028
21695,SAIRAAPEAARSLAS,32,0.6591640000000001,0.28025533663762814
21696,SCLDGKLCLMKAQPT,32,0.9198440000000001,0.37892399562514617
21697,SDDQISIMKLPLSTK,32,0.841384,0.80479462631807
21698,SEGDIVIYSKYGGTE,32,0.0,0.27509724745513864
21699,SFGIVVAWQVKLLPV,32,0.625041,0.645635455573728
21700,SFLQNPQTSLCFSES,32,0.077356,0.5383212512558252
21701,SGKLFMHVTLGSDVE,32,0.408996,0.5320576415494024
21702,SGRVTRDSRRLRRIC,32,0.763944,0.47578164881555324
21703,SGTVDFDEFMEMMTG,32,0.0,0.22439062120678643
21704,SHIQSAVVCGRRHGV,32,0.143249,0.3651488712112666
21705,SIAQHLVSDRPIMRY,32,0.462717,0.7625406357077399
21706,SLIYRRRLMKQDFSV,32,0.744788,0.8938585666859282
21707,SLKLYRDSLGEAVMR,32,0.0,0.5311418923185859
21708,SPILRFLYANVGEEA,32,0.585176,0.644113265869253
21709,SRAEVSYVHVNGAKF,32,0.624354,0.35758049252035456
21710,SRCYSIYLSINGVLE,32,0.651517,0.637741965564343
21711,SRFFVMGEETPLLTK,32,0.194184,0.42650251141641626
21712,SRSFLKHSLLRTQRL,32,0.97816,0.8370425805605991
21713,SSAGGFFTSVGKGIH,32,0.072978,0.34539457851903765
21714,SSILTDSQTATKRIR,32,0.193694,0.5212284300037135
21715,SSKAATAKAPGLVPK,32,0.064773,0.1636651741178574
21716,SSTVKLRQNEFGPAR,32,0.349983,0.5880359794993969
21717,SSYAATEVANAAAAS,32,0.390957,0.15051098794115902
21718,SSYAATEVANAAAGQ,32,0.25955,0.18562464516582255
21719,STVVASVTIIDRSLP,32,0.691524,0.5563916264384631
21720,STWLLKPGAGIMIFD,32,0.45889300000000005,0.5792941182099105
21721,SVLLVVALFAVFLGS,32,0.0,0.08829872532347653
21722,SVRIRVRSGGHDYEG,32,0.30622,0.5195813225049415
21723,SVTIKLDGNLLSSND,32,0.477731,0.5383216474851606
21724,SVYLSDNGVMSEQGS,32,0.172194,0.4066403426527792
21725,SWKLEKASLIEVKTC,32,0.21236999999999998,0.5140271350554506
21726,SYIAEMETESWIVDR,32,0.133893,0.3912628832947833
21727,SYVHVNGAKFIDTQN,32,0.40218200000000004,0.30015726564710554
21728,TAAINKGILVTVNPI,32,0.499179,0.6002213708847436
21729,TAAVELARALVRAVA,32,0.55291,0.3808129379647552
21730,TAKAPGLVPKLDAAY,32,0.176197,0.2620276714585305
21731,TANVPPADKYKTLEA,32,0.041849000000000004,0.141164223261939
21732,TATSASAGWDTVLQS,32,0.17765899999999998,0.4206992168529712
21733,TCVLGKLSQELHKLQ,32,0.529219,0.6646750258852898
21734,TDALRTLGSTSADEV,32,0.234107,0.3569115482731492
21735,TDFAGKTVWFVPSIK,32,0.067944,0.21815898923173127
21736,TDKMFFVKNPTDTGH,32,0.480001,0.30974989789649954
21737,TDTTPFGQQRVFKEK,32,0.21659,0.6179164891778612
21738,TFYGSNPRGAAPDDH,32,0.0,0.20841773802961666
21739,THMMIWHSNLNDATY,32,0.298076,0.7685675849539594
21740,THMMIWHSNLNDTTY,32,0.335225,0.7616987813286729
21741,TIAAMMTSPLSVASM,32,0.745894,0.7635994930616243
21742,TISNNLFFNHHKVML,32,0.229543,0.5520657819625477
21743,TKKFDEVVKANGGYL,32,0.241429,0.3060485223515128
21744,TKVIMGAVLIWVGIN,32,0.355653,0.6396822806116154
21745,TKVTFHVVGVGPLLH,32,0.46021000000000006,0.36650037143387365
21746,TLELLYADTVAFCFR,32,0.562755,0.42694968931335053
21747,TLGSTSADEVQRMMA,32,0.2292,0.45361241315796813
21748,TNFKYNYSVIEGGPI,32,0.169139,0.4041602121603435
21749,TPLTLVDICFWSTLF,32,0.507416,0.6417373506388618
21750,TPTNASHIQSAVVCG,32,0.129339,0.5838389653824377
21751,TQTMKGVERLAVMGD,32,0.316585,0.5663920390957751
21752,TRKYLPAIVREAIKR,32,0.515039,0.8912276407135256
21753,TRSAYERMCNILKGK,32,0.04433,0.5371351923791604
21754,TSSDDQITLIKTPSL,32,0.369799,0.5930974388537679
21755,TVAAAPQVKYAVFEA,32,0.336563,0.18372943165895517
21756,TVLAFPAGVCPTIGV,32,0.34871399999999997,0.13281298852681223
21757,TWQGGSGMASHIIYE,32,0.17521199999999998,0.3603787062473044
21758,TYSQLMTLKDAKMLQ,32,0.421121,0.785758478663585
21759,VAPIEHIASMRRNYF,32,0.420414,0.7887633525583938
21760,VATLSEALRIIAGTL,32,0.475962,0.7792025342192476
21761,VDGRGNYNTDLLPDW,32,0.188773,0.168493506632654
21762,VDIKPKDSDEFIPMK,32,0.079664,0.2642347286982205
21763,VDLAKSLRIAAKIYS,32,0.652482,0.8756769819807869
21764,VDVSEGDIVIYSKYG,32,0.0,0.22831872753959026
21765,VEALYLVCGERGFFY,32,0.68565,0.28062668727099993
21766,VEDEARRMWASAQNI,32,0.42172600000000005,0.49601287611459205
21767,VEKSQLLNEFNNLYA,32,0.501961,0.5520995812458681
21768,VFGNCEGVKIIGISI,32,0.588997,0.2887130693253612
21769,VFGSAFQGLFGGLNW,32,0.306721,0.22745595985142208
21770,VFHTLWHTTKGAALM,32,0.010282,0.5036811292055478
21771,VGNVAWMHVLAAKYI,32,0.383666,0.8125438061551157
21772,VGQQAVEVWQGLALL,32,0.23575300000000002,0.31741459165689223
21773,VHAQTVEDEARRMWA,32,0.432238,0.16937799734057513
21774,VIPANWKPDTVYTSK,32,0.200157,0.19363342009986087
21775,VKGDPVGILYAVFKA,32,0.319508,0.4199067500608412
21776,VKIEYSGTNNKTMAV,32,0.234802,0.2811266630498135
21777,VKPLYIITPTNVSHI,32,0.735612,0.6391192477116188
21778,VKQNTLKLATGMRNV,32,0.464275,0.6055976846840645
21779,VLDILTANKLIRQKL,32,0.848518,0.8653428130030094
21780,VLRTKLMTSRRVLER,32,0.326202,0.8851751174108988
21781,VNFYAWKRMEVGQQA,32,0.324706,0.6680430322189028
21782,VNYWFAPGAAAAPLS,32,0.510916,0.20037661866424072
21783,VPKKKKDKDIPQSSE,32,0.11891800000000001,0.5134201031936203
21784,VPPADKYKTFEAAFT,32,0.167774,0.17174701622271818
21785,VQNTVEDLKLNTLGR,32,0.417702,0.5949858060690155
21786,VRILRRVHHRKYLTD,32,0.404932,0.71090419573231
21787,VRSGGHDYEGLSYRS,32,0.15024400000000002,0.0671372847630205
21788,VSEALRIIAGTLEVH,32,0.48476400000000003,0.7940579505520975
21789,VSIISILKGVINIWG,32,0.510249,0.6298907555939213
21790,VSVDCSEYPKPDCTA,32,0.334594,0.08369414087930438
21791,VTMNDVKIEYSGTNN,32,0.429835,0.3513557419901477
21792,VTVDAAVLAAIDADA,32,0.370125,0.23133437092030745
21793,VVLGLATSPTAEGGK,32,0.358089,0.3522823619046636
21794,VVSRLLIPVPFDPPA,32,0.509141,0.6958904925924806
21795,VWRIDTPDKLTGPFT,32,0.195272,0.5014188570187028
21796,WAVKPKAVRQIEDQL,32,0.571581,0.734203930170003
21797,WEQIFSTWLLKPGAG,32,0.43451300000000004,0.702920843259588
21798,WGAIWRIDTPDKLTG,32,0.5711930000000001,0.5446439664851337
21799,WGAIWRIDTPEVLKG,32,0.479756,0.6375510448158462
21800,WIELKESWGAVWRID,32,0.172104,0.5178953965984148
21801,WKPDTVYTSKLQFGA,32,0.213455,0.4428242644745466
21802,WKRMEVGQQAVEVWQ,32,0.494234,0.4248856569860562
21803,WPKSHTLWSNGVLES,32,0.18806099999999998,0.34240233235976714
21804,WQKGEEVQVIAVEPG,32,0.265289,0.49004264009009724
21805,YANYRDIDLGRNEVV,32,0.20168699999999998,0.43291340348539414
21806,YEALIKLLPFSKRIR,32,0.749713,0.8412390792985671
21807,YEYKVQQAMSNLVLG,32,0.299735,0.9074576367391097
21808,YGFVANFSMELPSFG,32,0.27212,0.6090544977061287
21809,YGIAAENVIDVKLVD,32,0.207594,0.5856988508899901
21810,YKDVDKPPFSGMTGC,32,0.0,0.25009530872219393
21811,YKKLRTSSFALNLPT,32,0.578047,0.8190839027407296
21812,YLAILVKYVDGDGDV,32,0.446618,0.31668156759349037
21813,YLEEHPSAGKDPKKT,32,0.0,0.08284368545463641
21814,YNFATCGLIGLVTFL,32,0.40065700000000004,0.37022107596156256
21815,YPFIEQEGPEFFDQE,32,0.496788,0.15322068102215775
21816,YRKILRQRKIDRLID,32,0.871251,0.8576137033441988
21817,YTTEGGTKGEAKDVI,32,0.023201,0.04523443705084111
21818,YVVSSFDNIKVFLEG,32,0.38422399999999995,0.4775692664994678
21819,YWTIVKPGDILLINS,32,0.186244,0.8720476830948489
21820,ALWNLHGQALFLGIVL,32,0.0,0.6523037932851519
21821,CSAVPVHWVPTSRTTW,32,0.526165,0.22884200524739573
21822,CYGGHTNEDDSNFAHW,32,0.0,0.06604653532140982
21823,EEDKENALSLLDKIYT,32,0.206747,0.4095332130663888
21824,EGELHGRQIRMAKLLG,32,0.578148,0.8030235416411831
21825,FRNVLSIAPIMFSNKM,32,0.6523770000000001,0.758813532192251
21826,GKWYLKAMTADQEVPE,32,0.88387,0.36105368788626463
21827,KFDSQLAHRHMARELH,32,0.226491,0.5604247017084834
21828,LKAMTADQEVPEKPDS,32,0.18066400000000002,0.21201544213775794
21829,LNKIVRMYSPVSILDI,32,0.702146,0.8459712933304167
21830,MAKLLGRDPEQSQEAL,32,0.199478,0.4221824519966514
21831,MVSRLLLNRFTMTHRR,32,0.40613,0.8449163949006031
21832,QPEWFRNVLSIAPIMF,32,0.57075,0.8132731552882574
21833,RQIRMAKLLGRDPEQS,32,0.578148,0.7160237940185848
21834,SAEVEEHRTIRVLEMV,32,0.45470600000000005,0.6840342775857126
21835,SPEVIPMFSALSEGAT,32,0.624128,0.5938208506034384
21836,WHTTKGAALMSGEGRL,32,0.052358,0.3824525492645387
21837,WNRQLYPEWTEAQRLD,32,0.522614,0.4821636050788512
21838,AIQQVRSLIGNEEFLDY,32,0.296501,0.7496652934999484
21839,CVDAKMTEEDKENALSL,32,0.469524,0.13481759317982775
21840,EHREVLWKFDSQLAHRH,32,0.587815,0.7252271305345811
21841,KIPGGAMYADDTAGWDT,32,0.43643699999999996,0.19104330242535797
21842,LTYQNKVVKVQRPTPKG,32,0.764806,0.5580748584357926
21843,MVTQMAMTDTTPFGQQR,32,0.388491,0.7183784889154858
21844,NEDDSNFAHWTEARIML,32,0.022317,0.5868270379196423
21845,PETPNMDVIGERIKRIK,32,0.374512,0.5306723888815869
21846,PTPKGTVMDIISRKDQR,32,0.321529,0.4952580360343416
21847,PWDVVPMVTQMAMTDTT,32,0.576214,0.6556313469148501
21848,RLNDTWKLERAVLGEVK,32,0.144994,0.4925499234401322
21849,VVKVQRPTPKGTVMDII,32,0.566944,0.3710569887759242
21850,WLGARYLEFEALGFLNE,32,0.48115399999999997,0.3051108475371475
21851,YAHAAHAAHAAHAAHAA,32,0.20573200000000003,0.04003042402266968
21852,YLGKREDQWCGSLIGLT,32,0.318438,0.3918896953711417
21853,EGRVEIDFDYCPGTTVTL,32,0.0,0.20683242926977724
21854,GAGVMVEGVFHTLWHTTK,32,0.0,0.25826563374887124
21855,GKLITDWCCRSCTLPPLR,32,0.0,0.24642144617617312
21856,GWLSCLSITWTLIKNMEK,32,0.0,0.32618391458600926
21857,IDPFQLGLLVVFLATQEV,32,0.26,0.6249886300941906
21858,LRAEQASQEVKNWMTETL,32,0.141099,0.3883355085374706
21859,MATFKIQPVFMVASFLKA,32,0.6771729999999999,0.5501297631846638
21860,NVTENFNMWKNNMVEQMH,32,0.7547699999999999,0.3968489716502405
21861,PVGDIYKRWIILGLNKIV,32,0.23496,0.4000311965924421
21862,PVGEIYKRWIILGLNKIV,32,0.525308,0.4842207216431289
21863,REDQRGSGQVVTYALNTF,32,0.0,0.2759908162774742
21864,SCIAIGIITLYLGAVVQA,32,0.191615,0.5336509388497787
21865,SELYLYKVVKIEPLGVAP,32,0.6919649999999999,0.5146928283694605
21866,WIILGLNKIVRMYSPISI,32,0.7815,0.6456264702834903
21867,WIILGLNKIVRMYSPVSI,32,0.629646,0.6456264702834903
21868,WVKVVEEKGFNPEVIPMF,32,0.173346,0.2626344710237315
21869,YAQMWLLLYFHRRDLRLM,32,0.18698499999999998,0.6642644751325256
21870,YFHRRDLRLMANAICSAV,32,0.353643,0.6488297051824865
21871,YVDRFFKTLRAEQASQDV,32,0.342557,0.8522793078599521
21872,YVDRFYKTLRAEQASQEV,32,0.572649,0.8336759914794747
21873,GEIYKRWIILGLNKIVRMY,32,0.5450119999999999,0.6489979885878
21874,GLFNPMILAAGLIACDPNR,32,0.349267,0.559989169697485
21875,LGVLLLIGCWYCRRRNGYR,32,0.146491,0.417200466818973
21876,LPPWFPPMVEGAAAEGDDG,32,0.0,0.33186951431281175
21877,WEALKYLWNLLQYWGQELK,32,0.43782600000000005,0.6229280216662708
21878,DTEVHNVWATQACVPTDPNP,32,0.20546,0.3306828415325631
21879,EAKYDAYVATLSEALRIIAG,32,0.571088,0.6412233992739307
21880,FPQPQLPYSQPQPFRPQQPY,32,0.762939,0.8820862123651098
21881,GFGMLLRKYGIAAENVIDVK,32,0.660507,0.8688206336435286
21882,HIDLLVGSATLCSALYVGDL,32,0.25159699999999996,0.49133618752166686
21883,IEPIVATNWQKLEAFWHKHM,32,0.569353,0.669307191827679
21884,KDKWIELKESWGAIWRIDTP,32,0.473999,0.5333489722101585
21885,KIIGGIGGFVKVRQYDQIPI,32,0.287148,0.3406022073924818
21886,KMIGGIGGFVKVRQYDQIPI,32,0.3008,0.2400316234392878
21887,KRWIILGLNKIVRMYSPTSI,32,0.7575970000000001,0.8125623294999129
21888,LLQELCCQHLWQIPEQSQCQ,32,0.648176,0.4180338477729103
21889,LYKYKVVKIEPLGVAPTKAK,32,0.72919,0.7204307296837711
21890,PAEILRKSRRFAQALPVWAR,32,0.456884,0.7539183439296062
21891,PHHTALRQAILCWGELMTLA,32,0.642211,0.6236919628521896
21892,QNPSQQQPQEQVPLVQQQQF,32,0.512652,0.7887321857676428
21893,VATLSEALRIIAGTLEVHAV,32,0.716132,0.6117424648558848
21894,VRVPVPQLQPQNPSQQQPQE,32,0.8101510000000001,0.727001514492723
21895,WGAIWRIDTPDKLTGPFTVR,32,0.747291,0.509041345383009
21896,YIITPTNVSHIQSAVVSGRR,32,0.851269,0.5267926955919684
21897,VLVMLVLLILAYRRRWRRLTV,32,0.526978,0.8091678323337891
21898,LPKPPKPVSKMRMATPLLMGALPM,32,0.805529,0.8004885567630747
21899,LPKPPKPVSKMRMATPLLMQALPM,32,0.805529,0.801213312389223
21900,PQCRLTPLSRLPFGMAPGPGPQPG,32,0.203468,0.5567660467283985
21901,YLPKPPKPVSKLRLATPLLLQALPL,32,0.57719,0.7059455865271835
21902,KTSLYNLRRGTALAIPQCRLTPLSRL,32,0.510312,0.42326103205415627
21903,ITQFILEHRAKGSCKYALPLRIPPSACLSPQ,32,0.307083,0.3740990958219552
21904,EDNLGFLMHAPAFETAGTYLRLVKINDWTEITQF,32,0.389017,0.9782386245400799
21905,LLVSGWNSITV,33,0.45938599999999996,0.12023941175043401
21906,SLAEGIVLASA,33,0.0,0.17043475565640462
21907,AEMETESWIVDRQWA,33,0.0,0.5262071898895356
21908,AEMVIHHQHVQDCDE,33,0.6034609999999999,0.7277128646489089
21909,AGWLFHVRGARRSGD,33,0.8984629999999999,0.9151236504881608
21910,AMTDTTPFGQQRVFK,33,0.42768100000000003,0.834675144185191
21911,CEHLEDGIYGIFQST,33,0.307649,0.4854890553492338
21912,CGSYVTKTSGSAASM,33,0.565566,0.8427159504675168
21913,CTDKMFFVKNPTDTG,33,0.194601,0.6564632923911656
21914,DCRTAFKPVLVDEGR,33,0.514085,0.8700260761673146
21915,DGGGFYADDTAGWDT,33,0.397752,0.23928749290053544
21916,DLDDEQEILNYMSPH,33,0.17346,0.25471082198779277
21917,DQRGSGQVVTYALNT,33,0.39465900000000004,0.7422959806751901
21918,EEPDDIDCWCYGVEN,33,0.29133200000000004,0.13989371668744088
21919,EERVERIKSEYMTSW,33,0.571643,0.7204142804938781
21920,EQEILNYMSPHHKKL,33,0.6920270000000001,0.9423420485763685
21921,ERIKSEYMTSWFYDN,33,0.31550300000000003,0.7101496648543736
21922,ERKLHQQGRCRTCVY,33,0.762939,0.6903494993379523
21923,FEALGFLNEDHWASR,33,0.222962,0.5468404521305941
21924,FHVRGARRSGDVLWD,33,0.5326850000000001,0.8860113193826171
21925,FSSAGGFFTSVGKGI,33,0.0,0.7504860046349395
21926,FTQTMKGVERLAVMG,33,0.723124,0.8222081684677969
21927,FYADDTAGWDTRITE,33,0.37243699999999996,0.20948579137514575
21928,GAAMVEIALGGVMGG,33,0.0,0.5212979959151649
21929,GAGKTRRFLPQILAE,33,0.796925,0.9464292235996029
21930,GAMLVGQVTLLDLLK,33,0.749713,0.904020487782076
21931,GCSSALGSGPYGALG,33,0.236945,0.48233751146061793
21932,GDSYYYSEPTSENNA,33,0.0,0.3293449629986311
21933,GETVKCRAPGGAKKP,33,0.449064,0.4784040013600234
21934,GGVFHTMWHVTRGAF,33,0.85125,0.7870539380627545
21935,GKCDSAGRSRRSRRA,33,0.8718739999999999,0.5812740432302309
21936,GKEFIRCLALPFRGY,33,0.7102069999999999,0.8591953728101648
21937,GKNLVFSPGRKNGSF,33,0.778379,0.8062155064320286
21938,GKTFSVGTGNCTTNI,33,0.452956,0.34669155421004755
21939,GLALSHLNAMSKVRK,33,0.8718739999999999,0.9568352524388639
21940,GLCAFLATRIFGRRS,33,0.85125,0.96075695391049
21941,GLFGGLNWITKVIMG,33,0.0,0.8599171389705182
21942,GLRTLWSPRERLVLT,33,0.714316,0.9115300561722685
21943,GPLDKEAIEERVERI,33,0.0,0.28075607531024
21944,GPLIEGNTSLLWNGP,33,0.28543,0.5463323422174653
21945,GPLRISASSAAQRRG,33,0.8344,0.848750182151183
21946,GRTTWSIHGKGEWMT,33,0.485708,0.5502118458622776
21947,GSRAIWYMWLGARYL,33,0.807811,0.9087786724198779
21948,GTSDEFPHSNGEIED,33,0.0,0.08812268153388753
21949,HGVAKNPVVDGNPTV,33,0.370686,0.3786936904775431
21950,HTMWHVTRGAFLVRN,33,0.8718739999999999,0.9398585537164622
21951,HVTRGAFLVRNGKKL,33,0.85125,0.9305942692574788
21952,IEEAPEMPALYEKKL,33,0.159054,0.5153676890371438
21953,IGKLFTQTMKGVERL,33,0.6231399999999999,0.833920628366723
21954,IHHQHVQDCDESVLT,33,0.43293100000000007,0.3306918558121811
21955,IHLVIHRIRTLIGQE,33,0.85125,0.9335466434161935
21956,IHRIRTLIGQEKYTD,33,0.778379,0.8669485624635459
21957,INKGILVTVNPIAST,33,0.5530149999999999,0.8628888216282452
21958,ISGSSARYDVALSEQ,33,0.0,0.6047492534280281
21959,ISRRDQRGSGQVVTY,33,0.52479,0.7215062368349274
21960,KEAIEERVERIKSEY,33,0.302679,0.4474941246935849
21961,KEFIRCLALPFRGYL,33,0.787187,0.896811215445055
21962,KGIHTVFGSAFQGLF,33,0.0,0.7719338168548444
21963,KNPTDTGHGTVVMQV,33,0.0,0.5347127607759296
21964,KNPVVDGNPTVDIEE,33,0.0,0.11044671443880669
21965,KRVPMALQHFGWEVM,33,0.618556,0.8864090737470005
21966,KTKNKTNWKQTWTFK,33,0.6231399999999999,0.6521619687893935
21967,KYSYYPEDPVKLASI,33,0.0,0.6950428140365779
21968,LAEGIVLASAALGPL,33,0.495014,0.7974230595193784
21969,LDKRQFELYKRTDIV,33,0.5350699999999999,0.8915181287885643
21970,LGLTQPFLGLCAFLA,33,0.650253,0.80727685683176
21971,LLVLAGWLFHVRGAR,33,0.7560899999999999,0.8965137742820023
21972,LNDSGETVKCRAPGG,33,0.0,0.38260349292592266
21973,LNYMSPHHKKLAQAV,33,0.820152,0.9496143273699613
21974,LPQILAECARRRLRT,33,0.8984629999999999,0.8927276585680658
21975,LQEIPTMLKKGMTTV,33,0.642211,0.8657030572406766
21976,LQYGWKTWGKNLVFS,33,0.762939,0.7867053285686919
21977,LRTLVLAPTRVVLSE,33,0.8718739999999999,0.9557395028847221
21978,LSEEKVPWDQVVMTS,33,0.39231,0.7458125223489037
21979,LSFMDKGIPFMKMNI,33,0.44441899999999995,0.7948463967886165
21980,LTAAINKGILVTVNP,33,0.525878,0.8314873934400996
21981,LVDEERKLHQQGRCR,33,0.682619,0.6206774903825409
21982,MKGVERLAVMGDTAW,33,0.6086699999999999,0.6613683150545233
21983,MSIHGKGEWMTTEDM,33,0.0,0.4164536477005063
21984,NLWKMKTGRRGSANG,33,0.8718739999999999,0.8628489830270213
21985,NSYIAEMETESWIVD,33,0.0,0.4277268550652507
21986,NVYQRGTHPFSRIRD,33,0.7703369999999999,0.8456252354594944
21987,PFSRIRDGLQYGWKT,33,0.0,0.7104553039296694
21988,PSWASVKEDLVAYGG,33,0.0,0.68466947248852
21989,PTMLKKGMTTVLDFH,33,0.723124,0.8577418725237738
21990,PTSENNAHHVCWLEA,33,0.190649,0.36147015032561075
21991,PTVDIEEAPEMPALY,33,0.0,0.22346295800294172
21992,QRMFTREELIHFPEF,33,0.470105,0.6692650805294424
21993,RERLVLTLGAAMVEI,33,0.599739,0.8682694168525731
21994,RGTHPFSRIRDGLQY,33,0.430172,0.7392216042125922
21995,RLGKEFIRCLALPFR,33,0.723124,0.833574414105923
21996,RMLEPTRVVNWEVII,33,0.50758,0.746420561270683
21997,RTLIGQEKYTDYLTV,33,0.538768,0.5565080872835528
21998,RVAYGKCDSAGRSRR,33,0.5062439999999999,0.6375547736414732
21999,RYLEFEALGFLNEDH,33,0.644157,0.5147587937060872
22000,SAFQGLFGGLNWITK,33,0.0,0.7079096301868254
22001,SARYDVALSEQGEFK,33,0.0,0.428684965935192
22002,SEYMTSWFYDNDNPY,33,0.24673299999999998,0.4486856107151457
22003,SGARSNVTFTVNQTS,33,0.0,0.6231763725232832
22004,SGSAASMVNGVIKIL,33,0.0,0.7319948810691012
22005,SHLNAMSKVRKDISE,33,0.762939,0.9193706898199934
22006,SNVTFTVNQTSRLLM,33,0.695388,0.9741693764140045
22007,SVGTGNCTTNILEAK,33,0.263031,0.30776339185277163
22008,SVKEDLVAYGGSWKL,33,0.332399,0.817334356925034
22009,TARRHLAEGKVDTGV,33,0.328893,0.5790262957372331
22010,TESWIVDRQWAQDLT,33,0.0,0.5967695371669196
22011,TLTYRMLEPTRVVNW,33,0.718615,0.9518157354811466
22012,TRRFLPQILAECARR,33,0.695388,0.7898608343173423
22013,TRVVLSEMKEAFHGL,33,0.6047359999999999,0.7165647998565969
22014,VADDLTAAINKGILV,33,0.0,0.7439431635394504
22015,VAIKGPLRISASSAA,33,0.567262,0.8872291667027559
22016,VDFGNSYIAEMETES,33,0.0,0.26596828300274283
22017,VDGNPTVDIEEAPEM,33,0.149399,0.1355697788797053
22018,VDRDTARRHLAEGKV,33,0.42882200000000004,0.6389090682771572
22019,VEIALGGVMGGLWKY,33,0.0,0.7661691098563733
22020,VLAPTRVVLSEMKEA,33,0.640305,0.8990126296863786
22021,VLAPYMPDVLEKLEL,33,0.280571,0.6076682602886548
22022,VLEKLELLQRRFGGT,33,0.787187,0.8881822797742952
22023,VPTSWVPQGRTTWSI,33,0.6523770000000001,0.7677762723763709
22024,VTKTSGSAASMVNGV,33,0.0,0.7495480686159365
22025,VTRMAMTDTTPFGQQ,33,0.470105,0.6515656182121906
22026,WKTWGKNLVFSPGRK,33,0.8344,0.8290347709458783
22027,WVPQGRTTWSIHGKG,33,0.47888400000000003,0.6385143842933385
22028,YMPDVLEKLELLQRR,33,0.618556,0.5603936530110288
22029,YYSEPTSENNAHHVC,33,0.32201599999999997,0.3166688914695315
22030,GDILAQAVNHAGIDS,33,0.682619,0.7923978145691197
22031,PFTIPSMHQVLDEAI,33,0.618556,0.7969965296575503
22032,SMHQVLDEAIKACKT,33,0.37496599999999997,0.7765673932310767
22033,DKGIPFMKMNISVIMK,33,0.561458,0.9157264755763788
22034,MYYVSGARSNVTFTVK,33,0.47470500000000004,0.9463348845741943
22035,PKQMLVGGVVLLGAMK,33,0.541966,0.9068121188131121
22036,QPFLGLCAFLATRIFK,33,0.666267,0.8520829982135429
22037,SLLWNGPMAVSMTGVK,33,0.565566,0.9207697088458601
22038,IWYMWLGARYLEFEAKK,33,0.743748,0.7623315611469568
22039,KKEGNTSLLWNGPMAVS,33,0.20363499999999998,0.7009845080509497
22040,KKGLNWITKVIMGAVLI,33,0.702501,0.8072767398885917
22041,KKITKVIMGAVLIWVGI,33,0.583091,0.8140644470118498
22042,KKPFALLLVLAGWLFHV,33,0.0,0.7873917323470561
22043,KKPFMKMNISVIMLLVS,33,0.38138099999999997,0.8431096900035597
22044,KKSGARSNVTFTVNQTS,33,0.373062,0.791678601511031
22045,KKTLLDLLKLTVAVGLH,33,0.656779,0.7306130323958562
22046,KKVGQVTLLDLLKLTVA,33,0.718615,0.8138124963101347
22047,NSYIAEMETESWIVDKK,33,0.0,0.4260814928205488
22048,SGQVVTYALNTITNLKK,33,0.592716,0.8161780161154204
22049,TVFGSAFQGLFGGLNKK,33,0.484303,0.6945171358149242
22050,VLTLGAAMVEIALGGKK,33,0.418171,0.6544107243968829
22051,WLGARYLEFEALGFLKK,33,0.6047359999999999,0.7777180387696527
22052,DKGIPFMKMNISVIMHHHHHH,33,0.513605,0.6582775376639312
22053,EQEILNYMSPHHKKLHHHHHH,33,0.487496,0.8131004637340016
22054,GSRAIWYMWLGARYLHHHHHH,33,0.0,0.862717330447268
22055,HTMWHVTRGAFLVRNHHHHHH,33,0.471918,0.8144432069191715
22056,IHLVIHRIRTLIGQEHHHHHH,33,0.538768,0.6799304885419165
22057,IHRIRTLIGQEKYTDHHHHHH,33,0.606029,0.5767434302466943
22058,IWYMWLGARYLEFEAHHHHHH,33,0.357229,0.8637367941406285
22059,KNPVVDGNPTVDIEEHHHHHH,33,0.0,0.5483828005447141
22060,LTAAINKGILVTVNPHHHHHH,33,0.551559,0.7745005040165156
22061,MFFVKNPTDTGHGTVHHHHHH,33,0.354964,0.6189732997449533
22062,MYMWLGARYLEFEALHHHHHH,33,0.5664100000000001,0.8837657042230205
22063,TRRFLPQILAECARRHHHHHH,33,0.5393979999999999,0.6179988972100598
22064,EIYKRWIILG,34,0.230237,0.037473560323281044
22065,SLAEGIVLASA,34,0.0,0.12077989889547805
22066,ILGLNKIVRMY,34,0.31727,0.1542370010482431
22067,FSQPEQEFPQPQ,34,0.0,0.018517752360657887
22068,FYKTLRAEQASQ,34,0.600117,0.4462289407141889
22069,KCIEWEKAQHGA,34,0.8344,0.48301963146098525
22070,NANPNANPNANP,34,0.0,0.013405710363097909
22071,NKIVRMYSPISI,34,0.299319,0.255904738970056
22072,NKIVRMYSPTSI,34,0.386952,0.2506712376571988
22073,RFYKTLRAEQAS,34,0.381819,0.6062995531376691
22074,WIILGLNKIVRM,34,0.524567,0.215509396984437
22075,ASTEYTPIGDNKA,34,0.050948,0.12537723220663335
22076,DYIDAYVSRLLDD,34,0.133616,0.2951749079660821
22077,DYVVMSAWYKEPN,34,0.6589020000000001,0.4212937635198748
22078,EEYVEIRQVGDFH,34,0.151052,0.15325303573127078
22079,FYKTLRAEQASQE,34,0.5865319999999999,0.4280838030655463
22080,GINYLIDTTSREL,34,0.0,0.205592565312399
22081,KPLLIIAEDVEGE,34,0.003124,0.14159660294759094
22082,MEALTFKACDHIM,34,0.214348,0.21800512622953933
22083,PRFLEQVKHECHF,34,0.24983200000000003,0.21334273329593434
22084,QDEKDYIDAYVSR,34,0.035454,0.11442584600917743
22085,RFYKTLRAEQASQ,34,0.598456,0.5003769203309884
22086,SAMVYSSDDIPPR,34,0.0,0.07167944124069184
22087,SPEVIPMFSALSE,34,0.37594099999999997,0.20695314496418304
22088,SQTTANPACPEGT,34,0.0,0.011495732649899124
22089,SSVDRYRNRVLLL,34,0.20456300000000002,0.25721939969045754
22090,SYDGVSEDTDDDD,34,0.0,0.06477279978615287
22091,YTPIGDNKALISK,34,0.0,0.29791262366358673
22092,EAMSQANSAILMQR,34,0.45275299999999996,0.5535011016170212
22093,EYRSTVNPWASQLG,34,0.25188299999999997,0.34319204906441764
22094,KPLLIIAEDVEGEY,34,0.146198,0.22485228750902517
22095,MLFRILSLNLIKIK,34,0.815132,0.5145350855498679
22096,NTSYRLISCNTSVI,34,0.460214,0.2517176181762242
22097,RETQISKTNTQTYR,34,0.028533999999999997,0.2304665056637955
22098,TDRESLRNLRGYYN,34,0.037004,0.40468954397328866
22099,VLAGWLFHVRGARR,34,0.65409,0.6297874701188256
22100,AEMETESWIVDRQWA,34,0.0,0.4531521920110897
22101,AEMVIHHQHVQDCDE,34,0.488221,0.547166609084247
22102,AGWLFHVRGARRSGD,34,1.0,0.8225615558459268
22103,AMTDTTPFGQQRVFK,34,0.47757799999999995,0.7214135800646283
22104,ATPPGTSDEFPHSNG,34,0.41400299999999995,0.11758900168541497
22105,CEHLEDGIYGIFQST,34,0.0,0.44375861035767905
22106,CTDKMFFVKNPTDTG,34,0.0,0.7378979424714013
22107,DCRTAFKPVLVDEGR,34,0.0,0.7933671706450499
22108,DGGGFYADDTAGWDT,34,0.37604099999999996,0.2395898815324465
22109,DLDDEQEILNYMSPH,34,0.453454,0.1756578195335113
22110,DQGCSSALGSGPYGA,34,0.290429,0.1987612700915885
22111,DQRGSGQVVTYALNT,34,0.47470500000000004,0.48835006251821095
22112,EEPDDIDCWCYGVEN,34,0.0,0.13365557317125598
22113,EERVERIKSEYMTSW,34,0.5689890000000001,0.6997262984667252
22114,EHEILNDSGETVKCR,34,0.0,0.4189238379778778
22115,EQEILNYMSPHHKKL,34,0.9359370000000001,0.927147228805649
22116,ERIKSEYMTSWFYDN,34,0.46374899999999997,0.6888960477565992
22117,ERKLHQQGRCRTCVY,34,0.749713,0.5737919158446836
22118,FHVRGARRSGDVLWD,34,0.661401,0.7397270367659828
22119,FTQTMKGVERLAVMG,34,0.820152,0.744113424524453
22120,FYADDTAGWDTRITE,34,0.364759,0.2655039474529128
22121,GAAMVEIALGGVMGG,34,0.661401,0.3558171781636983
22122,GAGKTRRFLPQILAE,34,0.723124,0.899482175997993
22123,GDSYYYSEPTSENNA,34,0.0,0.32002302983277175
22124,GETVKCRAPGGAKKP,34,0.7381449999999999,0.5771378003959573
22125,GGVFHTMWHVTRGAF,34,1.0,0.7073070856989584
22126,GKCDSAGRSRRSRRA,34,0.631325,0.4543804238537635
22127,GKEFIRCLALPFRGY,34,0.85125,0.7784768112335535
22128,GKGEWMTTEDMLEVW,34,0.0,0.32314519900470084
22129,GKNLVFSPGRKNGSF,34,0.9359370000000001,0.791445331640057
22130,GLALSHLNAMSKVRK,34,1.0,0.9278776899412818
22131,GLCAFLATRIFGRRS,34,1.0,0.9408535837818028
22132,GLFGGLNWITKVIMG,34,0.0,0.7712314263121359
22133,GLRTLWSPRERLVLT,34,0.762939,0.8420700729779899
22134,GPLDKEAIEERVERI,34,0.0,0.2309136703330576
22135,GPLIEGNTSLLWNGP,34,0.0,0.2912349405049872
22136,GPLRISASSAAQRRG,34,1.0,0.7936506705197391
22137,GRTTWSIHGKGEWMT,34,0.46601000000000004,0.49299468451384826
22138,GRWDGEEEVQLIAAV,34,0.0,0.3883468749679629
22139,GSRAIWYMWLGARYL,34,0.0,0.7955028617069577
22140,GTSDEFPHSNGEIED,34,0.0,0.0765132104960622
22141,HGVAKNPVVDGNPTV,34,0.0,0.2662815788034396
22142,HTMWHVTRGAFLVRN,34,0.9359370000000001,0.8719677491411253
22143,HVTRGAFLVRNGKKL,34,1.0,0.9218053459149825
22144,IEEAPEMPALYEKKL,34,0.338891,0.5039453948030008
22145,IGKLFTQTMKGVERL,34,0.718615,0.7827001882762417
22146,IHHQHVQDCDESVLT,34,0.287688,0.2058532020684732
22147,IHLVIHRIRTLIGQE,34,0.807811,0.696806420885913
22148,IHRIRTLIGQEKYTD,34,0.796925,0.6894515942291958
22149,INKGILVTVNPIAST,34,0.659061,0.6434105388579248
22150,ISGSSARYDVALSEQ,34,0.0,0.519828056191334
22151,ISRRDQRGSGQVVTY,34,0.629629,0.5123166062458483
22152,KEAIEERVERIKSEY,34,0.0,0.4073984777788096
22153,KEFIRCLALPFRGYL,34,1.0,0.8085715962435076
22154,KGIHTVFGSAFQGLF,34,0.0,0.647091459345945
22155,KKGMTTVLDFHPGAG,34,0.0,0.5736548864489478
22156,KNPTDTGHGTVVMQV,34,0.0,0.18746173751289882
22157,KNPVVDGNPTVDIEE,34,0.0,0.0978182486811133
22158,KRVPMALQHFGWEVM,34,0.648176,0.7708483678237452
22159,KTKNKTNWKQTWTFK,34,0.723124,0.5715870191017602
22160,KYSYYPEDPVKLASI,34,0.557524,0.6515362218034518
22161,LAEGIVLASAALGPL,34,0.6384380000000001,0.6812420343126477
22162,LDKRQFELYKRTDIV,34,0.525332,0.8552390510366754
22163,LLVLAGWLFHVRGAR,34,0.0,0.7753920621783608
22164,LNDSGETVKCRAPGG,34,0.0,0.39542930303809487
22165,LNYMSPHHKKLAQAV,34,0.9359370000000001,0.9354752361725528
22166,LPQILAECARRRLRT,34,0.9359370000000001,0.7879904809953374
22167,LQEIPTMLKKGMTTV,34,0.8344,0.776203738836439
22168,LQYGWKTWGKNLVFS,34,0.85125,0.7074442657089303
22169,LRLGKEFIRCLALPF,34,0.7102069999999999,0.7163337178237486
22170,LRTLVLAPTRVVLSE,34,0.8984629999999999,0.8395039768435284
22171,LSEEKVPWDQVVMTS,34,0.42271400000000003,0.5442259393861905
22172,LSFMDKGIPFMKMNI,34,0.9359370000000001,0.787869431703411
22173,LTAAINKGILVTVNP,34,0.0,0.7462741922283466
22174,LVDEERKLHQQGRCR,34,0.702501,0.40161541055133737
22175,LWSPRERLVLTLGAA,34,0.0,0.6739731886888419
22176,MFFVKNPTDTGHGTV,34,0.0,0.5623685794339223
22177,MKGVERLAVMGDTAW,34,0.44151999999999997,0.6051610679392521
22178,MSIHGKGEWMTTEDM,34,0.0,0.33945942431847664
22179,NLWKMKTGRRGSANG,34,1.0,0.7775629811104697
22180,NSYIAEMETESWIVD,34,0.0,0.3212612636714281
22181,NVYQRGTHPFSRIRD,34,1.0,0.7801678913958889
22182,PFSRIRDGLQYGWKT,34,0.762939,0.5776117757122944
22183,PSWASVKEDLVAYGG,34,0.0,0.5727770353541591
22184,PTMLKKGMTTVLDFH,34,0.723124,0.7247204012405103
22185,PTSENNAHHVCWLEA,34,0.0,0.2851715666922515
22186,PTVDIEEAPEMPALY,34,0.0,0.21068866017520116
22187,QRMFTREELIHFPEF,34,0.546638,0.6356055185005826
22188,RERLVLTLGAAMVEI,34,0.727865,0.7703569503879404
22189,RGTHPFSRIRDGLQY,34,0.5350699999999999,0.6149265311818475
22190,RLGKEFIRCLALPFR,34,0.8718739999999999,0.7584521670651927
22191,RTLIGQEKYTDYLTV,34,0.0,0.3519433724398221
22192,RVAYGKCDSAGRSRR,34,0.787187,0.5536723774097536
22193,RYLEFEALGFLNEDH,34,0.698876,0.5642297212936024
22194,SAFQGLFGGLNWITK,34,0.723124,0.6304092137836113
22195,SARYDVALSEQGEFK,34,0.0,0.35126363145993905
22196,SEYMTSWFYDNDNPY,34,0.0,0.3075002247282174
22197,SGARSNVTFTVNQTS,34,0.0,0.5145334038094954
22198,SGSAASMVNGVIKIL,34,0.807811,0.6188367316449478
22199,SHLNAMSKVRKDISE,34,0.820152,0.8363146721609619
22200,SNVTFTVNQTSRLLM,34,0.702501,0.924691442172552
22201,SVGTGNCTTNILEAK,34,0.0,0.30772234835745316
22202,TARRHLAEGKVDTGV,34,0.551559,0.5694575006757719
22203,TLTYRMLEPTRVVNW,34,0.8984629999999999,0.9276939928328495
22204,TPFSLAEGIVLASAA,34,0.674082,0.8103991594100746
22205,TRRFLPQILAECARR,34,0.0,0.6271566823603807
22206,VADDLTAAINKGILV,34,0.0,0.7025551361728104
22207,VDGNPTVDIEEAPEM,34,0.0,0.09903901220928112
22208,VDRDTARRHLAEGKV,34,0.57075,0.6379482162023642
22209,VEIALGGVMGGLWKY,34,0.532098,0.629653566638881
22210,VLAPTRVVLSEMKEA,34,0.762939,0.7615799905007092
22211,VLEKLELLQRRFGGT,34,0.796925,0.7673785693249561
22212,VTKTSGSAASMVNGV,34,0.0,0.602747303411654
22213,VTRMAMTDTTPFGQQ,34,0.0,0.4547601038229682
22214,WKTWGKNLVFSPGRK,34,0.820152,0.7089544741800403
22215,WSIHGKGEWMTTEDM,34,0.0,0.39988531390244747
22216,WVPQGRTTWSIHGKG,34,0.496594,0.4963578295479964
22217,YMPDVLEKLELLQRR,34,0.727865,0.4489726289604483
22218,YYSEPTSENNAHHVC,34,0.462363,0.2923377357598421
22219,AAAAPAAVGAAVGGT,34,0.316603,0.24043294705912158
22220,AAAGLAAAAPLESRQ,34,0.546849,0.5040500361793168
22221,AAGAQLLWQLPLLSI,34,0.536508,0.42350397313561444
22222,AAGVAAWSLIALMIP,34,0.08457999999999999,0.7018389190243479
22223,AALPLLFFALAGQRI,34,0.817283,0.7393198804313234
22224,AAPEAARSLASSLPG,34,0.033897000000000004,0.4246080095062237
22225,AAPLSWSKDIYNYME,34,0.162109,0.6173142046280378
22226,AASGADGTYDITKLG,34,0.19329100000000002,0.22315800996675225
22227,AAVELARALVRAVAE,34,0.824051,0.5024424355665563
22228,ADDLTAAINKGILVT,34,0.40079899999999996,0.715418139924121
22229,ADNSLDYAANFSHML,34,0.341571,0.6067661176121903
22230,ADSVKGRFTISRDNS,34,0.22455100000000003,0.7824938726050361
22231,AELMILIATNLLGQN,34,0.189372,0.5219107164794703
22232,AENVKPPKVDPATYG,34,0.22579000000000002,0.31025349419650966
22233,AFMLAWNYGVPRVMS,34,0.703674,0.8242157572021022
22234,AFQGLFGGLNWITKV,34,0.39219899999999996,0.6458997504325513
22235,AGALEVHAVKPVTEE,34,0.183316,0.40256229201383853
22236,AGAWRTAAVELARAL,34,0.688685,0.680421423425333
22237,AGILARNLVPMVATV,34,0.42010699999999995,0.8222266555259558
22238,AGLLGNVSTVLLGGV,34,0.0,0.45883780089173404
22239,AGLLGVVSTVLLGGV,34,0.10893299999999999,0.33258784424071625
22240,AGLTHMMIWHSNLND,34,0.16501300000000002,0.7075530841543788
22241,AGRFEVHAQTVEDEA,34,0.122724,0.3973909261338703
22242,AGWDTVLQSITTILA,34,0.07082999999999999,0.41825425665036203
22243,AGYLVGRKPLAFFSW,34,0.587078,0.8853950459860197
22244,AHARSYQTLSTQAAA,34,0.41858500000000004,0.6759191919858359
22245,AHWTEARIMLDNINM,34,0.0,0.6113295252953621
22246,AIAGAWENGVCGIRS,34,0.17263499999999998,0.2868053176798906
22247,AIGIITLYLGAVVQA,34,0.0,0.7028668046625619
22248,AINIFNVEKYGAVGD,34,0.430468,0.7361860110471895
22249,AKEKPQEGTVVAVGP,34,0.0,0.1309254627329587
22250,AKPDGKTDCTKEVEE,34,0.0,0.08153010724781615
22251,ALFSGVSWVMKIGIG,34,0.531738,0.7073398820513463
22252,ALKESWGAIWRIDTP,34,0.352287,0.7039939682550976
22253,ALLPRAGAAAAAALP,34,0.262556,0.31509168161185036
22254,ALQSHDDVALVSVMW,34,0.029179000000000004,0.33655147638244626
22255,ALRVIAGALEVHAVK,34,0.22589299999999998,0.7575989425574171
22256,ALSDPYLSFAAALNG,34,0.44881099999999996,0.6369529002443552
22257,ALTKAITAMSEVQKV,34,0.5548350000000001,0.7328925480545435
22258,AMFVEDIAMGYVVSS,34,0.661933,0.5819835604687352
22259,ANQFNKAISQIQESL,34,0.408977,0.6419179402097084
22260,APGAAAAPLSWSKDI,34,0.22507399999999997,0.600067325844531
22261,APNGGFRRIPRGALH,34,0.745685,0.7276124470770203
22262,APSVVPNTTLGMHCG,34,0.0,0.4426144091364136
22263,APYMVGDVITSGDIT,34,0.556237,0.44949229261851353
22264,AQAVYDFRSIVDYLR,34,0.738222,0.5243943683103971
22265,AQIYQAVSAQAAAIH,34,0.6275069999999999,0.7034580265125426
22266,ARGYISTRVGMGEAA,34,0.247102,0.6939152876408504
22267,ARNLVPMVATVQGQN,34,0.547036,0.6529859776519406
22268,ASAAILGHDGTVWAQ,34,0.215401,0.2984075887840997
22269,ASIAARGYISTRVGM,34,0.376679,0.7380413388999255
22270,ASLIYRRRLMKQDFS,34,0.0,0.8963606625415802
22271,ASNPNYLAILVKYVD,34,0.5546439999999999,0.6938146555798556
22272,ASPLTGIADASQSSM,34,0.0,0.462517641817275
22273,ASVGKMIDGIGRFYI,34,0.351288,0.4084041770421391
22274,ATPPPPPPPQLGASP,34,0.045014,0.0202514946505941
22275,ATSPTAEGGKATTEE,34,0.154105,0.09268808949376744
22276,ATTANVPPADKYKTF,34,0.380669,0.43733224755137906
22277,AVFEAALTKAITAMS,34,0.545185,0.8388180373435137
22278,AVFEAALTKAITAMT,34,0.5581189999999999,0.8479011162693942
22279,AVGLFIRLLGGESDA,34,0.5863689999999999,0.5996140497844024
22280,AVHVWLRLPAGRVEI,34,0.804132,0.8524109106048542
22281,AVIRGKKGAGGITIK,34,0.316038,0.6199506685084735
22282,AVMLTFDNAGMWNVR,34,0.400075,0.4697499678138582
22283,AWASACGGTGKNTIV,34,0.482876,0.18843074012403593
22284,AWMSAAATQAEQAAT,34,0.26605100000000004,0.5454519636606586
22285,AYGSFVRTVSLPVGA,34,0.608057,0.9268830926513979
22286,AYSDDKSMKVTVAFN,34,0.045364999999999996,0.7167581424111127
22287,AYTSSDDQISLFDQS,34,0.207892,0.2120357829743257
22288,AYVATVSEALRIIAG,34,0.457201,0.6889233970040407
22289,CADILAIASRVLVTM,34,0.42627299999999996,0.8256411593952685
22290,CDASILIDPLSNQSA,34,0.146544,0.37869496408999825
22291,CGGTGKNTIVIPKGD,34,0.228373,0.5578633930345274
22292,CGYKDVDKPPFDGMT,34,0.057182000000000004,0.3953088141296992
22293,CIEYVTLNASQYANC,34,0.406343,0.5293248653121422
22294,CMTVQGGETMNSVIQ,34,0.25012199999999996,0.3335186150728125
22295,CPLDHVNTLHFLTRG,34,0.448931,0.6024237825333943
22296,CQFLKVEKSQLLNEF,34,0.718144,0.7304346258465938
22297,CRSCTLPPLRYMGED,34,0.285941,0.4999381641620449
22298,CSNLSTCVLGKLSQE,34,0.205785,0.5965522561439975
22299,CTGMLKRRLGLMSLS,34,0.81718,0.9336985708644184
22300,DALTLRTATNIWIDH,34,0.280335,0.5214584986487989
22301,DAPYMVGDVITSGDI,34,0.471686,0.4880700194483506
22302,DCSEYPKPDCTAEDR,34,0.0,0.10296708258154048
22303,DEARRMWASAQNISG,34,0.35296700000000003,0.7059004397885592
22304,DEPMVQVEAGKVNHS,34,0.10140199999999999,0.6714652925237145
22305,DESWQQFRQELIPLL,34,0.548093,0.6545897555654305
22306,DFGNSYIAEMETESW,34,0.094365,0.3196378512141635
22307,DGQGKAVWGKNSCAK,34,0.30222,0.5088469779581085
22308,DHTNFKYNYSVIEGG,34,0.276152,0.6733647054855874
22309,DIDLGRNEVVNDVST,34,0.529243,0.26067299795059684
22310,DIFTNSRGKRASKGN,34,0.380342,0.8439400086508954
22311,DIKVQFQSGGNNSPA,34,0.018082,0.5632378140276475
22312,DINASFRAAMATTAN,34,0.5627310000000001,0.7649557353661967
22313,DITVKNCVLKKSTNG,34,0.583024,0.8461935092305429
22314,DIVIYSKYGGTEIKY,34,0.187757,0.6318708161773742
22315,DKKCIEWEKAQHGAC,34,0.442,0.39811400539329317
22316,DKLTGPFTVRYTTEG,34,0.0,0.46416320378011183
22317,DKPFQNVNRITYGAC,34,0.229059,0.6077463794695042
22318,DKVYEILKINSVKYY,34,0.7222270000000001,0.8782634210017328
22319,DLTILGLAAEWVLAY,34,0.305573,0.6127591463767414
22320,DLVANQPNLKALREK,34,0.757163,0.7416938500170751
22321,DMDKVETFLRIVQCR,34,0.175994,0.6667092283057494
22322,DMLKLFEFNKKAIET,34,0.323534,0.9178676197345073
22323,DRTELLEMVCFHEFL,34,0.396223,0.3289191364192405
22324,DTFRKDFRVYDNFLR,34,0.362706,0.47548436276131867
22325,DTFRKLFRRYSNFLR,34,0.795904,0.9412587724000174
22326,DVDIIVDARLDLSST,34,0.272331,0.3150334547468433
22327,DVFYNGAYFVSSGKY,34,0.70417,0.8119581415667743
22328,DVLSQPMLPHTWDGS,34,0.16763599999999998,0.3643297518438624
22329,EAAFNKAIKESTGGA,34,0.284033,0.8085817270466481
22330,EAEQLRAYLDGTGVE,34,0.0,0.2899804606467117
22331,EAVLEDPYILLVSSK,34,0.45676000000000005,0.6946878953194807
22332,EAYRMRFAAVITRVI,34,0.8981110000000001,0.9006996604045286
22333,EDPLFQLVSKLYEVV,34,0.417292,0.7283984882536394
22334,EEFVSLASRFLVEED,34,0.675089,0.6879086908495109
22335,EEIITLNSYGSFQEF,34,0.548667,0.41876264879988984
22336,EFIPMKSSWGAIWRI,34,0.296048,0.734320898114064
22337,EFVTLAAKFIIEEDS,34,0.347613,0.7865989399154124
22338,EGHHLASAAIFGHDG,34,0.34321799999999997,0.6897473573337994
22339,EGHHLASAAILGHDG,34,0.32056799999999996,0.6267869897192373
22340,EGKVVQYENLKYTVI,34,0.278121,0.7065902211094173
22341,EHELYVAVLSNALHR,34,1.0,0.854907705900579
22342,EIESCRKNSCECNFE,34,0.0,0.15868825478207627
22343,EITGIMKDFDEPGHL,34,0.071778,0.19077240128324702
22344,EKMFVSPTPGQRNPY,34,0.938168,0.5258992888667807
22345,ELAAVSVDCSEYPKP,34,0.0,0.32060344259971796
22346,ELKESWGAIWRIDTP,34,0.32665900000000003,0.6859509189121833
22347,ELLDQSDVKEPGVSR,34,0.20949,0.24782692455998134
22348,ELYKYKVVKIEPLGV,34,0.375338,0.8079839845836012
22349,EMETESWIVDRQWAQ,34,0.030677,0.4442048802153349
22350,ENEYATGAVRPFQAA,34,0.0,0.7188997188360794
22351,EPAYFATAESVRDHL,34,0.473315,0.6899342308057569
22352,EQCGRQAGGKLCPNN,34,0.216623,0.2279740400315769
22353,EQFLGALDLAKKRVH,34,0.7041850000000001,0.8710309760382986
22354,ERRNKYLEEHPSAGK,34,0.25963,0.3917420162209926
22355,ESLHNPYPDYHWLRT,34,0.218352,0.2636427243102875
22356,ESSFVMMSAPPAEYK,34,0.422018,0.6188334126683471
22357,ESTGGAYDTYKSIPS,34,0.24683400000000003,0.32296876626766585
22358,ESWGAVWRIDTPDKL,34,0.345384,0.5535573918431391
22359,ESWIVDRQWAQDLTL,34,0.15342,0.4660255751795974
22360,ETLYRIDGAHLTKMS,34,0.458003,0.6326734114213904
22361,EVFCQTIKLDSEEYH,34,0.194341,0.46333268219285195
22362,EVLGFRMVQDERVGR,34,0.42982,0.44224257159929514
22363,EVVKANGGYLAAGKL,34,0.44959399999999994,0.7350905462465855
22364,EVWEQIFSTWLLKPG,34,0.685247,0.6674251025710607
22365,EVYEARLTKFKYLAG,34,0.6629079999999999,0.9192332460743781
22366,EYIEAAKWLLPPPKV,34,0.356617,0.7228390846438557
22367,FARIETAFANLYPGE,34,0.758472,0.7600839842269499
22368,FAVATITHAAELQRV,34,0.7973859999999999,0.5640488442227763
22369,FDELELDPPEIEPGV,34,0.093202,0.0669868033492324
22370,FDHEFTFGWDELLSK,34,0.253761,0.459634840554148
22371,FDPYGATISATPESA,34,0.108748,0.31867484574750454
22372,FDREFTFGWDELLSK,34,0.567146,0.459634840554148
22373,FEAAFNDAIKASTGG,34,0.40402899999999997,0.7356953604192196
22374,FEFNKKAIETLNDNT,34,0.112549,0.7988754387458037
22375,FENLVAENVKPPKVD,34,0.0,0.5761380659642351
22376,FEQITFMQALQLLLE,34,0.46862200000000004,0.7077325733001409
22377,FFVKNPTDTGHGTVV,34,0.17252,0.47860406319888454
22378,FGPASFARIETAFAN,34,0.486045,0.7373754135357672
22379,FGTMPSLTLACLTKQ,34,0.695311,0.8132089784287888
22380,FIMAYVNQAHHIDLM,34,0.733556,0.9041308639741017
22381,FIVFLLLAGRSCSYK,34,0.942572,0.7847940441028991
22382,FKKLKNHVLFLQMMN,34,0.6231399999999999,0.7496350341241468
22383,FLAVAVVLGLATSPT,34,0.255231,0.48869153529144393
22384,FLFQRAVAREAIIAL,34,0.9335709999999999,0.8201134497388338
22385,FLLMYEMHRESLLKS,34,0.9090159999999999,0.8113587100732038
22386,FNSLISIAQHLVSDR,34,0.611614,0.7224776855853019
22387,FPPNGTHSWEYWGAQ,34,0.0,0.3037234707749362
22388,FQTMPGTFQTTTGEI,34,0.268085,0.6072180725538305
22389,FQTVGSGLDHILSLA,34,0.117425,0.5172724049384432
22390,FRKYTAFTIPSINNE,34,0.229656,0.9172223569312858
22391,FTSLEYIEAAKWLLP,34,0.528867,0.7266976760729659
22392,FVMMSAPPAEYKLQQ,34,0.47641300000000003,0.6919623905734904
22393,FVNQHLCGSHLVEAL,34,0.252554,0.4459508705433992
22394,FVRIQPGQTFSVLAC,34,0.449437,0.761923228650579
22395,FVVTGRVYCDPCRAG,34,0.348823,0.3955098562171111
22396,FWYVNHTGFNVHSLP,34,0.244112,0.6451407247914703
22397,GAKRIPVDVSEGDIV,34,0.0,0.22601359077968308
22398,GARYLEFEALGFLNE,34,0.5947,0.6277920053828584
22399,GAVDIINKWQVVAPQ,34,0.097832,0.5645404652854649
22400,GAYFVSSGKYEGGNI,34,0.5243680000000001,0.8097488894207784
22401,GEGIPLYDAIKCMRT,34,0.364725,0.7139217947552312
22402,GEIYKRWIILGLNKI,34,0.49942600000000004,0.8712265277550992
22403,GELEFEEFVSLASRF,34,0.36959000000000003,0.5644637346572231
22404,GELQIVDDIDAAFKI,34,0.553372,0.8778939415157644
22405,GELQIVDIIDAAFKI,34,0.600358,0.9049200655448139
22406,GELQIVDKFDAAFKI,34,0.6616479999999999,0.9663344335787175
22407,GELQIVDKLDAAFKI,34,0.800479,0.9894457602371703
22408,GELQIVDKRDAAFKI,34,0.627872,0.9743899427504935
22409,GELQIVDKYDAAFKI,34,0.62889,0.9789828100438678
22410,GELQIVDQIDAAFKI,34,0.72997,0.8930725306776763
22411,GELQIVDWIDAAFKI,34,0.6481520000000001,0.9593519129286155
22412,GELQIVHKIDAAFKI,34,0.754957,0.985784272870191
22413,GELQIVNKIDAAFKI,34,0.778783,0.9844148601814786
22414,GELQIVTKIDAAFKI,34,0.725224,0.9693817998061784
22415,GENGRKTRSAYERMC,34,0.174893,0.7273955619877552
22416,GEVEIQFRRVKCKYP,34,0.5319510000000001,0.809303472449886
22417,GEVLNALAYDVPIPG,34,0.194045,0.4248759500567097
22418,GFTRRFKFLLNISYL,34,0.8291709999999999,0.9134383480298062
22419,GGACGYKDVDKPPFS,34,0.139208,0.4596954604939568
22420,GGGFGMLLRKYGIAA,34,0.353452,0.8595570357653839
22421,GGSILKISNKFHTKG,34,0.746797,0.8733367049591725
22422,GGSILKISNKYHTKG,34,0.647209,0.8318024527439423
22423,GHMLDMYSVMLTNDN,34,0.20624099999999998,0.5938602892470004
22424,GIHTVFGSAFQGLFG,34,0.153365,0.6938488378612847
22425,GIKVGYTAHIRKATE,34,0.746035,0.8757191393092784
22426,GIRHLFGNYITNDSY,34,0.88331,0.6488291021050547
22427,GKGTLDGQGKAVWGK,34,0.373311,0.39438117152220686
22428,GKIDFLNNYALFLSP,34,0.627088,0.7862363913145837
22429,GKIVHISPLSGSAQH,34,0.610596,0.7355169776682376
22430,GKLFTQTMKGVERLA,34,0.7291949999999999,0.7561878031977031
22431,GKLIHEWCCRSCTLP,34,0.193439,0.29718838794075336
22432,GKSSFCDICGEELPT,34,0.057963,0.14905162039876949
22433,GKTVWFVPSIKAGND,34,0.481458,0.8173478934148034
22434,GLAYKFVVPGAATPY,34,0.688783,0.7217539836614305
22435,GLEWNDNTVRVSETL,34,0.283037,0.31909509270528247
22436,GLSGEPKGGAESSSK,34,0.405015,0.1879178784983783
22437,GLTHMMIWHSNLNDT,34,0.07588099999999999,0.7225377826667334
22438,GLVIPENAKEKPQEG,34,0.0,0.25556729934293
22439,GLVPKLDAAYSVAYK,34,0.297072,0.47750476431924516
22440,GMTGMLWETSLLDPE,34,0.0,0.523817566452789
22441,GNIVAVDIKPKDSDE,34,0.643461,0.6703703067809615
22442,GPPVEASAAALAGDA,34,0.0,0.2989293011571893
22443,GRKRPIVRILRRVHH,34,0.469571,0.7939740641092043
22444,GRKTRSAYERMCNIL,34,0.223227,0.7742599097183042
22445,GSHLVEALYLVCGER,34,0.049448,0.39510964701433043
22446,GTGVLTPSSKRFQPF,34,0.423846,0.8520376159826223
22447,GTKGEAKDVIPEGWK,34,0.06308899999999999,0.22349296708664487
22448,GVLKNEFMSLAFDYW,34,0.529998,0.8006940341199656
22449,GWIISNIFGAIPVLA,34,0.39871,0.7902397143365294
22450,GWIISNIFGAIPVLG,34,0.43012700000000004,0.7851343928136254
22451,GYKDWILWISFAISC,34,0.066312,0.6714181907488934
22452,HAYYLQYKNVRPDYL,34,0.567969,0.8574686530429266
22453,HDYEGLSYRSLQPET,34,0.218336,0.42814770043275124
22454,HEWCCRSCTLPPLRY,34,0.159726,0.3408171846706387
22455,HFSNVFRSVMAPFTM,34,0.795496,0.8925067626438578
22456,HGRQIRMAKLLGRDP,34,0.643044,0.9064667458826895
22457,HMAKEDLVANQPNLK,34,0.311672,0.40334628192649125
22458,HSLLRTQRLHKFLVC,34,0.410132,0.9185091047343391
22459,HSRNLINELSERMAG,34,0.519678,0.4791427727042323
22460,HTLWSNGVLESDMII,34,0.0,0.4181051636697365
22461,HTQTAGPWHLGKLEL,34,0.114696,0.46969768660589484
22462,IAAMMTSPLSVASMT,34,0.38605100000000003,0.6651874614877262
22463,IAIAFLSVSNNYEYI,34,0.489113,0.5835062238248828
22464,IAPIMFSNKMARLGK,34,0.574375,0.9414822327477675
22465,IASLFAAAGLAAAAP,34,0.38862800000000003,0.8523525566937373
22466,IDQVTIAGAKLRSLN,34,0.496541,0.8445462449408826
22467,IEFRFYKEITNVFRG,34,0.7494,0.863687245300659
22468,IGGWLLLEPWISPSV,34,0.32355500000000004,0.46627065694003045
22469,IGPEAAEAAAAAPAA,34,0.246594,0.34764757730826523
22470,IGRIAETILGYNPSA,34,0.366927,0.5716682217265662
22471,IHKASTVLAFPAGVC,34,0.352563,0.8395634263102744
22472,IIELFTAKGFTVQEM,34,0.512074,0.7797888592223858
22473,IISIVQMAPVSAMVR,34,0.370579,0.7739375241614631
22474,IISTFHLSIPNFNQY,34,0.812975,0.681508102695822
22475,IITPTNVSHIQSAVV,34,0.40116399999999997,0.42804919414672277
22476,IKDVLKYRWLNLSAN,34,0.672616,0.8714772194325273
22477,ILDLCYQLSMRIANQ,34,0.795992,0.6964470481530755
22478,ILFLVKMNALRRLPV,34,0.7560899999999999,0.9416445784898757
22479,ILKGLYNFATCGLIG,34,0.562222,0.8435306045561782
22480,ILKGVINIWGSGLLQ,34,0.50588,0.592042887635465
22481,ILVQAGEAETMTPSG,34,0.0,0.26191534650651316
22482,IMRIKKLTITGKGTL,34,0.598643,0.7732860983960932
22483,INLIIHYVDRPGALG,34,0.383257,0.6184027723728122
22484,IPKEQKYSFLQNPQT,34,0.12366600000000001,0.782759070795685
22485,IPKGDFLTGPLNFTG,34,0.37583099999999997,0.4336370552085977
22486,IPSIIHEALNIALIA,34,0.372958,0.6305033805472774
22487,IPVMAYLVGLFAWVL,34,0.313395,0.7607892133921649
22488,ISATPEWATPFPHRK,34,0.391275,0.4739288257234557
22489,ISDFRAAIANYHYDA,34,0.813013,0.6478296939618928
22490,ISGLKPGVDYTITVY,34,0.346141,0.4927637772205972
22491,ISIVQMAPVSAMVRM,34,0.46533800000000003,0.7577789182827825
22492,ISSYKLDLTILGLAA,34,0.36157,0.6129841813970583
22493,ITAMSEVQKVSQPAT,34,0.299582,0.6136307933175348
22494,ITDAVGNDMPGGYCL,34,0.043057,0.16517477530999755
22495,ITFMQALQLLLEVEQ,34,0.6461439999999999,0.5919122991517696
22496,IVLNHMTGAQSGKGT,34,0.382299,0.6868628629887049
22497,IVQMAPVSAMVRMYI,34,0.551633,0.863688080694656
22498,IVQNAYKQMIKSRTL,34,0.9047069999999999,0.8966496604807055
22499,IYEPEDLGNCLNKSD,34,0.086383,0.2547218101772679
22500,IYWTIVKPGDILLIN,34,0.537492,0.6440049441233194
22501,KAIKESTGGAYDTYK,34,0.344248,0.2730300463513317
22502,KASNPNYLAILVKYV,34,0.544046,0.682261875734525
22503,KCKYPEGTKVTFHVE,34,0.129226,0.5135219392070806
22504,KDKWIELKESWGAIW,34,0.172675,0.2979528690672337
22505,KEVEEAWASACGGTG,34,0.172828,0.23711995501469083
22506,KEVWEQIFSTWLLKP,34,0.649918,0.6115289211160128
22507,KEYTFPITLSSTSNP,34,0.20191099999999998,0.7769841006634368
22508,KFFYLLGLSAIMQVF,34,0.185224,0.8938892538209184
22509,KFTQFAGKDLESIKG,34,0.4413,0.7212556208822871
22510,KFVDSTVVASVTIID,34,0.293232,0.4581807848219823
22511,KGKDKWIELKESWGA,34,0.057722,0.2716443540336893
22512,KGLHHLQIILSGKMA,34,0.8595659999999999,0.8072782912606357
22513,KGSNDHYLALLVKYA,34,0.530192,0.634671960572527
22514,KGVERLAVMGDVAWD,34,0.226,0.537273389889188
22515,KHLAVLVKYEGDTMA,34,0.17447000000000001,0.6019242360434889
22516,KIEIDQDHQEEICEV,34,0.411387,0.13380283270090967
22517,KIGIGVLLTWIGLNS,34,0.21322,0.6711750190004058
22518,KILEPFRKYTAFTIP,34,0.509392,0.9000253024100796
22519,KKGAGGITIKKTGQA,34,0.29798800000000003,0.4949586768620634
22520,KLCLMKAQPTSWPLQ,34,0.6265689999999999,0.7763712483814124
22521,KLCPNNLCCSQWGWC,34,0.059623,0.08610393823265451
22522,KLDLTILGLAAEWVL,34,0.227046,0.6271803753414373
22523,KLKIQNVIIDECYGA,34,0.135478,0.720758878315609
22524,KLPWKNESSIKVIKQ,34,0.30804499999999996,0.8088555356934121
22525,KLSQELHKLQTYPRT,34,0.666267,0.5858426301325942
22526,KLTITGKGTLDGQGK,34,0.326802,0.3028627199767821
22527,KMDKLELKGMSYAMC,34,0.488936,0.6803261147398532
22528,KMPMYIAGYKTFDGR,34,0.46966199999999997,0.852188700419934
22529,KNTIVIPKGDFLTGP,34,0.120058,0.5167118929229914
22530,KPPFSGMTGCGNTPI,34,0.185178,0.13721893589963707
22531,KQCFRKLPVNRPIDW,34,0.341235,0.7077471786749641
22532,KQIANELNYILWENN,34,0.281366,0.4408731539530338
22533,KRFFLPVFSDEVLAG,34,0.665254,0.7592894950225962
22534,KRWIILGLNKIVRMY,34,0.706274,0.8298513884127121
22535,KSIIKARVVWKAIIE,34,0.579208,0.9052403745458849
22536,KSMKVTVAFNQFGPN,34,0.144352,0.7864036085977569
22537,KSRTLKSFFAWSLSD,34,0.759538,0.9295441137789533
22538,KSTNGLRIKSYEDAK,34,0.5610729999999999,0.7163051749724714
22539,KTDCTKEVEEAWASA,34,0.040047,0.12241948762905765
22540,KTLILLETFVRVNPD,34,0.868295,0.6800905641840155
22541,KTLILLETFVRVNPE,34,0.8343799999999999,0.6628645721013059
22542,KTRRFLPQILAECAR,34,0.434434,0.798304247014609
22543,KTVSEGAVDIINKWQ,34,0.390459,0.5238574737611777
22544,KVGEVCSFYADPKRY,34,0.610394,0.5209040591936502
22545,KVTFLSQVHPSPLLT,34,0.695947,0.747368597476402
22546,KYDAYVATLSEALRI,34,0.624674,0.6563104171547606
22547,KYKFVRIQPGQTFSV,34,0.617356,0.8968169445829094
22548,KYKTFEAAFTVSSKR,34,0.644861,0.916017525515419
22549,KYTVIITVHTGDQHQ,34,0.395248,0.3887097410257552
22550,LAQILMDNDLAATND,34,0.159064,0.33374306130095316
22551,LDGNLLSSNDLAKYK,34,0.575105,0.7904080119889741
22552,LDMIITAVNSLISDN,34,0.234221,0.5588772727914092
22553,LEAKATFYGSNPRGA,34,0.062298,0.7527372795769411
22554,LEKISNEIKIVATPD,34,0.29940900000000004,0.7430957976072048
22555,LFFNHHKVMLLGHDD,34,0.28983600000000004,0.8835518860093636
22556,LFGGLNWITKVIMGA,34,0.098432,0.7765704451096204
22557,LGAVYRYKKLKEMSA,34,0.414146,0.9139724246434562
22558,LGEVFIAQSKGLYRQ,34,0.42173900000000003,0.8255504406570607
22559,LGMNHVLQSIRRNYP,34,0.66525,0.7021454674492065
22560,LGSQEGAMHTALTGA,34,0.39166799999999996,0.2783301653717939
22561,LHFSEALRIIAGTPE,34,0.42824799999999996,0.9179752058187286
22562,LHLYSHPIILGFRKI,34,0.41515100000000005,0.9009997792774882
22563,LIKTLQSKLSRNFTK,34,0.721982,0.8816762698549522
22564,LKCRLKMDKLELKGM,34,0.277024,0.7041077231438999
22565,LKLATGMRNVPEKQT,34,0.369606,0.8392578302518393
22566,LKNCVDAKMTEEDKE,34,0.09992000000000001,0.411874149775694
22567,LLKIWKNYMKIMNHL,34,0.671403,0.8268019128624118
22568,LLNEFNNLYADKVSV,34,0.514788,0.648622000234032
22569,LLTWIKMLAAKNLPI,34,0.764777,0.9334564097962167
22570,LLVTFKNAHAKKPEV,34,0.7391800000000001,0.9298503911707078
22571,LLWDYMCISLSTAIE,34,0.592354,0.6788226748978202
22572,LNIKLNMPLYIAGNK,34,0.455218,0.7702407882253414
22573,LNWITKVIMGAVLIW,34,0.380605,0.7040277857899466
22574,LQFAKLTGFTLMGKG,34,0.719006,0.9377843494220052
22575,LQFNQMMNPSHVKFL,34,1.0,0.7273226411417896
22576,LQMVGMRRPQQGASG,34,0.48605299999999996,0.7053681757743184
22577,LQSLWANFYELLADA,34,0.47547,0.5618258484875751
22578,LRAHRLHQLAFDTYQ,34,0.223148,0.624377253860681
22579,LRIAAKIYSEADEAW,34,0.17666500000000002,0.8738601752872868
22580,LRKDYIKRQGSTPLA,34,0.568674,0.8180773394604329
22581,LRTKLMTSRRVLEKE,34,0.782892,0.9074921126328346
22582,LRYRYGLFKQRIAKE,34,0.625735,0.9485960265150919
22583,LSFAAALNGLAGPLH,34,0.577887,0.6515165743878842
22584,LSKDGCTSAKGPDYK,34,0.28733000000000003,0.3167329543396002
22585,LSPLTKGILGFVFTL,34,0.309687,0.7644699383631858
22586,LSSNDLAKYKANWIE,34,0.36945100000000003,0.7226193237770457
22587,LSYRSLQPETFAVVD,34,0.453167,0.7871178769276617
22588,LSYYKLGASQRVGTD,34,0.776582,0.8706734385867425
22589,LTHMMIWHSNLNDAT,34,0.18082,0.7489043960029012
22590,LVIPENAKEKPQEGT,34,0.352373,0.2506487951269108
22591,LVKFVAGDGDVVAVD,34,0.058812,0.4266601500998697
22592,LVKYEGDTMAEVELR,34,0.0,0.4545043524950157
22593,LVPFVQWFVGLSPTV,34,0.325838,0.6585627327543484
22594,LVSKLYEVVPGILTE,34,0.488796,0.6016755242644087
22595,LWNGPMAVSMTGVMR,34,0.338672,0.8806852274297526
22596,LWTQSLRRELSGYCS,34,0.384534,0.704633939214233
22597,MAFLRSVSRLAAAVF,34,0.730024,0.8494455854397835
22598,MASSSSVLLVVALFA,34,0.0,0.35089418660432176
22599,MASSSSVLLVVVLFA,34,0.0,0.33379726133451193
22600,MDCIIFESASKARLP,34,0.718972,0.8449358314785972
22601,MGAVLIWVGINTRNM,34,0.53822,0.7070938764392084
22602,MGEAVQNTVEDLKLN,34,0.21066300000000002,0.3353567618115205
22603,MGNSKSKSNPSSSSE,34,0.0,0.3491039554261697
22604,MGQLISFFGEIPSII,34,0.45959799999999995,0.7636938437499157
22605,MGRDIKVQFQSGGAN,34,0.047255,0.5928433380262984
22606,MILVGVIMMFLSLGV,34,0.01535,0.3363464596303838
22607,MLLRKYGIAAENVID,34,0.18305,0.8539679985573748
22608,MNALRRLPVICSFLV,34,0.274792,0.7779234099205885
22609,MNMSRQGIFQTVGSG,34,0.141428,0.6067648039374623
22610,MPFVTTQPEALAAAA,34,0.24165100000000003,0.5008163335475695
22611,MSFVTTQPEALAAAA,34,0.29428499999999996,0.6193051818831177
22612,MSLLTEVETYVLSII,34,0.13531700000000002,0.3510591970448859
22613,MSLLTEVETYVLSIV,34,0.14029,0.334159169467176
22614,MSQIMYNYPAMMAHA,34,0.615959,0.8683253427646586
22615,MSQIMYNYPAMRAHA,34,0.940383,0.8766323222900351
22616,MTPSGLVIPENAKEK,34,0.195962,0.49524905569627625
22617,MVVERLGDYLVEQGM,34,0.24607199999999999,0.3041662640455933
22618,MYFHRRDLRLASNAI,34,0.391104,0.8708780123422079
22619,NCEALSLVSHIVKWK,34,0.9356979999999999,0.7871678152891981
22620,NCVLKKSTNGLRIKS,34,0.8684950000000001,0.7589105184516469
22621,NDAIKASTGGAYESY,34,0.30953600000000003,0.45027715265302465
22622,NDFLKTGHYTQMVWA,34,0.331345,0.6536691583152723
22623,NDKPFQNVNRITYGA,34,0.10803499999999999,0.631360286255374
22624,NFTVGRIIELFTAKG,34,0.27560300000000004,0.8571902516481249
22625,NHFFNHHKVMLLGHD,34,0.288633,0.8531263261352728
22626,NHFFNHHKVMLLGHS,34,0.28033,0.8569735967677409
22627,NHLINTPKIMPHHII,34,0.159707,0.4955921585427457
22628,NHVIQSVRRLYPKIF,34,0.6578,0.9020065099846452
22629,NIWADDLAASLSTLE,34,0.22391799999999998,0.5026074989329593
22630,NKGILVTVNPIASTN,34,0.444946,0.6820430478851951
22631,NKNFFWAVKPKAVRQ,34,0.871576,0.9331504890962455
22632,NKYLEEHPSAGKDPK,34,0.33747,0.30074365139356846
22633,NLLWKQIANELNYIL,34,0.0,0.7310413356015528
22634,NLMGKTLILLETFVR,34,0.79864,0.7688371180641639
22635,NLNIKLNMPLYIAGN,34,0.153476,0.6969907611087445
22636,NLVIEGPTTCGYLPT,34,0.681557,0.12848654216700237
22637,NMVVERLGDYLVEQG,34,0.37672100000000003,0.4003419368564824
22638,NNRIWLQFAKLTGFT,34,0.529254,0.8641922017213581
22639,NNVVQALTSLGLLYT,34,0.6511600000000001,0.546736815316975
22640,NPLIRHENRMVLAST,34,0.240867,0.8158004669390934
22641,NPRQAYANYRDIDLG,34,0.610525,0.663373652345536
22642,NPTDTGHGTVVMQVK,34,0.0,0.30461276421389494
22643,NRIMADGGSIQNTNL,34,0.088036,0.28063121874027896
22644,NSFYYMKGGVNTFLI,34,0.8302879999999999,0.8539419300993393
22645,NSVIQALTSLGLLYT,34,0.768702,0.6104480286532088
22646,NSVVQALTSLGLLYT,34,0.6647770000000001,0.6162385883826161
22647,NVNLQKQLLTNHLIN,34,0.0,0.44449509215769495
22648,NVSHIQSAVVCGRRH,34,0.587674,0.6981472270045226
22649,NYLALLVKFVAGDGD,34,0.184068,0.5798173699021977
22650,PAAAYATATPAAATA,34,0.600935,0.15586946288555906
22651,PAGVCPTIGVGGNFA,34,0.069279,0.1422865807614479
22652,PALFFTFLANLNLTE,34,0.57508,0.609032780006725
22653,PALLALLALPALLLL,34,0.359591,0.248942117505289
22654,PASWKNNRIWLQFAK,34,0.400571,0.8433325934722595
22655,PCKGDSVTIKLDGNL,34,0.0,0.27801424218977966
22656,PCRAGFETNVSHNVQ,34,0.177689,0.4762134106643841
22657,PDLPYDYGALEPAIS,34,0.04641,0.26855184681639904
22658,PEGLLWLLLTGKVPT,34,0.399606,0.8404006912833847
22659,PENAKEKPQEGTVVA,34,0.0,0.21158761090852204
22660,PEQIQLLKKAFDAFD,34,0.43426400000000004,0.842666186672018
22661,PEVKYAVFEAALTKA,34,0.750787,0.9449360445262514
22662,PGTFQTTTGEIGAIA,34,0.293216,0.2808157229238366
22663,PIEHIASMRRNYFTA,34,0.590838,0.8088386051900001
22664,PIIIDQKYCPNKICT,34,0.443355,0.46871753654859444
22665,PIYIVTPTNASHIQS,34,0.465117,0.6003910349431092
22666,PKDSDEFIPMKSSWG,34,0.43991800000000003,0.42578673054533084
22667,PKGGAESSSKAALTS,34,0.286506,0.3998754755369924
22668,PLYKLVHVFINTQYA,34,0.38949,0.8278360970014492
22669,PPDAASAAPLRTITA,34,0.35133600000000004,0.5174273436872728
22670,PPPPQLGASPYKLGP,34,0.24615900000000002,0.6212102265247171
22671,PQVKYAVFEAALTKA,34,0.786125,0.938893312834589
22672,PSGLVIPENAKEKPQ,34,0.38555500000000004,0.39560433277131996
22673,PSMGRDIKVQFQSGG,34,0.22431900000000002,0.5473803841152864
22674,PSPSMGRDIKVQFQS,34,0.336519,0.49847522520698734
22675,PTHRHLKGEACPLPH,34,0.239454,0.35492338671234636
22676,PTLAFPAGVCPTIGV,34,0.210081,0.34239911988595484
22677,PVGEIYKRWIILGLN,34,0.09307,0.7039154802376638
22678,PVGEIYKRWIIMGLN,34,0.232606,0.7642875198283843
22679,PYGATISATPEWATP,34,0.193154,0.2161716032785602
22680,QAGGKLCPNNLCCSQ,34,0.019022,0.17382341089407097
22681,QASVNGVTLIGESVK,34,0.256427,0.367145285834528
22682,QCAMRPNHTIKGSFL,34,0.25101,0.4332807645803246
22683,QDHQEEICEVVLAKS,34,0.333345,0.4384489750015667
22684,QDVLLFTPASTEPQS,34,0.33600399999999997,0.6056190231997516
22685,QEVFKAIQSLKTTEV,34,0.708132,0.8777003162208704
22686,QFKRASPILRFLYAN,34,1.0,0.8743564276855182
22687,QFRRVKCKYPEGTKV,34,0.34379,0.8310764982899734
22688,QGEPGAVIRGKKGAG,34,0.37969400000000003,0.7979769221350409
22689,QGEPGRVIRGKKGAG,34,0.554191,0.7163231475356734
22690,QHNHRPGYHTQTAGP,34,0.133687,0.48685291663139446
22691,QIHQYIMALREEYFD,34,0.49846999999999997,0.6921084558374562
22692,QIRMAKLLGRDPEQS,34,0.361605,0.8278983916412452
22693,QKLIEDINASFRAAM,34,0.638844,0.6623686920413384
22694,QKQLLTNHLINTPKI,34,0.187223,0.5745725751084211
22695,QKRTLSLLQYARYPI,34,0.760707,0.8430937926168329
22696,QKYCPNKICTSKGDS,34,0.191499,0.5653912464638908
22697,QLSALWARFPLPVIP,34,0.350589,0.8373835087435529
22698,QLYSKFLLKAEPLAF,34,0.669626,0.8813475960679545
22699,QPCNGVTMNDVKIEY,34,0.166696,0.27236844552487993
22700,QPNLKALREKVLGLP,34,0.27270900000000003,0.7379842966217779
22701,QTYVTQQLIRAAEIR,34,0.39765900000000004,0.72592789957213
22702,QVHFQPLPPAVVKLS,34,0.494572,0.5510526742463452
22703,QVPSASMGRDIKVQF,34,0.258256,0.6472337425512165
22704,QVTIAGAKLRSLNLG,34,0.466926,0.8747069137503788
22705,QYENLKYTVIITVHT,34,0.33969299999999997,0.6615409891405412
22706,RAMFVEDIAMGYVVS,34,0.7450260000000001,0.6523645558556509
22707,RCALHWFPGSHLLAC,34,0.82237,0.6116488942025543
22708,RCALHWFPGSHLLHV,34,0.867849,0.7904253497165835
22709,RDCLIAHGAANTITE,34,0.371028,0.5717376332119036
22710,REQFLGALDLAKKRV,34,0.9092690000000001,0.8974273162672166
22711,RFFVWGDEVPLLTKF,34,0.244802,0.670584692726511
22712,RFTISRDNSKNTLYL,34,0.405957,0.4542525739808631
22713,RGLLRRARGGPHHRR,34,0.539551,0.7333570731383583
22714,RIDTPDKLTGPFTVR,34,0.055271,0.30766656881677656
22715,RIIAGTLEVHAVKPA,34,0.32221900000000003,0.6719670227096097
22716,RIPVDVSEGDIVIYS,34,0.0,0.12984741293494756
22717,RKELLVTFKNAHAKK,34,0.7040850000000001,0.9484347227478515
22718,RKHIEWNCDVCRHGD,34,0.24984099999999998,0.4721568466455885
22719,RLATAIAGAWENGVC,34,0.107418,0.4941996284519444
22720,RLEFDEFVTLAAKFI,34,0.572451,0.7822884379621442
22721,RLKGESRKTFVELMR,34,0.484022,0.8184475501212723
22722,RLMSMKSVQNNTVLK,34,0.765804,0.8447510693436208
22723,RMAMTDTTPFGQQRV,34,0.153166,0.33065681271466085
22724,RMFSSTLRAAVPWYA,34,0.543061,0.9219981056254481
22725,RMVLASTTAKAMEQM,34,0.434537,0.8460614313730681
22726,RNFQKVNPEGLIKEF,34,0.668712,0.5905238079685224
22727,RNTLLFLDLIILNFV,34,0.204703,0.3466694765315638
22728,RPGVSKKFLSLLTSS,34,0.41993800000000003,0.8218779567509621
22729,RPMFLYVRTNGTSKI,34,0.8344,0.85328810845261
22730,RQGIFQTVGSGLDHI,34,0.333029,0.5382636885148084
22731,RQKIIYSGAVNLDDE,34,0.45293500000000003,0.8403553296683081
22732,RREVHIYYLEKANKI,34,0.702501,0.8560553495672699
22733,RRRVMIQSSGGKLRL,34,0.956583,0.7966286699512242
22734,RSRPRRTTRRMDRRT,34,0.348896,0.7413035724065112
22735,RTATNIWIDHNSFSN,34,0.24384099999999997,0.2584238517619047
22736,RTITADTFRKLFRVY,34,0.581082,0.791964237882645
22737,RVIRGKKGAGGITIK,34,0.439117,0.6448111349004508
22738,RVWEQIFSTWLLKPG,34,0.5622550000000001,0.66739593287845
22739,RVYCDPCRAGFETNV,34,0.130937,0.2512443297503331
22740,SAAPLRTITADTFRK,34,0.648176,0.5153835404062547
22741,SADEVQRMMAEIDTD,34,0.17999600000000002,0.4189355313611264
22742,SAIRAAPEAARSLAS,34,0.69892,0.5679439421115638
22743,SCLDGKLCLMKAQPT,34,0.6905479999999999,0.5958825565500102
22744,SDDQISIMKLPLSTK,34,0.60893,0.8325627723366754
22745,SDLLTNSVIIMAYVT,34,0.353917,0.6145057893434717
22746,SEGDIVIYSKYGGTE,34,0.0,0.4096349025232561
22747,SFGIVVAWQVKLLPV,34,0.859452,0.7700002468831696
22748,SFSCIAIGIITLYLG,34,0.200403,0.4421548593927321
22749,SFVMMSAPPAEYKLQ,34,0.43765699999999996,0.7272460556338533
22750,SGKLFMHVTLGSDVE,34,0.251229,0.7140100971612824
22751,SGRVTRDSRRLRRIC,34,0.621896,0.6038903123240763
22752,SGTVDFDEFMEMMTG,34,0.058169000000000005,0.2694887393456771
22753,SHIQSAVVCGRRHGV,34,0.648107,0.48545227263051466
22754,SIAQHLVSDRPIMRY,34,0.7779659999999999,0.7931042989784146
22755,SLIYRRRLMKQDFSV,34,0.070744,0.8916962910494962
22756,SLKLYRDSLGEAVMR,34,0.0,0.6020104870174349
22757,SPILRFLYANVGEEA,34,0.78555,0.768138631072612
22758,SQAWQPGVAMPNLYK,34,0.368555,0.5626003721639377
22759,SRAEVSYVHVNGAKF,34,0.7218720000000001,0.808870669816437
22760,SRCYSIYLSINGVLE,34,0.424713,0.6749133038268267
22761,SRFFVMGEETPLLTK,34,0.625854,0.681907052849225
22762,SRSFLKHSLLRTQRL,34,0.411017,0.8959048108871963
22763,SSAGGFFTSVGKGIH,34,0.478235,0.8177124657122873
22764,SSILTDSQTATKRIR,34,0.55409,0.601342962599643
22765,SSKAATAKAPGLVPK,34,0.419716,0.7120008797544192
22766,SSNDLAKYKANWIEI,34,0.442337,0.7898916415129507
22767,SSTVKLRQNEFGPAR,34,0.318363,0.5986531813837551
22768,SSYAATEVANAAAAS,34,0.188506,0.7422246169178371
22769,SSYAATEVANAAAGQ,34,0.0708,0.674042081876859
22770,STVVASVTIIDRSLP,34,0.571228,0.36725549436894156
22771,STWLLKPGAGIMIFD,34,0.34829,0.7253532575862798
22772,SVLLVVALFAVFLGS,34,0.0,0.22699123561292664
22773,SVRIRVRSGGHDYEG,34,0.296734,0.680346338103537
22774,SVTIKLDGNLLSSND,34,0.454129,0.501493707548469
22775,SVYLSDNGVMSEQGS,34,0.138311,0.35393764905566066
22776,SWKLEKASLIEVKTC,34,0.346131,0.6635740468956693
22777,SYIAEMETESWIVDR,34,0.115283,0.3576992105877534
22778,SYVHVNGAKFIDTQN,34,0.741322,0.7466229160855595
22779,TAAINKGILVTVNPI,34,0.2947,0.7294287883183989
22780,TAAVELARALVRAVA,34,0.883703,0.5619196632595777
22781,TAKAPGLVPKLDAAY,34,0.424713,0.30695973406942983
22782,TANVPPADKYKTLEA,34,0.217367,0.47955068689081254
22783,TATSASAGWDTVLQS,34,0.191653,0.21571954309817645
22784,TCVLGKLSQELHKLQ,34,0.23378400000000002,0.6317347593045056
22785,TDALRTLGSTSADEV,34,0.145905,0.5429196056819207
22786,TDFAGKTVWFVPSIK,34,0.343515,0.6570209386217989
22787,TDKMFFVKNPTDTGH,34,0.41027299999999994,0.7739069838935392
22788,TDTTPFGQQRVFKEK,34,0.176669,0.8710406778374119
22789,TFYGSNPRGAAPDDH,34,0.2091,0.6523623474501945
22790,THMMIWHSNLNDATY,34,0.10605899999999999,0.6571725722899985
22791,THMMIWHSNLNDTTY,34,0.062762,0.6888348533025077
22792,TIAAMMTSPLSVASM,34,0.637613,0.6349229782447312
22793,TISNNLFFNHHKVML,34,0.41403999999999996,0.7620782125904887
22794,TKFFYLLGLSAIMQV,34,0.2059,0.8646687465001308
22795,TKKFDEVVKANGGYL,34,0.512174,0.5615773577810348
22796,TKVIMGAVLIWVGIN,34,0.46780299999999997,0.612328571269535
22797,TKVTFHVVGVGPLLH,34,0.5241979999999999,0.4398715436878184
22798,TLELLYADTVAFCFR,34,0.540395,0.5295914053785877
22799,TLGSTSADEVQRMMA,34,0.14963900000000002,0.29579233106410247
22800,TLSYYKLGASQRVGT,34,0.423659,0.8957140625029241
22801,TNFKYNYSVIEGGPI,34,0.159065,0.740364736048553
22802,TPLTLVDICFWSTLF,34,0.174241,0.4401989696425825
22803,TPTNASHIQSAVVCG,34,0.09135599999999999,0.6080467656444194
22804,TQTMKGVERLAVMGD,34,0.42084499999999997,0.70542464122405
22805,TRKYLPAIVREAIKR,34,0.6913819999999999,0.8909568574502418
22806,TRSAYERMCNILKGK,34,0.577364,0.7267195132608085
22807,TSSDDQITLIKTPSL,34,0.521015,0.3374025130625556
22808,TTEMLSRALKKVPVD,34,0.60026,0.8937154288799118
22809,TVAAAPQVKYAVFEA,34,0.562366,0.8061838603292876
22810,TVGTKTFLVHREWFM,34,0.49004899999999996,0.8033457181015942
22811,TVLAFPAGVCPTIGV,34,0.35096,0.38618413365000864
22812,TWQGGSGMASHIIYE,34,0.0598,0.4441084389533393
22813,TYSQLMTLKDAKMLQ,34,0.625105,0.8322308319519915
22814,VAPIEHIASMRRNYF,34,0.8718739999999999,0.7865780709746408
22815,VATLSEALRIIAGTL,34,0.358526,0.6501762466575136
22816,VAYFNMVYMPASWVM,34,0.40945,0.796481422187301
22817,VDGRGNYNTDLLPDW,34,0.054597,0.24781447463077175
22818,VDIKPKDSDEFIPMK,34,0.269309,0.34126562050987297
22819,VDLAKSLRIAAKIYS,34,0.547557,0.9338441001475875
22820,VDVSEGDIVIYSKYG,34,0.0,0.362086805077915
22821,VEALYLVCGERGFFY,34,0.275372,0.4220991335935502
22822,VEDEARRMWASAQNI,34,0.089492,0.5928311724091323
22823,VEKSQLLNEFNNLYA,34,0.601023,0.4181219726718469
22824,VFGNCEGVKIIGISI,34,0.223644,0.3385408951210234
22825,VFGSAFQGLFGGLNW,34,0.32264299999999996,0.690063832340234
22826,VFHTLWHTTKGAALM,34,0.327509,0.881166846935148
22827,VGNVAWMHVLAAKYI,34,0.528658,0.9114769862763912
22828,VHAQTVEDEARRMWA,34,0.0,0.20203598572080492
22829,VIGVAFLAVFQSATK,34,0.569494,0.8281110648300634
22830,VIPANWKPDTVYTSK,34,0.020007,0.5064121387144744
22831,VIPENAKEKPQEGTV,34,0.0,0.13409021496298815
22832,VKGDPVGILYAVFKA,34,0.769912,0.6659953139202937
22833,VKIEYSGTNNKTMAV,34,0.586685,0.6313732765596469
22834,VKPLYIITPTNVSHI,34,0.675977,0.5303804916509148
22835,VKQNTLKLATGMRNV,34,0.6523760000000001,0.8170173815054471
22836,VLDILTANKLIRQKL,34,0.8236180000000001,0.8647368005984941
22837,VLRTKLMTSRRVLER,34,0.820679,0.916675510956187
22838,VNFYAWKRMEVGQQA,34,0.434342,0.845331598417332
22839,VNYWFAPGAAAAPLS,34,0.6870350000000001,0.8014150645183179
22840,VPKKKKDKDIPQSSE,34,0.18027200000000002,0.44073315702694355
22841,VPPADKYKTFEAAFT,34,0.435641,0.7181188922725835
22842,VQNTVEDLKLNTLGR,34,0.163556,0.48514727113651895
22843,VRILRRVHHRKYLTD,34,0.568761,0.8177325810697488
22844,VRSGGHDYEGLSYRS,34,0.367543,0.1430882515978381
22845,VSEALRIIAGTLEVH,34,0.30814600000000003,0.7453210853223887
22846,VSIISILKGVINIWG,34,0.6127319999999999,0.6462815714293528
22847,VSVDCSEYPKPDCTA,34,0.0,0.14622430111240103
22848,VSWVMKIGIGVLLTW,34,0.182948,0.5372080258276176
22849,VTMNDVKIEYSGTNN,34,0.383745,0.34162357732020565
22850,VTVDAAVLAAIDADA,34,0.20725,0.3034208413558649
22851,VVLGLATSPTAEGGK,34,0.18146900000000002,0.3942086467899094
22852,VVSRLLIPVPFDPPA,34,0.16530899999999998,0.5930565454176472
22853,VWEQIFSTWLLKPGA,34,0.623239,0.7344519270964439
22854,VWRIDTPDKLTGPFT,34,0.211054,0.4722891699283115
22855,WAVKPKAVRQIEDQL,34,0.401267,0.7724899689300927
22856,WEQIFSTWLLKPGAG,34,0.571415,0.7099993967464326
22857,WFIISIVQMAPVSAM,34,0.11938399999999999,0.7473756210082676
22858,WGAIWRIDTPDKLTG,34,0.48161499999999996,0.5138686531171818
22859,WGAIWRIDTPEVLKG,34,0.564075,0.6626442473426091
22860,WIELKESWGAVWRID,34,0.47969799999999996,0.7326052326158096
22861,WKPDTVYTSKLQFGA,34,0.071487,0.6828897308358104
22862,WKRMEVGQQAVEVWQ,34,0.226752,0.44851457241770387
22863,WNRKELLVTFKNAHA,34,0.416038,0.8899111729516287
22864,WPKSHTLWSNGVLES,34,0.0,0.5944420674987797
22865,WQKGEEVQVIAVEPG,34,0.09115,0.31156804311053343
22866,YANYRDIDLGRNEVV,34,0.380521,0.4703617129328488
22867,YEALIKLLPFSKRIR,34,0.778379,0.891722151395926
22868,YEYKVQQAMSNLVLG,34,0.8969360000000001,0.8540414811189546
22869,YFNMVYMPASWVMRI,34,0.546313,0.871681285092267
22870,YGFVANFSMELPSFG,34,0.335903,0.7156254901097733
22871,YGIAAENVIDVKLVD,34,0.1838,0.6092454528463046
22872,YKDVDKPPFSGMTGC,34,0.035995,0.4987553140458153
22873,YKKLRTSSFALNLPT,34,0.41026599999999996,0.9125527254455061
22874,YLAILVKYVDGDGDV,34,0.30666,0.5601512959447441
22875,YLEEHPSAGKDPKKT,34,0.352562,0.36817333971350574
22876,YNFATCGLIGLVTFL,34,0.41844499999999996,0.5746382939135898
22877,YPFIEQEGPEFFDQE,34,0.216727,0.28921068013780327
22878,YRKILRQRKIDRLID,34,0.51161,0.8621249106766065
22879,YTTEGGTKGEAKDVI,34,0.10953299999999999,0.18413842976722627
22880,YVVSSFDNIKVFLEG,34,0.446018,0.5725830163560036
22881,YWTIVKPGDILLINS,34,0.496216,0.6517871439644682
22882,AALHPFALLLVLAGWK,34,0.0,0.7133240837822167
22883,DKGIPFMKMNISVIMK,34,0.732862,0.9100448196988004
22884,MYYVSGARSNVTFTVK,34,0.714316,0.902190944376415
22885,PKQMLVGGVVLLGAMK,34,0.0,0.759352481567279
22886,QPFLGLCAFLATRIFK,34,0.85125,0.8430632854038694
22887,SLLWNGPMAVSMTGVK,34,0.0,0.8479677313410007
22888,ALWNLHGQALFLGIVL,34,0.27034600000000003,0.7409926930580214
22889,CSAVPVHWVPTSRTTW,34,0.29967699999999997,0.4585588391515424
22890,CYGGHTNEDDSNFAHW,34,0.0,0.0856155010620216
22891,DKLKQQRDTLSTQKET,34,0.143504,0.30934238309507456
22892,EEDKENALSLLDKIYT,34,0.05449400000000001,0.4920233021114166
22893,EGELHGRQIRMAKLLG,34,0.313999,0.821996700941066
22894,EPQGSTYAASSATSVD,34,0.343792,0.7993820049498827
22895,FRNVLSIAPIMFSNKM,34,0.676841,0.8211557655664191
22896,GKWYLKAMTADQEVPE,34,0.368568,0.6794215354036428
22897,GVINIMYMHDSDDVLF,34,0.13183,0.5344374861597528
22898,KFDSQLAHRHMARELH,34,0.574328,0.7674038623419416
22899,KGLMNIALAISAQQVN,34,0.43432200000000004,0.7834681865720983
22900,LAAIIFLFGPPTALRS,34,0.325266,0.7885011839396843
22901,LKAMTADQEVPEKPDS,34,0.0,0.22690529640601811
22902,LNKIVRMYSPVSILDI,34,0.706544,0.8770002363701275
22903,LWWSTMYLTHHYFVDL,34,0.0,0.765610122107098
22904,MAKLLGRDPEQSQEAL,34,0.154527,0.3081612248773403
22905,MVSRLLLNRFTMTHRR,34,0.44327,0.8588505498672979
22906,QPEWFRNVLSIAPIMF,34,0.400527,0.8201285180778132
22907,RQIRMAKLLGRDPEQS,34,0.820152,0.7842510519167851
22908,SAEVEEHRTIRVLEMV,34,0.0,0.6263796693058153
22909,SPEVIPMFSALSEGAT,34,0.564166,0.6642524962784675
22910,SSIIFGAFPSLHSGCC,34,0.38926700000000003,0.795151010324938
22911,WHTTKGAALMSGEGRL,34,0.068361,0.5955570364114193
22912,KKGLNWITKVIMGAVLI,34,0.0,0.7174789232361979
22913,KKITKVIMGAVLIWVGI,34,0.0,0.5284514408228526
22914,KKLVGGVVLLGAMLVGQ,34,0.732862,0.7276407699901477
22915,KKPFALLLVLAGWLFHV,34,0.0,0.7072342740190372
22916,KKSGARSNVTFTVNQTS,34,0.0,0.7343195972673546
22917,KKTLLDLLKLTVAVGLH,34,0.569865,0.5801594676383163
22918,NSYIAEMETESWIVDKK,34,0.0,0.40837550424578106
22919,SGQVVTYALNTITNLKK,34,0.8984629999999999,0.7797509827977757
22920,TVFGSAFQGLFGGLNKK,34,1.0,0.6949575392148726
22921,VLTLGAAMVEIALGGKK,34,0.8984629999999999,0.6396914678588487
22922,WLGARYLEFEALGFLKK,34,0.9359370000000001,0.8802308845651466
22923,AIQQVRSLIGNEEFLDY,34,0.364558,0.5932872423246158
22924,CVDAKMTEEDKENALSL,34,0.095176,0.15795683344145958
22925,EHREVLWKFDSQLAHRH,34,0.420441,0.8339428887883203
22926,FERQYKELQTQAEDDRR,34,0.25705500000000003,0.4556011683990155
22927,IGNTVTPTVTFTMDGDK,34,0.41747700000000004,0.3820477098109498
22928,KIPGGAMYADDTAGWDT,34,0.230667,0.44852893978719177
22929,LTYQNKVVKVQRPTPKG,34,0.692815,0.8719514670008184
22930,MVTQMAMTDTTPFGQQR,34,0.144708,0.7953377975179923
22931,NEDDSNFAHWTEARIML,34,0.148011,0.6230209514416654
22932,PETPNMDVIGERIKRIK,34,0.265531,0.6550377148356764
22933,PTPKGTVMDIISRKDQR,34,0.361792,0.3571881311093495
22934,PWDVVPMVTQMAMTDTT,34,0.357955,0.7049283402125747
22935,RLNDTWKLERAVLGEVK,34,0.395453,0.6046936271555449
22936,TESTFKNISCTFKFGEE,34,0.37417,0.6890647990551213
22937,VVKVQRPTPKGTVMDII,34,0.59009,0.644247953982686
22938,WLGARYLEFEALGFLNE,34,0.627635,0.5153878993119783
22939,YAHAAHAAHAAHAAHAA,34,0.366419,0.24641087925081978
22940,YLGKREDQWCGSLIGLT,34,0.108295,0.36650400820584605
22941,DTPYLDITYHFVMQRLPL,34,0.565225,0.5565216702648564
22942,EGRVEIDFDYCPGTTVTL,34,0.18243800000000002,0.2408311870089078
22943,GAGVMVEGVFHTLWHTTK,34,0.43099399999999993,0.3642592989959874
22944,GFYTTGAVRQIFGDYKTT,34,0.361562,0.665070016007705
22945,GKLITDWCCRSCTLPPLR,34,0.043701,0.26620855660950254
22946,GWLSCLSITWTLIKNMEK,34,0.345993,0.47495884191889537
22947,IDPFQLGLLVVFLATQEV,34,0.039320999999999995,0.5319212900413487
22948,LRAEQASQEVKNWMTETL,34,0.14761,0.36573000674666467
22949,MATFKIQPVFMVASFLKA,34,0.671832,0.6954650573611194
22950,MSSFLGKWKLSESHNFDA,34,0.069775,0.7323810456079612
22951,NVTENFNMWKNNMVEQMH,34,0.347166,0.38135281687450795
22952,PAEILRKSRRFAQALPVW,34,0.468096,0.8942153082182526
22953,PVGDIYKRWIILGLNKIV,34,0.424562,0.5568326222686495
22954,PVGEIYKRWIILGLNKIV,34,0.351509,0.5743770556150092
22955,REDQRGSGQVVTYALNTF,34,0.028208999999999998,0.26682623328203947
22956,SCIAIGIITLYLGAVVQA,34,0.0,0.5746850975358426
22957,SELYLYKVVKIEPLGVAP,34,0.45418100000000006,0.7327541876415227
22958,WIILGLNKIVRMYSPISI,34,0.517506,0.6543387216263444
22959,WIILGLNKIVRMYSPTSI,34,0.572417,0.6111798613931793
22960,WIILGLNKIVRMYSPVSI,34,0.462492,0.6499029238777945
22961,WVKVVEEKGFNPEVIPMF,34,0.059258000000000005,0.3338722727063756
22962,YAQMWLLLYFHRRDLRLM,34,0.20794899999999997,0.7372375249048799
22963,YFHRRDLRLMANAICSAV,34,0.405061,0.7297488265900685
22964,YKTTICGKGLSATVTGGQ,34,0.0,0.40608004465866093
22965,YVDRFFKTLRAEQASQDV,34,0.6868270000000001,0.9561228289515942
22966,YVDRFYKTLRAEQASQEV,34,0.657589,0.8781249084500071
22967,GEIYKRWIILGLNKIVRMY,34,0.524505,0.6890377853225315
22968,GLFNPMILAAGLIACDPNR,34,0.30037800000000003,0.6618680642936545
22969,LGVLLLIGCWYCRRRNGYR,34,0.538546,0.617462122703735
22970,LPPWFPPMVEGAAAEGDDG,34,0.0,0.43624888752986346
22971,WEALKYLWNLLQYWGQELK,34,0.23293699999999998,0.6729765185731305
22972,AEFQMTFHLFIAAFVGAAAT,34,0.423795,0.9526090045845927
22973,AVPVYIYFNTWTTCQSIAFP,34,0.60734,0.4409253461439575
22974,CADARMYGVLPWNAFPGKVC,34,0.674082,0.5380134661061698
22975,DTEVHNVWATQACVPTDPNP,34,0.0,0.36743774908596427
22976,EAKYDAYVATLSEALRIIAG,34,0.6947800000000001,0.7313863121079804
22977,EYLNKIQNSLSTEWSPCSVT,34,0.0,0.6732628989948056
22978,FGDYKTTICGKGLSATVTGG,34,0.157466,0.5291931764352559
22979,GFGMLLRKYGIAAENVIDVK,34,0.529383,0.8399884937244858
22980,GNFPDRFSGHQFPNYSSELN,34,0.29749899999999996,0.5032365670919285
22981,GSNLLSICKTAEFQMTFHLF,34,0.284582,0.701048758751487
22982,HIDLLVGSATLCSALYVGDL,34,0.075433,0.3997964723611056
22983,IAAFVGAAATLVSLLTFMIA,34,0.394527,0.7053659120330564
22984,IEPIVATNWQKLEAFWHKHM,34,0.687191,0.8455092403136759
22985,KDKWIELKESWGAIWRIDTP,34,0.227284,0.6988305655470596
22986,KGLSATVTGGQKGRGYRGQH,34,0.0,0.5820802455093945
22987,KIIGGIGGFVKVRQYDQIPI,34,0.460794,0.7191749076534178
22988,KMIGGIGGFVKVRQYDQIPI,34,0.431864,0.6135602519110064
22989,KRWIILGLNKIVRMYSPTSI,34,0.64707,0.8240299292131744
22990,LTTSQTLLFNILGGWVAAQL,34,0.29991799999999996,0.6095811111388748
22991,LVGAPFASLVATGLCFFGVA,34,0.0,0.42093285299346445
22992,LYGALLLAEGFYTTGAVRQI,34,0.732862,0.6913582741401743
22993,LYKYKVVKIEPLGVAPTKAK,34,0.658878,0.8392643648799519
22994,MGLLECCARCLVGAPFASLV,34,0.307237,0.6402318218209307
22995,MYVGGVEHRLEAACNWTRGE,34,0.6332720000000001,0.4331898203534451
22996,PAEILRKSRRFAQALPVWAR,34,0.686398,0.9135715331061589
22997,PHHTALRQAILCWGELMTLA,34,0.529928,0.6592140559826873
22998,PWNAFPGKVCGSNLLSICKT,34,0.337314,0.44683450035061795
22999,VATLSEALRIIAGTLEVHAV,34,0.506318,0.576601213866924
23000,VHFQPLPPAVVKLSDALIAT,34,0.417505,0.722520568178677
23001,WGAIWRIDTPDKLTGPFTVR,34,0.828526,0.44495821908675226
23002,YIITPTNVSHIQSAVVSGRR,34,0.792312,0.6274553412126858
23003,DKGIPFMKMNISVIMHHHHHH,34,0.626328,0.9170937591674789
23004,EQEILNYMSPHHKKLHHHHHH,34,0.85125,0.9550015178751695
23005,GSRAIWYMWLGARYLHHHHHH,34,0.663802,0.9762904598548814
23006,HTMWHVTRGAFLVRNHHHHHH,34,0.8344,0.9483114691727711
23007,IHLVIHRIRTLIGQEHHHHHH,34,0.7703369999999999,0.8535276461626977
23008,IHRIRTLIGQEKYTDHHHHHH,34,0.796925,0.8655917546740193
23009,IWYMWLGARYLEFEAHHHHHH,34,0.581082,0.9640218248672524
23010,KNPVVDGNPTVDIEEHHHHHH,34,0.182377,0.8772647406543178
23011,LPQILAECARRRLRTHHHHHH,34,0.787187,0.9636738012979447
23012,LTAAINKGILVTVNPHHHHHH,34,0.796925,0.95734380461063
23013,MFFVKNPTDTGHGTVHHHHHH,34,0.45992,0.9167353657184875
23014,MYMWLGARYLEFEALHHHHHH,34,0.778379,0.9746526279390076
23015,TRRFLPQILAECARRHHHHHH,34,0.650253,0.9152799533944993
23016,FYYTTGAVRQIFGDYKTTICG,34,0.614189,0.8395514212375143
23017,VLVMLVLLILAYRRRWRRLTV,34,0.525878,0.9190934251907946
23018,VVWLLVFAACSAVPVYIYFNT,34,0.260025,0.7440862031160922
23019,LPKPPKPVSKMRMATPLLMGALPM,34,0.682619,0.932127921970803
23020,LPKPPKPVSKMRMATPLLMQALPM,34,0.682619,0.9264345298461325
23021,PQCRLTPLSRLPFGMAPGPGPQPG,34,0.44196,0.8199006911317471
23022,YLPKPPKPVSKLRLATPLLLQALPL,34,0.583091,0.830294508961152
23023,KTSLYNLRRGTALAIPQCRLTPLSRL,34,0.551559,0.8178078081858597
23024,ITQFILEHRAKGSCKYALPLRIPPSACLSPQ,34,0.583091,0.8381828592151259
23025,EDNLGFLMHAPAFETAGTYLRLVKINDWTEITQF,34,0.589395,0.9933420416839175
23026,RMATPLLMRPM,36,0.0,0.3590842646511546
23027,MTEQQWNFAGIEA,36,0.377786,0.48445791653914716
23028,SPEVIPMFSALSE,36,0.281079,0.25010215775652966
23029,AQFMWIIRKRIQLP,36,0.0,0.19161154550935883
23030,KPLLIIAEDVEGEY,36,0.084675,0.09638596652614399
23031,NTSYRLISCNTSVI,36,0.093377,0.1698104275070181
23032,GIVDQCCTSICSLY,36,0.180404,0.05855954771498785
23033,GIVEQCCASVCSLY,36,0.260025,0.05712321591521943
23034,GIVEQCCTSICSLY,36,0.199095,0.06549295230680215
23035,GWYRSPASRVVHLY,36,0.5369,0.8988119677967802
23036,ISQAVHAAHAEINE,36,0.44624899999999995,0.4393472641088574
23037,AGYLVGRKPLAFFSW,36,0.512162,0.6199337969747671
23038,AMFVEDIAMGYVVSS,36,0.12411099999999999,0.281415632613267
23039,ATYHIIIVALTIMGV,36,0.0,0.18760202048964017
23040,AVGLFIRLLGGESDA,36,0.483642,0.12931893152050358
23041,AYTSSDDQISLFDQS,36,0.186171,0.11440997812168192
23042,CMTVQGGETMNSVIQ,36,0.357241,0.08835332538680983
23043,CNTNWLPPCPIIHNL,36,0.57085,0.2786146369844378
23044,CPLDHVNTLHFLTRG,36,0.0,0.10973771562464282
23045,CQFLKVEKSQLLNEF,36,0.0,0.15449872670039075
23046,CTGMLKRRLGLMSLS,36,0.033766000000000004,0.08659410363566403
23047,DITYKVHLATPINSR,36,0.784724,0.6599194010665324
23048,DIYKGVYQFKSVEFD,36,0.551234,0.18630994285751404
23049,DMLKLFEFNKKAIET,36,0.087752,0.18616589996776814
23050,DRTELLEMVCFHEFL,36,0.12147000000000001,0.0702818170000708
23051,EDSKILLVAVSIKMK,36,0.0,0.11567817582969316
23052,EEIITLNSYGSFQEF,36,0.0,0.26498749545869144
23053,EGWPYIACRTSIVGR,36,0.141873,0.5342871896273823
23054,EIESCRKNSCECNFE,36,0.0,0.03017759297829832
23055,EKMFVSPTPGQRNPY,36,0.37227,0.44730577575877717
23056,ELLDQSDVKEPGVSR,36,0.149016,0.04827584927610641
23057,ELYKYKVVKIEPLGV,36,0.35143,0.21556044565043608
23058,EQTSMAVTATDIREL,36,0.166403,0.2537682653045689
23059,ESWIVDRQWAQDLTL,36,0.190606,0.09548203651886883
23060,EVFCQTIKLDSEEYH,36,0.0,0.05828595852022245
23061,FEFNKKAIETLNDNT,36,0.0,0.382266659297313
23062,FGTMPSLTLACLTKQ,36,0.122527,0.45942987693356346
23063,FIMAYVNQAHHIDLM,36,0.472861,0.6501589821641409
23064,FIVFLLLAGRSCSYK,36,0.013816,0.14152421234251503
23065,FLFQRAVAREAIIAL,36,0.543981,0.48216991673514553
23066,FLLMYEMHRESLLKS,36,0.182892,0.1727663684259547
23067,FNSLISIAQHLVSDR,36,0.182795,0.34527610048301705
23068,FRPTLVSVARPINGI,36,0.428624,0.6844657845942734
23069,FVNYNKTSICSKSNP,36,0.08719400000000001,0.27256366630311724
23070,FWYVNHTGFNVHSLP,36,0.08974,0.38922872600968755
23071,GAQSKSSLLHAINHP,36,0.109391,0.29231206002741233
23072,GEIIRAATTSPAREN,36,0.556032,0.5033145824168864
23073,GFTRRFKFLLNISYL,36,0.33208499999999996,0.12293527971296198
23074,GIRHLFGNYITNDSY,36,0.066914,0.11163706242220449
23075,GKIDFLNNYALFLSP,36,0.164907,0.4269301536184493
23076,GKSSFCDICGEELPT,36,0.0,0.046206698596395965
23077,HFSNVFRSVMAPFTM,36,0.41635600000000006,0.7774279392826857
23078,HRWHNAHVVKHKGIY,36,0.476523,0.14128680904381624
23079,IAAMMTSPLSVASMT,36,0.612721,0.6066491440303724
23080,IACRTSIVGRAWENT,36,0.270864,0.17321176963667176
23081,IEYAKLYVLSPILAE,36,0.47832399999999997,0.42483598201230954
23082,IGRIAETILGYNPSA,36,0.35549899999999995,0.21204481090624133
23083,IISTFHLSIPNFNQY,36,0.398055,0.6564359469605152
23084,IKDVLKYRWLNLSAN,36,0.536034,0.5098934204227761
23085,ILDLCYQLSMRIANQ,36,0.261806,0.13484273153813178
23086,ILKGLYNFATCGLIG,36,0.613284,0.10339692036206513
23087,ILKGVINIWGSGLLQ,36,0.17818399999999998,0.13293218472734386
23088,IPSIIHEALNIALIA,36,0.24209299999999997,0.3709849242094857
23089,ITDAVGNDMPGGYCL,36,0.106333,0.06227793827056015
23090,IVQNAYKQMIKSRTL,36,0.061554,0.20014772367311548
23091,IVYSLVTTISSLSRI,36,0.648154,0.4306874234871826
23092,IYEPEDLGNCLNKSD,36,0.145029,0.08812054189357593
23093,KAAGLFNAPASQLAR,36,0.876684,0.6656987383887577
23094,KGLHHLQIILSGKMA,36,0.10012,0.05109194670216124
23095,KLCLMKAQPTSWPLQ,36,0.529806,0.5624322279881885
23096,KRFFLPVFSDEVLAG,36,0.597605,0.47255811673676906
23097,KSRTLKSFFAWSLSD,36,0.146587,0.4271178719681616
23098,KTISVVTLLCVLPAV,36,0.372298,0.260355324141922
23099,KTLILLETFVRVNPD,36,0.0,0.256380724531944
23100,KTLILLETFVRVNPE,36,0.07042999999999999,0.2700013529048707
23101,KVGEVCSFYADPKRY,36,0.05386900000000001,0.18726492225164973
23102,KVTFLSQVHPSPLLT,36,0.555447,0.6822745833570016
23103,LAQILMDNDLAATND,36,0.0,0.09144211949528715
23104,LDDSNKRKVLAIDFG,36,0.0,0.133221361346012
23105,LDMIITAVNSLISDN,36,0.06447,0.2162895109163701
23106,LFLNEDYASSASNIK,36,0.60025,0.45380888740152303
23107,LGMNHVLQSIRRNYP,36,0.077587,0.2633397928290268
23108,LIKTLQSKLSRNFTK,36,0.0,0.14003464051190206
23109,LLHKFCYELSKPHMV,36,0.7973859999999999,0.2707979258488979
23110,LLNEFNNLYADKVSV,36,0.051037,0.200837183168786
23111,LLPSHSTVLTSHTLT,36,0.337366,0.26332994845809454
23112,LLWDYMCISLSTAIE,36,0.134293,0.2737986698956128
23113,LMIAHRVLLSSILES,36,0.179508,0.16008785240496848
23114,LNDVVQALTDLGLLY,36,0.0,0.07276504443603363
23115,LQFNQMMNPSHVKFL,36,0.193401,0.27270002270047783
23116,LQMVGMRRPQQGASG,36,0.125826,0.1944074335336537
23117,LRTKLMTSRRVLEKE,36,0.20823200000000003,0.09711463797789485
23118,LSKDGCTSAKGPDYK,36,0.025544,0.07163519737871697
23119,LWTQSLRRELSGYCS,36,0.110437,0.130641534343463
23120,MGNSKSKSNPSSSSE,36,0.122492,0.13372632006917662
23121,MGQLISFFGEIPSII,36,0.152106,0.5269748168821121
23122,MILVGVIMMFLSLGV,36,0.0,0.03828919381168519
23123,NCEALSLVSHIVKWK,36,0.0,0.14434680345818918
23124,NHVIQSVRRLYPKIF,36,0.067689,0.3233659712606929
23125,NKGILVTVNPIASTN,36,0.5829810000000001,0.5522925685574901
23126,NKNFFWAVKPKAVRQ,36,0.18664,0.8142600533040641
23127,NLMGKTLILLETFVR,36,0.057007,0.0619604480390681
23128,NNVVQALTSLGLLYT,36,0.290023,0.22526831705946068
23129,NNYALFLSPRAQQAS,36,0.337698,0.7093433535433805
23130,NSFYYMKGGVNTFLI,36,0.589789,0.26131848863653045
23131,NSVIQALTSLGLLYT,36,0.130492,0.2464891841277568
23132,NSVVQALTSLGLLYT,36,0.43605,0.35114787733139413
23133,PALFFTFLANLNLTE,36,0.2701,0.36791552531252436
23134,PALLALLALPALLLL,36,0.0,0.07658754213592556
23135,PSVFINPISHTSYCY,36,0.598481,0.6456551130197572
23136,PTHRHLKGEACPLPH,36,0.040337,0.09786141300299513
23137,QEVFKAIQSLKTTEV,36,0.383667,0.3474379388194194
23138,QFKRASPILRFLYAN,36,0.083239,0.6154068013518356
23139,QIHQYIMALREEYFD,36,0.049597,0.14013293966749094
23140,QKRTLSLLQYARYPI,36,0.168081,0.4195765288160079
23141,QLYSKFLLKAEPLAF,36,0.263821,0.5097981433094421
23142,RAMFVEDIAMGYVVS,36,0.17130499999999999,0.28619382652556674
23143,RFFVWGDEVPLLTKF,36,0.222532,0.2541162298822297
23144,RLMSMKSVQNNTVLK,36,0.248016,0.1808497703473087
23145,RLSTIILCISSVGGC,36,0.0,0.10937242920333876
23146,RMFSSTLRAAVPWYA,36,0.6048720000000001,0.733491342505819
23147,RNTLLFLDLIILNFV,36,0.0,0.03771276118379812
23148,RPGVSKKFLSLLTSS,36,0.030572000000000002,0.36893715422620893
23149,RQKIIYSGAVNLDDE,36,0.407463,0.3792523776042308
23150,RRRVMIQSSGGKLRL,36,0.08318500000000001,0.1818791738373772
23151,SCLDGKLCLMKAQPT,36,0.07152,0.10540749516739444
23152,SDDQISIMKLPLSTK,36,0.136192,0.2835706641416296
23153,SGEIIRAATTSPARE,36,0.6353300000000001,0.49567255389993825
23154,SIAQHLVSDRPIMRY,36,0.11263499999999999,0.31460931541574516
23155,SIIVSSSRALGAVAM,36,0.7329939999999999,0.5949253017540819
23156,SIPTNVTCAIHIGEV,36,0.20152799999999998,0.3316188864838263
23157,SIVGRAWENTTIDLT,36,0.101608,0.18115401022262978
23158,SLFKNVRLLKCVSDS,36,0.20213499999999998,0.05586276246490892
23159,SPILRFLYANVGEEA,36,0.42495200000000005,0.44556682410339166
23160,SQEYSGSKANEANVY,36,0.5777439999999999,0.6364314382810119
23161,SRATLYALSHAVNSY,36,0.332599,0.6956453855316054
23162,SRCYSIYLSINGVLE,36,0.107492,0.4446724720692924
23163,SRFFVMGEETPLLTK,36,0.34525700000000004,0.3073729385142501
23164,SSTVKLRQNEFGPAR,36,0.0,0.23645396015549863
23165,SVEFDMSHLNLTMPN,36,0.327739,0.22892770340033636
23166,SVYLSDNGVMSEQGS,36,0.05662999999999999,0.20208190513752555
23167,TIAAMMTSPLSVASM,36,0.570041,0.5398221729907056
23168,TPLTLVDICFWSTLF,36,0.0,0.22395328594048725
23169,TSSDDQITLIKTPSL,36,0.0,0.12691585270122796
23170,TVYCKNILALSMTKK,36,0.24900100000000003,0.17914656889203545
23171,TYSQLMTLKDAKMLQ,36,0.088744,0.19056335850143813
23172,VDGRGNYNTDLLPDW,36,0.023185,0.052869170309726175
23173,VEKSQLLNEFNNLYA,36,0.131026,0.1259645043789094
23174,VFGSAFQGLFGGLNW,36,0.111417,0.24311925323103864
23175,VKDKYMWCYSQVNKR,36,0.717069,0.213625471317764
23176,VLDILTANKLIRQKL,36,0.234238,0.08161540009418308
23177,VLRTKLMTSRRVLER,36,0.0,0.14534733099778366
23178,VPKKKKDKDIPQSSE,36,0.0,0.08354032645282103
23179,VSIISILKGVINIWG,36,0.078596,0.11487941581158406
23180,WAVKPKAVRQIEDQL,36,0.0,0.5270966016223257
23181,WDVTHCSTICLIKRV,36,0.207202,0.06441421706481838
23182,YEYKVQQAMSNLVLG,36,0.350851,0.33361790326674257
23183,YKKLRTSSFALNLPT,36,0.195294,0.595644218777449
23184,YNFATCGLIGLVTFL,36,0.100311,0.11762632429607091
23185,YPFIEQEGPEFFDQE,36,0.031886000000000005,0.22191620000142595
23186,YQSRNKRLISHRNSK,36,0.050989,0.12706429484849735
23187,YRKILRQRKIDRLID,36,0.0,0.09708973550043698
23188,YSKFASAQANIVAAT,36,0.660949,0.8912764825948133
23189,YVVSSFDNIKVFLEG,36,0.053267999999999996,0.21855776354437997
23190,AGYLVGRKPLAFFSW,36,0.512179,0.4903935595732659
23191,AKRKTVTAMDVVYAL,36,0.6523770000000001,0.2880708293958883
23192,AMFVEDIAMGYVVSS,36,0.124501,0.281415632613267
23193,ATYHIIIVALTIMGV,36,0.0,0.04686766618673444
23194,AVGLFIRLLGGESDA,36,0.483955,0.12931893152050358
23195,AYTSSDDQISLFDQS,36,0.186178,0.028319523802362568
23196,CMTVQGGETMNSVIQ,36,0.357937,0.05721413533649405
23197,CPLDHVNTLHFLTRG,36,0.0,0.0590828039845474
23198,CQFLKVEKSQLLNEF,36,0.0,0.07542171487794011
23199,CTGMLKRRLGLMSLS,36,0.034026999999999995,0.08659410363566403
23200,DITYKVHLATPINSR,36,0.785357,0.626599707583832
23201,DIYKGVYQFKSVEFD,36,0.551559,0.12313788610099902
23202,DMLKLFEFNKKAIET,36,0.087979,0.15916825685769373
23203,DRTELLEMVCFHEFL,36,0.1217,0.05895741186718366
23204,DWTVDHPQTLFAWEG,36,0.18171500000000002,0.42995805694381484
23205,EDSKILLVAVSIKMK,36,0.0,0.11567817582969316
23206,EEIITLNSYGSFQEF,36,0.0,0.17557947411194097
23207,EGWPYIACRTSIVGR,36,0.14218599999999998,0.06855706883945825
23208,EIESCRKNSCECNFE,36,0.0,0.01681911401615199
23209,EKMFVSPTPGQRNPY,36,0.37233299999999997,0.27330771051727193
23210,ELLDQSDVKEPGVSR,36,0.149027,0.04827584927610641
23211,EQTSMAVTATDIREL,36,0.166417,0.08865134034427964
23212,EVFCQTIKLDSEEYH,36,0.0,0.020812196506244256
23213,FEFNKKAIETLNDNT,36,0.0,0.0343318022057214
23214,FGTMPSLTLACLTKQ,36,0.12309,0.05245918236033886
23215,FIMAYVNQAHHIDLM,36,0.473146,0.26471108061450466
23216,FIVFLLLAGRSCSYK,36,0.013940000000000001,0.07835274473279205
23217,FLLMYEMHRESLLKS,36,0.182911,0.055243713527630654
23218,FNSLISIAQHLVSDR,36,0.182911,0.13413056741101068
23219,FRKYTAFTIPSINNE,36,0.57309,0.6216100121144217
23220,FRPTLVSVARPINGI,36,0.42863100000000004,0.6844657845942734
23221,FVNYNKTSICSKSNP,36,0.087502,0.27256366630311724
23222,FWYVNHTGFNVHSLP,36,0.089915,0.25533719022778917
23223,GAQSKSSLLHAINHP,36,0.109445,0.29231206002741233
23224,GDSYRSPWSNKYDPP,36,0.0,0.2504553369912093
23225,GEIIRAATTSPAREN,36,0.555996,0.3080176516191078
23226,GFTRRFKFLLNISYL,36,0.332466,0.08435863181537213
23227,GIRHLFGNYITNDSY,36,0.067069,0.08106099680956291
23228,GKSSFCDICGEELPT,36,0.0,0.030444901702657314
23229,HRWHNAHVVKHKGIY,36,0.47661000000000003,0.06278124120485436
23230,IACRTSIVGRAWENT,36,0.271142,0.1119738766287512
23231,IEYAKLYVLSPILAE,36,0.47855600000000004,0.27241967042014076
23232,IISTFHLSIPNFNQY,36,0.398163,0.3135608598505302
23233,IKDVLKYRWLNLSAN,36,0.5362859999999999,0.5098934204227761
23234,ILDLCYQLSMRIANQ,36,0.261892,0.12215619333315002
23235,ILKGLYNFATCGLIG,36,0.61334,0.10339692036206513
23236,ILKGVINIWGSGLLQ,36,0.17821700000000001,0.06921251503170184
23237,IPSIIHEALNIALIA,36,0.242153,0.2528888900184392
23238,ITDAVGNDMPGGYCL,36,0.106473,0.038975852891755355
23239,IVQNAYKQMIKSRTL,36,0.061871,0.08293958917279315
23240,IVYSLVTTISSLSRI,36,0.648176,0.19607320048149324
23241,IYEPEDLGNCLNKSD,36,0.145125,0.01686693041752963
23242,KGLHHLQIILSGKMA,36,0.100252,0.033673257830605964
23243,KILEPFRKYTAFTIP,36,0.325704,0.5300427459371084
23244,KLCLMKAQPTSWPLQ,36,0.53036,0.4320716584439494
23245,KRFFLPVFSDEVLAG,36,0.597695,0.24965196083587834
23246,KRHRKVLRDNIQGIT,36,0.0,0.11495242847016247
23247,KSRTLKSFFAWSLSD,36,0.146919,0.22078475087130178
23248,KTISVVTLLCVLPAV,36,0.37233299999999997,0.20456109064588957
23249,KTLILLETFVRVNPD,36,0.0,0.13983407816453117
23250,KTLILLETFVRVNPE,36,0.070572,0.2700013529048707
23251,KTVTAMDVVYALKRQ,36,0.20767199999999997,0.21548996225312983
23252,KVGEVCSFYADPKRY,36,0.05391900000000001,0.09843374176167505
23253,KVTFLSQVHPSPLLT,36,0.555996,0.33311706590331275
23254,LAQILMDNDLAATND,36,0.0,0.052801562752989264
23255,LDDSNKRKVLAIDFG,36,0.0,0.04539536771706284
23256,LDMIITAVNSLISDN,36,0.064805,0.2162895109163701
23257,LGMNHVLQSIRRNYP,36,0.078003,0.2633397928290268
23258,LIKTLQSKLSRNFTK,36,0.0,0.14003464051190206
23259,LLNEFNNLYADKVSV,36,0.051307000000000005,0.200837183168786
23260,LLPSHSTVLTSHTLT,36,0.338027,0.041923009480801805
23261,LLWDYMCISLSTAIE,36,0.13503199999999999,0.1193145465595226
23262,LMIAHRVLLSSILES,36,0.179626,0.16008785240496848
23263,LNDVVQALTDLGLLY,36,0.0,0.042684132862746936
23264,LQFNQMMNPSHVKFL,36,0.193529,0.1899312663484804
23265,LQMVGMRRPQQGASG,36,0.125934,0.16333168119363095
23266,LRDNIQGITKPAIRR,36,0.175449,0.23229162771975123
23267,LRTKLMTSRRVLEKE,36,0.20830300000000002,0.03892743276279621
23268,LSKDGCTSAKGPDYK,36,0.025608,0.07163519737871697
23269,LWTQSLRRELSGYCS,36,0.110661,0.11842334879879249
23270,MGNSKSKSNPSSSSE,36,0.12309,0.12096308222395512
23271,MGQLISFFGEIPSII,36,0.15213800000000002,0.2752451674331134
23272,NCEALSLVSHIVKWK,36,0.0,0.043290170786768195
23273,NHVIQSVRRLYPKIF,36,0.06783600000000001,0.24225669962389193
23274,NIQGITKPAIRRLAR,36,0.18850699999999998,0.45577086567579983
23275,NKNFFWAVKPKAVRQ,36,0.18673399999999998,0.7232811009684951
23276,NLMGKTLILLETFVR,36,0.057293,0.03786407366151032
23277,NNVVQALTSLGLLYT,36,0.29038600000000003,0.07997619031702065
23278,NNYALFLSPRAQQAS,36,0.33766999999999997,0.518848740509441
23279,NSFYYMKGGVNTFLI,36,0.589831,0.1430990088667494
23280,NSVIQALTSLGLLYT,36,0.131132,0.09081816168437269
23281,NSVVQALTSLGLLYT,36,0.436188,0.07997619031702065
23282,PALFFTFLANLNLTE,36,0.270106,0.09319548304047354
23283,PSVFINPISHTSYCY,36,0.598531,0.25419157173552176
23284,PTHRHLKGEACPLPH,36,0.040385000000000004,0.09786141300299513
23285,QFKRASPILRFLYAN,36,0.083311,0.27002895277692446
23286,QKRTLSLLQYARYPI,36,0.16811099999999998,0.3164511622707834
23287,RAMFVEDIAMGYVVS,36,0.17135799999999998,0.06880246224474335
23288,RFFVWGDEVPLLTKF,36,0.22255,0.17037012723616293
23289,RKVLRDNIQGITKPA,36,0.0,0.1277059566810489
23290,RLMSMKSVQNNTVLK,36,0.248185,0.08297357449067584
23291,RLSTIILCISSVGGC,36,0.0,0.0320416255002575
23292,RNTLLFLDLIILNFV,36,0.0,0.015954210016723883
23293,RPGVSKKFLSLLTSS,36,0.030619,0.09434864387859704
23294,RQKIIYSGAVNLDDE,36,0.40755,0.23819524786804105
23295,RRRVMIQSSGGKLRL,36,0.083311,0.05716994403987277
23296,SCLDGKLCLMKAQPT,36,0.071769,0.10540749516739444
23297,SDDQISIMKLPLSTK,36,0.13664,0.2835706641416296
23298,SGEIIRAATTSPARE,36,0.6353479999999999,0.39307897652429524
23299,SIAQHLVSDRPIMRY,36,0.113142,0.18830216620276763
23300,SIPTNVTCAIHIGEV,36,0.201681,0.05560887690244779
23301,SIVGRAWENTTIDLT,36,0.101908,0.09532081264613408
23302,SLFKNVRLLKCVSDS,36,0.202173,0.023097528093057547
23303,SPILRFLYANVGEEA,36,0.425072,0.352677320237341
23304,SRATLYALSHAVNSY,36,0.33260100000000004,0.6956453855316054
23305,SRCYSIYLSINGVLE,36,0.10765,0.20199434377952
23306,SRFFVMGEETPLLTK,36,0.345485,0.11767241100239217
23307,SSTVKLRQNEFGPAR,36,0.0,0.23645396015549863
23308,SVEFDMSHLNLTMPN,36,0.327861,0.1382663984630096
23309,SVYLSDNGVMSEQGS,36,0.05695,0.1441342951517264
23310,TAMDVVYALKRQGRT,36,0.0,0.23887224537823626
23311,TPLTLVDICFWSTLF,36,0.0,0.08531208789785044
23312,TSSDDQITLIKTPSL,36,0.0,0.12691585270122796
23313,TVYCKNILALSMTKK,36,0.249002,0.04512266970673447
23314,TYSQLMTLKDAKMLQ,36,0.088942,0.07142632914231385
23315,VDGRGNYNTDLLPDW,36,0.023201,0.039269195556110414
23316,VEKSQLLNEFNNLYA,36,0.131132,0.1259645043789094
23317,VLDILTANKLIRQKL,36,0.23436500000000002,0.07635818305973176
23318,VLRTKLMTSRRVLER,36,0.0,0.07058113789547978
23319,VPKKKKDKDIPQSSE,36,0.0,0.08354032645282103
23320,VSIISILKGVINIWG,36,0.07886599999999999,0.0673912926714932
23321,VTYTEHAKRKTVTAM,36,0.0,0.2691330399512926
23322,WAVKPKAVRQIEDQL,36,0.0,0.02992191675997594
23323,WDVTHCSTICLIKRV,36,0.20725300000000002,0.034506689158365474
23324,YEYKVQQAMSNLVLG,36,0.351088,0.28175471152641846
23325,YNFATCGLIGLVTFL,36,0.100801,0.033632033941282495
23326,YQSRNKRLISHRNSK,36,0.051307000000000005,0.06272762234906153
23327,YVVSSFDNIKVFLEG,36,0.053589,0.06766796818937193
23328,FAVETLASSHVIPTAI,36,0.759252,0.8010195945868107
23329,FSAQPFEITASTNNEG,36,0.394352,0.8432133066438229
23330,GMFYEFILNNVNSWDR,36,0.338871,0.45059899445081397
23331,GPTHLFQPQLVLDMAK,36,0.24969499999999997,0.6542152880309254
23332,HDYKGSTSHSLPYESS,36,0.47235900000000003,0.517668838657032
23333,INMVFKIQVPYAFKSL,36,0.775561,0.6483009223412609
23334,KLQVATANNVSPYIKL,36,0.497392,0.5916801970142168
23335,LNKIVRMYSPVSILDI,36,0.615644,0.6890394434207749
23336,LNNYALFLSPRAQQAS,36,0.6782130000000001,0.7979260836721553
23337,MKSWVTAVAKIMSDYP,36,0.62998,0.6239904541172623
23338,NVYSNLYNWSASYTGG,36,0.400488,0.6239921337591104
23339,PKRPVKLFSGSNTLHL,36,0.33031900000000003,0.5971582814623946
23340,QFVRKYRAALSRLPQQ,36,0.281833,0.8478212911486054
23341,QTIVIPPLEFSVPAGI,36,0.421362,0.6674351290884322
23342,RFNSTYFQGTNQIVGM,36,0.45475699999999997,0.5171053541144353
23343,RMGLAFESTKSTSSPK,36,0.398542,0.487295151215504
23344,SHVIPTAISTPSVTIP,36,0.716951,0.652712844456673
23345,SPEVIPMFSALSEGAT,36,0.397135,0.7245811948116199
23346,TLYALSHAVNSYFDVD,36,0.822633,0.6772528339547074
23347,TSSALGPQMSATVHLD,36,0.373309,0.6561340695834951
23348,VELAHRYSLSEPLQKL,36,0.510433,0.6315203397803958
23349,YSKFLLKAEPLALIVS,36,0.624117,0.8425545805968361
23350,TGMAFRVPTPNVSVVD,36,0.131899,0.44635494518508423
23351,KYLEFISEAIIHVLHSR,36,0.149058,0.20812131595379452
23352,YAHAAHAAHAAHAAHAA,36,0.77745,0.24766941093058734
23353,GQNAWFLPAQADIVATK,36,0.084687,0.656104072277823
23354,KPVSQLRMATPLLMRPM,36,0.576242,0.9103485207067452
23355,KPVSQMRLATPLLMRPM,36,0.5689890000000001,0.8888588957996911
23356,NVTENFNMWKNNMVEQMH,36,0.371168,0.20416202767551356
23357,SELYLYKVVKIEPLGVAP,36,0.309648,0.44549917820558577
23358,YKPVSQLRLATPLLLRPL,36,0.640305,0.7055485549902027
23359,GEIYKRWIILGLNKIVRMY,36,0.256721,0.17890431656529593
23360,WEALKYLWNLLQYWGQELK,36,0.205279,0.2744417015842153
23361,DGELTYENVQVSPVPGGPP,36,0.0,0.4816054869307465
23362,KRWIILGLNKIVRMYSPTSI,36,0.41585600000000006,0.27466493623330734
23363,LAQGAYRTAVDLESLASQLT,36,0.245944,0.40145643150753196
23364,LYKYKVVKIEPLGVAPTKAK,36,0.48826499999999995,0.574588781189212
23365,NLMGTSALVLDLRHCTGGQV,36,0.061877,0.3687422068152981
23366,SYSSAVPLLCSYFFEAEPRQ,36,0.6364449999999999,0.4033462458711264
23367,SYSTAIPLLCSYFFEAEPRQ,36,0.43343000000000004,0.3296682747584621
23368,SYSSAVPLLCSYFFEAEPRQ,36,0.636608,0.4033462458711264
23369,VTGSVVCTTAAGNVNIAIGG,36,0.0,0.4650942095437818
23370,GIVEQCCASVCSLYQLENYCN,36,0.381038,0.15070796738392966
23371,GIVEQCCTSICSLYQLENYCN,36,0.344711,0.16737548697450322
23372,KRHRKVLRDNIQGITKPAIRRLAR,36,0.211601,0.1724209219730407
23373,LPKPPKPVSKMRMATPLLMGALPM,36,0.679685,0.7103551527073257
23374,TYTEHAKRKTVTAMDVVYALKRQG,36,0.267731,0.11741747306717829
23375,YLPKPPKPVSKLRLATPLLLQALPL,36,0.650253,0.4790464530028831
23376,FVNQHLCGSHLVEALYLVCGERGFFYTPKA,36,0.510312,0.2532380017698525
23377,RMATPLLMRPM,37,0.0,0.35677496586309676
23378,SPEVIPMFSALSE,37,0.75946,0.15932546263428168
23379,AQFMWIIRKRIQLP,37,0.186499,0.43945131382775554
23380,ISQAVHAAHAEINE,37,0.391915,0.6194661706428557
23381,KPLLIIAEDVEGEY,37,0.227642,0.2880180077893548
23382,NTSYRLISCNTSVI,37,0.39338,0.479062618799996
23383,YAAFQRQTTLKAAA,37,0.840965,0.815088572385953
23384,DGKTPRAVNACGIN,37,0.10893299999999999,0.22627362492900563
23385,ISQAVHAAHAEINE,37,0.503302,0.5170255071548614
23386,AARALAADRARTASE,37,0.6070949999999999,0.4133041905035859
23387,ACLQCTMQADKVATS,37,0.421191,0.47260704388068253
23388,ALEMQMMRSAGAHGG,37,0.5609649999999999,0.658418501492615
23389,ALTSVLLAAAILVVA,37,0.015572999999999998,0.41410272597678216
23390,AMIRAIRIIAISFNR,37,0.641794,0.6726418754612848
23391,ATTAVPSRASLTVTP,37,0.490566,0.8304346747082373
23392,AVAVRPVRPIRSPPF,37,0.575685,0.39298286951011485
23393,EALGWQILSDRVLQA,37,0.211344,0.49013269562031114
23394,ELYKYKVVKIEPLGV,37,0.699207,0.5454146278428075
23395,EQQVAMIRAIRIIAI,37,0.8795799999999999,0.8257194488613067
23396,ERSSSAMATSPASKL,37,0.41093599999999997,0.9067826451733602
23397,ESWIVDRQWAQDLTL,37,0.233463,0.35437269085422296
23398,ETAASAAVAIVSADG,37,0.565206,0.7775632029958391
23399,FADTRDIYSALRSVA,37,0.545608,0.8466989719250715
23400,FGWWRRTRRPMLAAT,37,0.126905,0.8183541255655832
23401,FKPLMLQKLCAIEPR,37,0.250204,0.6289222120976035
23402,FLFQRAVAREAIIAL,37,0.625266,0.7923528131064845
23403,GRRSDAVIRVARSER,37,0.41041099999999997,0.5803476253962615
23404,GVRGRDQATTASAAA,37,0.263414,0.5680678001806744
23405,GWLCKMHTGIVRDKK,37,0.36395500000000003,0.2099427380592309
23406,HYAWLVQSTVKVHSC,37,0.392546,0.7484720138530271
23407,IAAMMTSPLSVASMT,37,0.809581,0.8576699996967648
23408,IAHQRITLTARCLRL,37,0.593145,0.7774213593360013
23409,IGRIAETILGYNPSA,37,0.311447,0.54074648366159
23410,INQRMMMLALLSLDR,37,0.502862,0.6910022790993813
23411,KARQAVAIADALEMQ,37,0.40138,0.844544752176352
23412,LATEINQRMMMLALL,37,0.21145799999999998,0.7148999057429587
23413,LDTILAILITVVILS,37,0.0,0.2442472780288209
23414,LESILIKPSNSEDLL,37,0.49088000000000004,0.6291019774179261
23415,LSISSKVATKSFMSE,37,0.51712,0.708049495041226
23416,MHAASMADLAFLLRS,37,0.316752,0.3562889886107725
23417,MILVGVIMMFLSLGV,37,0.332621,0.1477146367931515
23418,MRTMSLSKSTAQSAS,37,0.44596,0.8332918317161042
23419,NKGILVTVNPIASTN,37,0.560174,0.7442110164734912
23420,PLSGSMRRILIRVDL,37,0.27781,0.5671215495970747
23421,PNLSEQQVAMIRAIR,37,0.638101,0.7663993449309972
23422,PRRKRAAPAAVRRRP,37,0.34649,0.48028794549015946
23423,PSAHVRLRLTRLLLL,37,0.42131599999999997,0.3989950647717356
23424,PSLTMACMAKQSQTP,37,0.656199,0.6413858435268714
23425,PVSILAMRTSKSTLD,37,0.6821050000000001,0.7918428809290322
23426,QTPARQAVAVRPVRP,37,0.487034,0.5340550221408754
23427,RDIYSALRSVAGRGT,37,0.751322,0.9188318061081107
23428,RIAVRRLVVAVVVVL,37,0.33832199999999996,0.37708940999085777
23429,RLRRTLSLERMDKEF,37,0.19191,0.42667253382617887
23430,RMFSSTLRAAVPWYA,37,0.742753,0.8237132149876226
23431,RPMLAATAASTVAKS,37,0.658115,0.8575264467889335
23432,RRTRRPMLAATAAST,37,0.672654,0.8524929969079188
23433,RVRGRCPVSILAMRT,37,0.698071,0.6975483581517627
23434,SCDDWLGGSVAEDID,37,0.0,0.3048962178275817
23435,SCKSCWQKFDSLVRC,37,0.43816099999999997,0.20577837896568943
23436,SKKSKARQAVAIADA,37,0.471326,0.8377525764466794
23437,SLVTAIPTVLDPLIE,37,0.344909,0.5331691249225666
23438,SMRRILIRVDLTVRT,37,0.172678,0.37072536986848975
23439,STEVAARALAADRAR,37,0.772054,0.7955136577905432
23440,TEYRKLVLASAVSPQ,37,0.5478930000000001,0.9332656190482622
23441,TIAAMMTSPLSVASM,37,0.772425,0.8398616024246166
23442,TLAHMAVTRALLTDD,37,0.77915,0.8570231826193471
23443,TVVNMIRQRQSSSSG,37,0.44296199999999997,0.5251837326952916
23444,VENITLAHMAVTRAL,37,0.668478,0.924674845539343
23445,VFGSAFQGLFGGLNW,37,0.245479,0.311702558653447
23446,VKDKYMWCYSQVNKR,37,0.43562399999999996,0.365224620841332
23447,VLLAAAILVVAISAL,37,0.42223599999999994,0.14087213159983397
23448,VNERSLVTAIPTVLD,37,0.540396,0.6259583998540138
23449,VPSRASLTVTPLLSS,37,0.724187,0.8000412430869449
23450,VSLDIAHQRITLTAR,37,0.460454,0.8227154995155291
23451,VWDKYGWLCKMHTGI,37,0.353982,0.21383516926838295
23452,YLGPLSCKSCWQKFD,37,0.0,0.2344835502994704
23453,YPFIEQEGPEFFDQE,37,0.0,0.23738773138025995
23454,YRKILRQRKIDRLID,37,0.0,0.3837793668545453
23455,AFLQDVMNILLQYVV,37,0.0,0.44435798923591435
23456,AKRKTVTAMDVVYAL,37,0.845865,0.6695255138641518
23457,CFWFVPPSLRTLEDN,37,0.195962,0.33689596382867726
23458,EDNEERMSRLSKVAP,37,0.574375,0.3659444244494027
23459,EEILTHCQTTLKYAI,37,0.0,0.43950332222747746
23460,ERANSVTWNPHKMMG,37,0.0,0.29627512568698605
23461,EYAEYAKYAEYAEYA,37,0.0,0.6392594342832113
23462,EYKEYAKYAEYAEYA,37,0.0,0.5876459353365425
23463,GWLCKMHTGIVRDKK,37,0.36399699999999996,0.037964805304119324
23464,HESNYNTRATNYNRG,37,0.0,0.27152763029972854
23465,IDFHYPNELLQEYNW,37,0.0,0.21817922328031758
23466,KRHRKVLRDNIQGIT,37,0.0,0.4969842505187554
23467,KTVTAMDVVYALKRQ,37,0.490804,0.4688610754908596
23468,KVNFFRMVISNPAAT,37,0.0,0.8964928885985035
23469,KVYERCEFARTLKRN,37,0.0,0.32516869994221953
23470,LESILIKPSNSEDLL,37,0.491179,0.19897738641795945
23471,LRDNIQGITKPAIRR,37,0.0,0.572209101441451
23472,MILVGVIMMFLSLGV,37,0.33260100000000004,0.1477146367931515
23473,MMGVPLQCSALLVRE,37,0.0,0.630495633839521
23474,NIQGITKPAIRRLAR,37,0.235421,0.7214150435319445
23475,NYNTRATNYNRGDQS,37,0.0,0.29008605640422497
23476,PSLTMACMAKQSQTP,37,0.656554,0.34239570427555643
23477,QLSTGLDMVGLAADW,37,0.0,0.35101157676021594
23478,RKVLRDNIQGITKPA,37,0.0,0.41553919621127616
23479,SCDDWLGGSVAEDID,37,0.0,0.2735107365081525
23480,SCKSCWQKFDSLVRC,37,0.43817799999999996,0.08105016906199124
23481,SEDGSADPENPGTAR,37,0.0,0.047983149109572
23482,TAMDVVYALKRQGRT,37,0.0,0.4816700646581603
23483,TRATNYNRGDQSTDY,37,0.0,0.2629477734918272
23484,VFGSAFQGLFGGLNW,37,0.245488,0.15778949851662427
23485,VTYTEHAKRKTVTAM,37,0.220098,0.6976556439550766
23486,VWDKYGWLCKMHTGI,37,0.35444899999999996,0.18073973641984778
23487,YDLSYDTGDKALQCG,37,0.0,0.19511280791073507
23488,YLGPLSCKSCWQKFD,37,0.0,0.052349828741285305
23489,AHAAHAAHAAHAAHAA,37,0.905626,0.1839759261610659
23490,LNKIVRMYSPVSILDI,37,0.585066,0.8734417292182148
23491,SPEVIPMFSALSEGAT,37,0.7428140000000001,0.6578753871682906
23492,YEHRVKRGLTVAVAGA,37,0.18723199999999998,0.8442167633102137
23493,KYLEFISEAIIHVLHSR,37,0.7768689999999999,0.7081394060446186
23494,YAHAAHAAHAAHAAHAA,37,0.814438,0.28614978302185834
23495,KPVSQLRMATPLLMRPM,37,0.41531599999999996,0.946465535116214
23496,KPVSQMRLATPLLMRPM,37,0.656779,0.9435751313389463
23497,NVTENFNMWKNNMVEQMH,37,0.349686,0.429213968892864
23498,SELYLYKVVKIEPLGVAP,37,0.7342810000000001,0.822790168180102
23499,YKPVSQLRLATPLLLRPL,37,0.27149,0.9029925921115332
23500,GEIYKRWIILGLNKIVRMY,37,0.563715,0.8679046377541489
23501,WEALKYLWNLLQYWGQELK,37,0.418696,0.6792436991215234
23502,GLLECCARCLVGAPFASLV,37,0.14783,0.4752392177554793
23503,PGKVCGSNLLSICKTAEFQ,37,0.146919,0.4062430104245967
23504,KIIGGIGGFVKVRQYDQIPI,37,0.371413,0.9356758321626442
23505,KMIGGIGGFVKVRQYDQIPI,37,0.394543,0.8895835650618732
23506,KRWIILGLNKIVRMYSPTSI,37,0.594403,0.836196961238051
23507,LYKYKVVKIEPLGVAPTKAK,37,0.876152,0.9090872027749198
23508,AEFQMTFHLFIAAFVGAAAT,37,0.137454,0.8789629828413312
23509,CADARMYGVLPWNAFPGKVC,37,0.42939799999999995,0.4490305852815361
23510,FGDYKTTICGKGLSATVTGG,37,0.343944,0.6956384656826828
23511,FYTTGAVRQIFGDYKTTICG,37,0.0,0.5906098702827912
23512,GSNLLSICKTAEFQMTFHLF,37,0.0,0.5041767721345078
23513,KGLSATVTGGQKGRGSFGQH,37,0.018793,0.7817588516473156
23514,LVGAPFASLVATGLCFFGVA,37,0.004935,0.32220485304195384
23515,LYGALLLAYGFYTTGAVRQI,37,0.29038600000000003,0.8434924992815701
23516,PWNAFPGKVCGSNLLSICKT,37,0.0,0.5286045833577675
23517,VTGSVVCTTAAGNVNIAIGG,37,0.0,0.8341896432924314
23518,KRHRKVLRDNIQGITKPAIRRLAR,37,0.314999,0.8082685951741967
23519,LPKPPKPVSKMRMATPLLMGALPM,37,0.813776,0.9049259703737375
23520,TYTEHAKRKTVTAMDVVYALKRQG,37,0.5350699999999999,0.507389333100439
23521,YLPKPPKPVSKLRLATPLLLQALPL,37,0.309314,0.8472826053183271
23522,RMATPLLMRPM,38,0.0,0.04574678747357267
23523,FEDKGSLENIARD,38,0.213746,0.02307705546875168
23524,YDDNGAKQNAAER,38,0.18364,0.024815722515972062
23525,KPLLIIAEDVEGEY,38,0.080121,0.13451022847175942
23526,ELYKYKVVKIEPLGV,38,0.075985,0.16274031750014933
23527,IGRIAETILGYNPSA,38,0.127628,0.18551833445153354
23528,YPFIEQEGPEFFDQE,38,0.169228,0.08881509729853569
23529,YRKILRQRKIDRLID,38,0.0,0.17011502593804437
23530,EAFDSLSAIAEEKAAI,38,0.0035229999999999997,0.1874363123890055
23531,IATDHAPHTAEEKAQG,38,0.0,0.01991527032483879
23532,RCKFTDVQAWIRGCRL,38,0.361562,0.2290478865694362
23533,RCKGTDVQAWIRGCRL,38,0.238177,0.15047247902601815
23534,YAHAAHAAHAAHAAHAA,38,0.488091,0.030633335239887018
23535,KPVSQLRMATPLLMRPM,38,0.064063,0.23341905819410932
23536,KPVSQMRLATPLLMRPM,38,0.0,0.23278012770891104
23537,GAGDLQTLALEVAQQKRG,38,0.29299000000000003,0.17678195553728326
23538,SPGDLQTLALEVARQKRG,38,0.216585,0.22265171171049777
23539,YKPVSQLRLATPLLLRPL,38,0.286613,0.23850468167755615
23540,GLLECCARCLVGAPFASLV,38,0.0,0.11271023891565536
23541,PGKVCGSNLLSICKTAEFQ,38,0.0,0.11297492985734348
23542,AEFQMTFHLFIAAFVGAAAT,38,0.0,0.18995012581138504
23543,CADARMYGVLPWNAFPGKVC,38,0.083311,0.1626378298936238
23544,FGDYKTTICGKGLSATVTGG,38,0.0,0.13487936590043687
23545,FYTTGAVRQIFGDYKTTICG,38,0.216971,0.2506401033284758
23546,GSNLLSICKTAEFQMTFHLF,38,0.0,0.1694150255585112
23547,KGLSATVTGGQKGRGSFGQH,38,0.0,0.06463445685167674
23548,LVGAPFASLVATGLCFFGVA,38,0.0,0.0556796633460355
23549,LYGALLLAYGFYTTGAVRQI,38,0.048452999999999996,0.13903923698347556
23550,PWNAFPGKVCGSNLLSICKT,38,0.0,0.13597899063284605
23551,LPKPPKPVSKMRMATPLLMGALPM,38,0.10154099999999999,0.17578325446821425
23552,YLPKPPKPVSKLRLATPLLLQALPL,38,0.0,0.1365869756991392
23568,HVTVEHVGGPE,40,0.0,0.023677620613118608
23569,VVHFFENIVTP,40,0.0,0.04757495605980787
23570,ASQARWTGATRA,40,0.0,0.25898827594316126
23571,LALALWAGFALS,40,0.0,0.2474293633659643
23572,SPQSAPTGYRYD,40,0.0,0.055751812001830194
23573,HSLGKKLGHPDKF,40,0.556757,0.3895704558095828
23574,HSLGKWLAHPDKF,40,0.57719,0.8961337217009521
23575,HSLGKWLKHPDKF,40,0.60734,0.30955358915739034
23576,HSLGQWLGHPDKF,40,0.0,0.7500979004275843
23577,RALGTWTGSSDPG,40,0.0,0.1637354994551422
23578,KPLLIIAEDVEGEY,40,0.20576999999999998,0.2564448044433567
23579,KKAAAAAAAAHAAK,40,0.24317399999999997,0.09294182433882928
23580,KKAAAAAAAAHAPK,40,0.30224,0.13059013181336418
23581,ELYKYKVVKIEPLGV,40,0.624644,0.31914498226064547
23582,IGRIAETILGYNPSA,40,0.627657,0.3150545532617761
23583,YPFIEQEGPEFFDQE,40,0.0,0.2645348805529636
23584,YRKILRQRKIDRLID,40,0.166193,0.2884636703104371
23585,AKRKTVTAMDVVYAL,40,0.52005,0.2753649899778582
23586,FKCKVNNKDLPAPIE,40,0.157466,0.1911846318656089
23587,IRLKITDSGPRVPIG,40,0.31251999999999996,0.15857652294668373
23588,KRHRKVLRDNIQGIT,40,0.0,0.3103980093505293
23589,KTVTAMDVVYALKRQ,40,0.326459,0.2106256992715415
23590,LRDNIQGITKPAIRR,40,0.42825,0.33820265414342704
23591,NIQGITKPAIRRLAR,40,0.46832799999999997,0.4518868877825435
23592,RKVLRDNIQGITKPA,40,0.0,0.23440474999796665
23593,TAMDVVYALKRQGRT,40,0.0,0.3253488873775713
23594,VFSDMISKDGFRPSR,40,0.08240399999999999,0.14254543772180092
23595,VTYTEHAKRKTVTAM,40,0.156637,0.22375321613701268
23596,YAHAAHAAHAAHAAHAA,40,0.834145,0.10644707884697495
23597,DTPYLDITFHFVMQRLPL,40,0.37233299999999997,0.23445196116592654
23598,DTPYLDITYGFVMQRLPL,40,0.318123,0.3390724117013811
23599,DTPYLDITYHFVAQRLPL,40,0.425625,0.3424391837509878
23600,DTPYLDITYHFVMQKLPL,40,0.351088,0.18565535666731697
23601,DTPYLDITYHFVMQRLPL,40,0.418512,0.20077138180305334
23602,GLLECCARCLVGAPFASLV,40,0.0,0.31177828800958446
23603,PGKVCGSNLLSICKTAEFQ,40,0.094939,0.22447118135298982
23604,AEFQMTFHLFIAAFVGAAAT,40,0.0,0.4560378705137471
23605,CADARMYGVLPWNAFPGKVC,40,0.045382,0.21167841944286386
23606,FGDYKTTICGKGLSATVTGG,40,0.341681,0.15827325816029475
23607,FYTTGAVRQIFGDYKTTICG,40,0.139104,0.2835541286261909
23608,GSNLLSICKTAEFQMTFHLF,40,0.0,0.26538311036562995
23609,KGLSATVTGGQKGRGSFGQH,40,0.0,0.2195012453367658
23610,LVGAPFASLVATGLCFFGVA,40,0.0,0.14700288835653144
23611,LYGALLLAYGFYTTGAVRQI,40,0.0,0.34751089116731465
23612,PWNAFPGKVCGSNLLSICKT,40,0.0,0.18115231263746293
23613,KRHRKVLRDNIQGITKPAIRRLAR,40,0.42806000000000005,0.2691398455853286
23614,LPKPPKPVSKMRMATPLLMGALPM,40,0.640305,0.4746050392209879
23615,TYTEHAKRKTVTAMDVVYALKRQG,40,0.34130900000000003,0.2089670282707458
23616,YLPKPPKPVSKLRLATPLLLQALPL,40,0.32664899999999997,0.3525313085391534
23617,AAQYRPAAAAA,41,0.5949979999999999,0.42431013773228826
23618,AAVHAAHAAAAAA,41,0.8718739999999999,0.36829476588245397
23619,ISQAVHAAHAEINEAGR,41,0.702501,0.47973061375656983
23620,AQFMWIIRKRIQLP,42,0.5653279999999999,0.28709027679331095
23621,KPLLIIAEDVEGEY,42,0.11908900000000001,0.19731525121582436
23622,DGKTPRAVNACGIN,42,0.0,0.11590149245513019
23623,ELYKYKVVKIEPLGV,42,0.752035,0.36940446941461097
23624,ESWIVDRQWAQDLTL,42,0.0,0.20464348441586472
23625,GWLCKMHTGIVRDKK,42,0.48676499999999995,0.20437545766163426
23626,IGRIAETILGYNPSA,42,0.18151199999999998,0.23533954411053826
23627,LESILIKPSNSEDLL,42,0.103878,0.20792215808269462
23628,MILVGVIMMFLSLGV,42,0.017091,0.060455558422744415
23629,NKGILVTVNPIASTN,42,0.0,0.164083501614962
23630,PSLTMACMAKQSQTP,42,0.131443,0.1385589240705362
23631,SCDDWLGGSVAEDID,42,0.0,0.04977141688824255
23632,SCKSCWQKFDSLVRC,42,0.391344,0.18994032841589595
23633,VFGSAFQGLFGGLNW,42,0.062461,0.17623020477665993
23634,VKDKYMWCYSQVNKR,42,0.39265,0.27560653265674767
23635,VWDKYGWLCKMHTGI,42,0.24969499999999997,0.22957345795727294
23636,YLGPLSCKSCWQKFD,42,0.084387,0.0736526952590772
23637,YPFIEQEGPEFFDQE,42,0.188747,0.15773036766757528
23638,YRKILRQRKIDRLID,42,0.6482220000000001,0.21509630786289036
23639,ESWIVDRQWAQDLTL,42,0.190605,0.03233390103754899
23640,GWLCKMHTGIVRDKK,42,0.532946,0.03366296914910254
23641,HESNYNTRATNYNRG,42,0.179846,0.06849385483561239
23642,KVYERCEFARTLKRN,42,0.19959000000000002,0.31618177015432813
23643,LESILIKPSNSEDLL,42,0.10416199999999999,0.0887675029047105
23644,NYNTRATNYNRGDQS,42,0.015557,0.0953720352269517
23645,PSLTMACMAKQSQTP,42,0.09585,0.0419315986715016
23646,SCDDWLGGSVAEDID,42,0.0,0.045448288056831744
23647,SCKSCWQKFDSLVRC,42,0.40697300000000003,0.08862093654850828
23648,TRATNYNRGDQSTDY,42,0.0,0.044295096005225215
23649,VFGSAFQGLFGGLNW,42,0.111417,0.07476799975134629
23650,VWDKYGWLCKMHTGI,42,0.24982600000000002,0.1672153782313237
23651,YLGPLSCKSCWQKFD,42,0.084687,0.034725155099490486
23652,KYLEFISEAIIHVLHSR,42,0.309802,0.2778999527291021
23653,YAHAAHAAHAAHAAHAA,42,0.13054100000000002,0.07603766161151174
23654,LPKPPKPVSKMRMATPLLMGALPM,42,0.396935,0.3966497469589395
23655,FEDKGSLENIARD,43,0.0,0.06260872479012491
23656,YDDNGAKQNAAER,43,0.0,0.06131869223601885
23657,KPLLIIAEDVEGEY,43,0.0,0.4073384136440305
23658,ELYKYKVVKIEPLGV,43,0.494856,0.5797553261659589
23659,IGRIAETILGYNPSA,43,0.23526799999999998,0.5308783161245652
23660,YPFIEQEGPEFFDQE,43,0.149286,0.5608815356799759
23661,YRKILRQRKIDRLID,43,0.6761739999999999,0.37503732820761176
23662,YAHAAHAAHAAHAAHAA,43,0.416667,0.08183337181530388
23663,LPKPPKPVSKMRMATPLLMGALPM,43,0.45496499999999995,0.6716232858779079
